1,140,181
1,139,180
1,139,181
1,139,182
1,140,180
1,140,182
1,141,180
1,141,181
1,141,182
1,139,179
1,140,179
1,139,183
1,140,183
1,141,179
1,141,183
1,139,178
1,140,178
1,141,178
1,139,184
1,140,184
1,141,184
1,139,177
1,140,177
1,141,177
1,140,185
1,141,185
1,142,185
1,139,176
1,140,176
1,140,186
1,141,186
1,142,186
1,139,175
1,140,175
1,140,187
1,141,187
1,142,187
1,138,174
1,139,174
1,140,174
1,140,188
1,141,188
1,142,188
1,138,173
1,139,173
1,140,173
1,140,189
1,141,189
1,142,189
1,138,172
1,139,172
1,140,172
1,140,190
1,141,190
1,142,190
1,138,171
1,139,171
1,140,191
1,141,191
1,142,191
1,138,170
1,139,170
1,140,192
1,141,192
1,142,192
1,138,169
1,139,169
1,140,169
1,140,193
1,141,193
1,142,193
1,137,168
1,138,168
1,139,168
1,140,194
1,141,194
1,142,194
1,137,167
1,138,167
1,139,167
1,140,195
1,141,195
1,142,195
1,137,166
1,138,166
1,140,196
1,141,196
1,142,196
1,137,165
1,138,165
1,140,197
1,141,197
1,142,197
1,137,164
1,138,164
1,139,164
1,140,198
1,141,198
1,142,198
1,137,163
1,138,163
1,139,163
1,140,199
1,141,199
1,142,199
1,136,162
1,137,162
1,138,162
1,140,200
1,141,200
1,142,200
1,136,161
1,137,161
1,140,201
1,141,201
1,142,201
1,136,160
1,137,160
1,140,202
1,141,202
1,142,202
1,136,159
1,137,159
1,138,159
1,140,203
1,141,203
1,142,203
1,136,158
1,137,158
1,140,204
1,141,204
1,142,204
1,142,205
1,140,205
1,141,205
2,136,157
2,135,156
2,135,157
2,135,158
2,136,156
2,137,156
2,137,157
2,135,155
2,136,155
2,137,155
2,135,154
2,136,154
2,134,153
2,135,153
2,136,153
2,134,152
2,135,152
2,136,152
2,134,151
2,135,151
2,134,150
2,135,150
2,136,150
2,133,149
2,134,149
2,135,149
2,133,148
2,134,148
2,135,148
2,133,147
2,134,147
2,135,147
2,132,146
2,133,146
2,134,146
2,132,145
2,133,145
2,134,145
2,132,144
2,133,144
2,134,144
2,132,143
2,133,143
2,131,142
2,132,142
2,133,142
2,131,141
2,132,141
2,131,140
2,132,140
2,133,140
2,130,139
2,131,139
2,132,139
2,130,138
2,131,138
2,129,137
2,130,137
2,131,137
2,129,136
2,130,136
2,131,136
2,129,135
2,130,135
2,128,134
2,129,134
2,130,134
2,128,133
2,129,133
2,130,133
3,140,229
3,139,228
3,139,229
3,139,230
3,140,228
3,140,230
3,141,228
3,141,229
3,141,230
3,139,227
3,140,227
3,139,231
3,140,231
3,141,227
3,141,231
3,139,226
3,140,226
3,141,226
3,139,232
3,140,232
3,141,232
3,140,225
3,141,225
3,142,225
3,139,233
3,140,233
3,140,224
3,141,224
3,142,224
3,139,234
3,140,234
3,140,223
3,141,223
3,142,223
3,139,235
3,140,235
3,140,222
3,141,222
3,142,222
3,139,236
3,140,236
3,140,221
3,141,221
3,142,221
3,138,237
3,139,237
3,140,237
3,140,220
3,141,220
3,142,220
3,139,238
3,138,238
3,140,238
3,140,219
3,141,219
3,142,219
3,138,239
3,139,239
3,140,218
3,141,218
3,142,218
3,138,240
3,139,240
3,140,217
3,141,217
3,142,217
3,138,241
3,139,241
3,140,216
3,141,216
3,142,216
3,138,242
3,139,242
3,140,215
3,141,215
3,142,215
3,138,243
3,139,243
3,140,214
3,141,214
3,142,214
3,138,244
3,140,213
3,141,213
3,142,213
3,138,245
3,140,212
3,141,212
3,142,212
3,137,246
3,138,246
3,139,246
3,140,211
3,141,211
3,142,211
3,137,247
3,138,247
3,140,210
3,141,210
3,142,210
3,137,248
3,140,209
3,141,209
3,142,209
3,137,249
3,140,208
3,141,208
3,142,208
3,137,250
3,138,250
4,124,123
4,123,122
4,123,123
4,124,122
4,124,124
4,125,122
4,125,123
4,125,124
4,122,121
4,122,122
4,123,121
4,124,121
4,124,125
4,125,125
4,126,124
4,126,125
4,121,120
4,122,120
4,123,120
4,124,120
4,124,126
4,125,126
4,126,126
4,127,125
4,127,126
4,121,119
4,122,119
4,123,119
4,125,127
4,126,127
4,127,127
4,120,118
4,121,118
4,122,118
4,123,118
4,125,128
4,126,128
4,127,128
4,128,128
4,120,117
4,121,117
4,122,117
4,126,129
4,127,129
4,128,129
4,119,116
4,120,116
4,121,116
4,122,116
4,126,130
4,127,130
4,128,130
4,129,130
4,118,115
4,119,115
4,120,115
4,121,115
4,127,131
4,128,131
4,129,131
4,118,114
4,119,114
4,120,114
4,127,132
4,128,132
4,129,132
4,130,132
4,117,113
4,118,113
4,119,113
4,116,112
4,117,112
4,118,112
4,119,112
4,115,111
4,116,111
4,117,111
4,118,111
4,114,110
4,115,110
4,116,110
4,117,110
4,113,109
4,114,109
4,115,109
4,116,109
4,113,108
4,114,108
4,115,108
4,116,108
4,113,107
4,114,107
4,115,107
4,113,106
4,114,106
6,126,279
6,125,279
6,125,280
6,126,278
6,126,280
6,127,278
6,127,279
6,127,280
6,124,281
6,125,281
6,126,281
6,126,277
6,127,277
6,128,277
6,128,278
6,128,279
6,123,281
6,123,282
6,124,282
6,125,282
6,126,282
6,127,276
6,128,276
6,129,276
6,129,277
6,122,283
6,123,283
6,124,283
6,125,283
6,129,275
6,128,275
6,130,275
6,122,284
6,123,284
6,124,284
6,125,284
6,129,274
6,130,274
6,122,285
6,123,285
6,124,285
6,129,273
6,130,273
6,131,273
6,121,286
6,122,286
6,123,286
6,124,286
6,129,272
6,130,272
6,131,272
6,121,287
6,122,287
6,123,287
6,130,271
6,131,271
6,120,288
6,121,288
6,122,288
6,130,270
6,131,270
6,132,270
6,119,289
6,120,289
6,121,289
6,122,289
6,131,269
6,132,269
6,118,290
6,119,290
6,120,290
6,121,290
6,132,268
6,133,268
6,117,291
6,118,291
6,119,291
6,120,291
6,131,267
6,132,267
6,133,267
6,133,265
6,133,266
6,118,292
6,119,292
7,109,107
7,108,106
7,108,107
7,108,108
7,109,106
7,109,108
7,110,107
7,110,108
7,107,105
7,107,106
7,107,107
7,108,105
7,107,108
7,109,109
7,110,109
7,111,108
7,111,109
7,106,104
7,106,105
7,106,106
7,106,107
7,110,110
7,111,110
7,112,109
7,112,110
7,105,103
7,105,104
7,105,105
7,105,106
7,111,111
7,112,111
7,113,110
7,113,111
7,104,103
7,104,104
7,104,105
7,104,106
7,112,112
7,113,112
7,114,111
7,114,112
7,103,102
7,103,103
7,103,104
7,103,105
7,115,112
7,102,102
7,102,103
7,102,104
7,102,105
7,116,113
7,101,102
7,101,103
7,101,104
7,101,105
7,100,101
7,100,102
7,100,103
7,100,104
7,99,101
7,99,102
7,99,103
7,99,104
7,98,101
8,107,296
8,106,295
8,106,296
8,106,297
8,107,295
8,107,297
8,108,295
8,108,296
8,108,297
8,105,295
8,105,296
8,107,294
8,105,297
8,105,298
8,108,294
8,109,294
8,109,295
8,109,296
8,104,295
8,104,296
8,104,297
8,104,298
8,109,293
8,110,293
8,110,294
8,110,295
8,110,296
8,103,296
8,103,297
8,103,298
8,111,292
8,111,293
8,111,294
8,111,295
8,102,296
8,102,297
8,102,298
8,112,292
8,112,293
8,112,294
8,101,296
8,101,297
8,101,298
8,113,292
8,113,293
8,113,294
8,100,297
8,100,298
9,111,297
9,110,297
9,110,298
9,111,296
9,111,298
9,112,296
9,112,297
9,112,298
9,109,297
9,109,298
9,109,299
9,110,299
9,111,299
9,112,295
9,113,295
9,113,296
9,113,297
9,108,298
9,108,299
9,108,300
9,109,300
9,114,294
9,114,295
9,114,296
9,114,297
9,107,298
9,107,299
9,107,300
9,115,293
9,115,294
9,115,295
9,115,296
9,106,298
9,106,299
9,106,300
9,106,301
9,116,292
9,116,293
9,116,294
9,116,295
9,105,299
9,105,300
9,105,301
9,117,292
9,117,293
9,117,294
9,104,299
9,104,300
9,104,301
9,118,293
9,103,299
9,103,300
9,103,301
10,114,292
10,113,291
10,114,291
10,114,293
10,115,291
10,115,292
10,114,290
10,115,290
10,116,290
10,116,291
10,115,289
10,116,289
10,117,289
10,117,290
10,116,288
10,117,288
10,118,288
10,118,289
10,118,287
10,119,287
10,119,288
10,120,287
11,125,275
11,124,274
11,124,275
11,124,276
11,125,274
11,125,276
11,126,274
11,126,275
11,126,276
11,123,274
11,123,275
11,123,276
11,123,277
11,124,277
11,127,275
11,122,274
11,122,275
11,122,276
11,122,277
11,121,274
11,121,275
11,121,276
11,121,277
11,120,274
11,120,275
11,120,276
11,120,277
11,119,275
11,119,276
11,119,277
11,118,274
11,118,275
11,118,276
11,117,274
11,117,275
11,117,276
11,116,274
11,116,275
12,109,104
12,108,103
12,108,104
12,109,103
12,109,105
12,110,103
12,110,104
12,110,105
12,107,102
12,107,103
12,108,102
12,109,102
12,110,106
12,111,104
12,111,105
12,111,106
12,106,101
12,106,102
12,106,103
12,107,101
12,108,101
12,111,107
12,112,104
12,112,105
12,112,106
12,112,107
12,105,100
12,105,101
12,105,102
12,106,100
12,112,108
12,113,105
12,104,100
12,104,101
12,104,102
12,103,99
12,103,100
12,103,101
12,102,99
12,102,100
12,102,101
12,101,99
12,101,100
12,100,99
12,100,100
12,99,99
13,132,266
13,132,265
13,132,264
13,133,264
13,133,263
13,134,263
13,134,264
13,134,265
13,133,262
13,134,262
13,135,262
13,133,261
13,134,261
13,135,261
13,134,260
13,135,260
13,134,259
13,135,259
13,134,258
13,135,258
13,136,258
13,135,257
13,136,257
13,135,256
13,136,256
13,135,255
13,136,255
13,137,255
13,136,254
13,137,254
13,136,253
13,137,253
13,136,252
13,137,252
13,136,251
13,137,251
13,138,251
14,105,98
14,104,97
14,104,98
14,105,97
14,105,99
14,106,97
14,106,98
14,106,99
14,103,96
14,103,97
14,103,98
14,104,96
14,105,96
14,106,96
14,107,96
14,107,97
14,107,98
14,107,99
14,107,100
14,102,96
14,102,97
14,102,98
14,108,97
14,108,98
14,108,99
14,108,100
14,101,96
14,101,97
14,109,97
14,109,98
14,109,99
14,109,100
14,109,101
14,100,96
14,100,97
14,110,97
14,110,98
14,110,99
14,110,100
14,99,96
14,99,97
14,111,97
14,111,98
14,111,99
14,111,100
14,98,96
14,98,97
14,112,97
14,112,98
14,112,99
14,112,100
14,112,101
14,97,96
14,97,97
14,113,97
14,113,98
14,113,99
14,113,100
14,113,101
14,114,97
14,114,98
14,114,99
14,114,100
14,114,101
14,114,102
14,115,97
14,115,98
14,115,99
14,115,100
14,115,101
15,64,136
15,63,135
15,63,136
15,63,137
15,64,135
15,64,137
15,65,135
15,65,136
15,65,137
15,62,134
15,62,135
15,62,136
15,63,134
15,64,134
15,62,137
15,62,138
15,63,138
15,64,138
15,65,134
15,65,138
15,66,134
15,66,135
15,63,133
15,61,137
15,64,133
15,65,133
15,61,138
15,61,139
15,62,139
15,63,139
15,64,139
15,65,139
15,66,133
15,63,132
15,64,132
15,65,132
15,66,132
15,60,140
15,61,140
15,62,140
15,63,140
15,64,140
15,67,132
15,63,131
15,64,131
15,65,131
15,66,131
15,67,131
15,60,141
15,61,141
15,62,141
15,63,141
15,64,141
15,64,130
15,65,130
15,66,130
15,67,130
15,68,130
15,60,142
15,61,142
15,62,142
15,63,142
15,64,142
15,64,129
15,65,129
15,66,129
15,67,129
15,68,129
15,60,143
15,61,143
15,62,143
15,63,143
15,65,128
15,66,128
15,67,128
15,68,128
15,59,144
15,60,144
15,61,144
15,62,144
15,63,144
15,65,127
15,66,127
15,67,127
15,68,127
15,69,127
15,59,145
15,60,145
15,61,145
15,62,145
15,63,145
15,66,126
15,67,126
15,68,126
15,69,126
15,59,146
15,60,146
15,61,146
15,62,146
15,66,125
15,67,125
15,68,125
15,69,125
15,70,125
15,58,147
15,59,147
15,60,147
15,61,147
15,62,147
15,66,124
15,67,124
15,68,124
15,69,124
15,70,124
15,58,148
15,59,148
15,60,148
15,61,148
15,62,148
15,67,123
15,68,123
15,69,123
15,70,123
15,71,123
15,58,149
15,59,149
15,60,149
15,61,149
15,62,149
15,67,122
15,68,122
15,69,122
15,70,122
15,71,122
15,58,150
15,59,150
15,60,150
15,61,150
15,68,121
15,69,121
15,70,121
15,71,121
15,72,121
15,57,151
15,58,151
15,59,151
15,60,151
15,61,151
15,68,120
15,69,120
15,70,120
15,71,120
15,72,120
15,57,152
15,58,152
15,59,152
15,60,152
15,61,152
15,69,119
15,70,119
15,71,119
15,72,119
15,57,153
15,58,153
15,59,153
15,60,153
15,61,153
15,69,118
15,71,118
15,72,118
15,73,118
15,57,154
15,58,154
15,59,154
15,60,154
15,61,154
15,71,117
15,72,117
15,73,117
15,57,155
15,58,155
15,59,155
15,60,155
15,56,156
15,57,156
15,58,156
15,59,156
15,60,156
15,56,157
15,57,157
15,58,157
15,59,157
15,60,157
15,56,158
15,57,158
15,58,158
15,59,158
15,60,158
15,56,159
15,57,159
15,58,159
15,59,159
15,60,159
15,56,160
15,57,160
15,58,160
15,59,160
15,56,161
15,57,161
15,58,161
15,59,161
15,55,162
15,56,162
15,57,162
15,58,162
15,59,162
15,55,163
15,56,163
15,57,163
15,58,163
15,59,163
15,55,164
15,56,164
15,57,164
15,58,164
15,59,164
15,55,165
15,56,165
15,57,165
15,58,165
15,59,165
15,55,166
15,56,166
15,57,166
15,58,166
15,59,166
15,55,167
15,56,167
15,57,167
15,58,167
15,55,168
15,56,168
15,57,168
15,58,168
15,54,169
15,55,169
15,56,169
15,57,169
15,58,169
16,56,178
16,55,177
16,55,178
16,55,179
16,56,177
16,56,179
16,57,177
16,57,178
16,57,179
16,54,176
16,54,177
16,54,178
16,55,176
16,56,176
16,54,179
16,54,180
16,55,180
16,56,180
16,57,176
16,57,180
16,54,175
16,55,175
16,53,178
16,53,179
16,56,175
16,57,175
16,53,180
16,53,181
16,54,181
16,55,181
16,56,181
16,57,181
16,54,174
16,55,174
16,56,174
16,57,174
16,58,174
16,53,182
16,54,182
16,55,182
16,56,182
16,57,182
16,54,173
16,55,173
16,56,173
16,57,173
16,54,183
16,55,183
16,56,183
16,57,183
16,54,172
16,55,172
16,56,172
16,57,172
16,53,184
16,54,184
16,55,184
16,56,184
16,57,184
16,54,171
16,55,171
16,56,171
16,57,171
16,58,171
16,53,185
16,54,185
16,55,185
16,56,185
16,57,185
16,54,170
16,55,170
16,56,170
16,57,170
16,58,170
16,54,186
16,55,186
16,56,186
16,57,186
16,53,187
16,54,187
16,55,187
16,56,187
16,57,187
16,53,188
16,54,188
16,55,188
16,56,188
16,57,188
16,53,189
16,54,189
16,55,189
16,56,189
16,57,189
16,53,190
16,54,190
16,55,190
16,56,190
16,57,190
16,53,191
16,54,191
16,55,191
16,56,191
16,53,192
16,54,192
16,55,192
16,56,192
16,57,192
16,53,193
16,54,193
16,55,193
16,56,193
16,57,193
16,53,194
16,54,194
16,55,194
16,53,195
16,54,195
16,55,195
16,56,195
16,53,196
16,54,196
16,55,196
16,56,196
16,57,196
16,53,197
16,54,197
16,55,197
16,56,197
16,57,197
16,53,198
16,54,198
16,55,198
16,53,199
16,54,199
16,55,199
16,56,198
16,53,200
16,53,201
17,101,301
17,100,300
17,100,301
17,101,300
17,102,300
17,102,301
17,99,301
17,99,300
17,102,299
17,98,301
17,97,301
17,96,301
17,95,301
18,56,215
18,55,214
18,55,215
18,55,216
18,56,214
18,56,216
18,57,214
18,57,215
18,57,216
18,54,213
18,54,214
18,54,215
18,55,213
18,56,213
18,54,216
18,54,217
18,55,217
18,56,217
18,57,213
18,57,217
18,53,212
18,53,213
18,53,214
18,54,212
18,55,212
18,53,215
18,53,216
18,56,212
18,57,212
18,54,218
18,55,218
18,56,218
18,57,218
18,53,211
18,54,211
18,55,211
18,56,211
18,57,211
18,54,219
18,55,219
18,56,219
18,57,219
18,53,210
18,54,210
18,55,210
18,56,210
18,57,210
18,54,220
18,55,220
18,56,220
18,57,220
18,58,220
18,53,209
18,54,209
18,55,209
18,56,209
18,57,209
18,54,221
18,55,221
18,56,221
18,57,221
18,58,221
18,53,208
18,54,208
18,55,208
18,56,208
18,57,208
18,54,222
18,55,222
18,56,222
18,57,222
18,53,207
18,54,207
18,55,207
18,56,207
18,57,207
18,54,223
18,55,223
18,56,223
18,57,223
18,53,206
18,54,206
18,55,206
18,56,206
18,57,206
18,54,224
18,55,224
18,56,224
18,57,224
18,58,224
18,54,205
18,55,205
18,56,205
18,57,205
18,54,225
18,55,225
18,56,225
18,57,225
18,53,204
18,54,204
18,55,204
18,56,204
18,57,204
18,54,226
18,55,226
18,56,226
18,57,226
18,53,203
18,54,203
18,55,203
18,56,203
18,57,203
18,54,227
18,55,227
18,56,227
18,57,227
18,53,202
18,54,202
18,55,202
18,56,202
18,57,202
18,55,228
18,57,228
18,54,201
18,55,201
18,56,201
18,55,229
18,56,229
18,57,229
18,58,229
18,54,200
18,55,200
18,56,200
18,57,200
18,55,230
18,56,199
18,57,199
18,55,231
18,57,198
18,55,232
18,55,233
18,55,234
18,56,235
19,74,115
19,73,114
19,73,115
19,73,116
19,74,114
19,74,116
19,75,114
19,75,115
19,75,116
19,72,114
19,72,115
19,73,113
19,74,113
19,72,116
19,74,117
19,75,113
19,76,113
19,76,114
19,76,115
19,75,117
19,71,115
19,71,116
19,73,112
19,74,112
19,75,112
19,74,118
19,76,112
19,77,112
19,77,113
19,70,117
19,74,111
19,75,111
19,76,111
19,73,119
19,77,111
19,78,111
19,78,112
19,78,113
19,77,114
19,70,118
19,75,110
19,76,110
19,77,110
19,73,120
19,78,110
19,79,112
19,76,109
19,77,109
19,78,109
19,79,109
19,79,110
19,76,108
19,77,108
19,78,108
19,77,107
19,78,107
20,119,285
20,118,284
20,118,285
20,118,286
20,119,284
20,120,284
20,117,283
20,117,284
20,117,285
20,118,283
20,121,284
20,121,285
20,116,283
20,116,284
20,116,285
20,116,286
20,117,286
20,115,282
20,115,283
20,115,284
20,115,285
20,115,286
20,115,287
20,116,287
20,114,282
20,114,283
20,114,284
20,114,285
20,114,286
20,114,287
20,113,281
20,113,282
20,113,284
20,113,285
20,113,286
20,112,281
20,112,282
20,112,284
20,112,285
20,112,286
20,111,280
20,111,281
20,112,280
20,111,284
20,111,285
20,111,286
20,110,279
20,110,280
20,110,281
20,110,284
20,110,285
20,110,286
20,109,279
20,109,280
20,109,284
20,109,285
20,108,278
20,108,279
20,108,280
20,108,283
20,108,284
20,109,283
20,107,278
20,107,279
20,107,280
20,107,281
20,108,281
20,107,282
20,107,283
20,108,282
20,110,283
20,105,281
20,109,282
20,106,279
20,107,277
20,106,280
20,106,281
20,106,282
20,109,281
21,98,102
21,97,101
21,97,102
21,97,103
21,98,103
21,96,101
21,96,102
21,96,103
21,96,104
21,97,104
21,98,104
21,95,101
21,95,102
21,95,103
21,95,104
21,94,101
21,94,102
21,94,103
21,94,104
21,93,101
21,93,102
21,93,103
21,93,104
21,92,101
21,92,102
21,92,103
21,92,104
21,91,101
21,91,102
21,91,103
21,91,104
21,90,101
21,90,102
21,90,103
21,90,104
21,90,105
21,89,101
21,89,102
21,89,103
21,89,104
21,89,105
21,88,102
21,88,103
21,88,104
21,88,105
21,87,102
21,87,103
21,87,104
21,87,105
21,87,106
21,86,102
21,86,103
21,86,104
21,86,105
21,85,103
21,85,104
21,85,105
21,85,106
21,86,106
21,84,104
21,84,105
21,84,106
21,83,105
21,83,106
22,99,297
22,98,296
22,98,297
22,98,298
22,99,296
22,99,298
22,100,296
22,97,295
22,97,296
22,97,297
22,98,295
22,99,295
22,97,298
22,100,295
22,101,295
22,96,294
22,96,295
22,96,296
22,96,297
22,96,298
22,99,294
22,95,294
22,95,295
22,95,296
22,95,297
22,95,298
22,94,294
22,94,295
22,94,296
22,94,297
22,94,298
22,93,293
22,93,294
22,93,295
22,93,296
22,93,297
22,92,293
22,92,294
22,92,295
22,92,296
22,92,297
22,91,292
22,91,293
22,91,294
22,91,295
22,91,296
22,90,292
22,90,293
22,90,294
22,90,295
22,90,296
22,89,292
22,89,293
22,89,294
22,89,295
22,89,296
22,88,291
22,88,292
22,88,293
22,88,294
22,88,295
22,87,291
22,87,292
22,87,293
22,87,294
22,87,295
22,86,290
22,86,291
22,86,292
22,86,293
22,86,294
22,85,289
22,85,290
22,85,291
22,86,289
22,87,290
22,85,292
22,85,293
22,85,294
22,84,289
22,84,290
22,84,291
22,84,292
22,84,293
22,83,288
22,83,289
22,83,290
22,83,291
22,83,292
22,82,287
22,82,288
22,82,290
22,82,289
22,82,291
22,82,292
22,81,286
22,81,287
22,81,288
22,81,291
22,81,290
25,112,277
25,111,276
25,111,277
25,111,278
25,112,276
25,112,278
25,113,276
25,113,277
25,113,278
25,110,275
25,110,276
25,110,277
25,111,275
25,110,278
25,109,275
25,109,276
25,109,277
25,108,275
25,108,276
25,107,274
25,107,275
25,107,276
25,108,274
25,106,274
25,106,275
25,107,273
25,109,274
25,105,273
25,105,274
25,106,273
25,104,272
25,104,273
25,105,272
25,103,271
25,103,272
25,104,271
25,105,271
25,106,272
25,102,270
25,102,271
25,103,270
25,102,269
25,103,269
25,101,268
26,125,100
26,124,99
26,124,100
26,124,101
26,125,99
26,125,101
26,126,99
26,126,100
26,126,101
26,123,98
26,123,99
26,123,100
26,124,98
26,125,98
26,123,101
26,123,102
26,124,102
26,125,102
26,126,102
26,127,99
26,127,100
26,127,101
26,127,102
26,122,98
26,122,99
26,122,100
26,122,101
26,122,102
26,122,103
26,123,103
26,124,103
26,125,103
26,127,103
26,128,99
26,128,100
26,128,101
26,128,102
26,128,103
26,121,98
26,121,99
26,121,100
26,121,101
26,121,102
26,121,103
26,129,99
26,129,100
26,129,101
26,129,102
26,129,103
26,129,104
26,120,98
26,120,99
26,120,100
26,120,101
26,120,102
26,120,103
26,130,99
26,130,100
26,130,101
26,130,102
26,130,103
26,130,104
26,119,98
26,119,99
26,119,100
26,119,101
26,119,102
26,119,103
26,131,99
26,131,100
26,131,101
26,131,102
26,131,103
26,131,104
26,118,98
26,118,99
26,118,100
26,118,101
26,118,102
26,118,103
26,132,99
26,132,100
26,132,101
26,132,102
26,132,103
26,132,104
26,117,98
26,117,99
26,117,100
26,117,101
26,117,102
26,117,103
26,133,100
26,133,101
26,133,102
26,133,103
26,133,104
26,133,105
26,116,97
26,116,98
26,116,99
26,116,100
26,116,101
26,116,102
26,116,103
26,134,100
26,134,101
26,134,102
26,134,103
26,134,104
26,134,105
26,135,100
26,135,101
26,135,102
26,135,103
26,135,104
26,135,105
26,136,100
26,136,101
26,136,102
26,136,103
26,136,104
26,136,105
26,137,100
26,137,101
26,137,102
26,137,103
26,137,104
26,137,105
26,138,100
26,138,101
26,138,102
26,138,103
26,138,104
26,138,105
26,139,101
26,139,102
26,139,103
26,139,104
26,139,105
26,140,101
26,140,102
26,140,103
26,140,104
26,140,105
26,140,106
26,141,101
26,141,102
26,141,103
26,141,104
26,141,105
26,141,106
26,142,101
26,142,102
26,142,103
26,142,104
26,142,105
26,143,101
26,143,102
26,143,103
26,143,104
26,143,105
26,143,106
26,144,102
26,144,103
26,144,104
26,144,105
26,144,106
26,145,102
26,145,103
26,145,104
26,145,105
26,145,106
26,146,102
26,146,103
26,146,104
26,146,105
26,146,106
26,146,107
26,147,102
26,147,103
26,147,104
26,147,105
26,147,106
26,147,107
26,148,103
26,148,104
26,148,105
26,148,106
26,148,107
26,149,103
26,149,104
26,149,105
26,149,106
26,149,107
26,150,103
26,150,104
26,150,105
26,150,106
26,150,107
26,150,108
26,151,103
26,151,104
26,151,105
26,151,106
26,151,107
26,151,108
26,152,104
26,152,105
26,152,106
26,152,107
26,152,108
26,153,104
26,153,105
26,153,106
26,153,107
26,153,108
26,154,104
26,154,105
26,154,106
26,154,107
26,154,108
26,154,109
26,155,104
26,155,105
26,155,106
26,155,107
26,156,105
26,156,106
26,156,107
26,156,108
26,157,105
26,157,106
26,157,107
26,157,108
26,156,109
26,157,109
26,158,105
26,158,106
26,158,107
26,158,108
26,155,108
28,97,207
28,96,206
28,96,207
28,96,208
28,97,206
28,97,208
28,98,206
28,98,207
28,98,208
28,95,205
28,95,206
28,95,207
28,96,205
28,97,205
28,96,209
28,97,209
28,98,205
28,98,209
28,99,205
28,99,206
28,99,207
28,99,208
28,99,209
28,95,204
28,96,204
28,97,204
28,98,204
28,96,210
28,97,210
28,98,210
28,99,204
28,99,210
28,100,205
28,100,206
28,100,207
28,100,208
28,100,209
28,100,210
28,95,203
28,96,203
28,97,203
28,98,203
28,99,203
28,96,211
28,97,211
28,98,211
28,99,211
28,100,211
28,95,202
28,96,202
28,97,202
28,98,202
28,99,202
28,96,212
28,97,212
28,98,212
28,99,212
28,100,212
28,95,201
28,96,201
28,97,201
28,98,201
28,99,201
28,96,213
28,97,213
28,98,213
28,99,213
28,100,213
28,95,200
28,96,200
28,97,200
28,98,200
28,99,200
28,96,214
28,97,214
28,98,214
28,99,214
28,100,214
28,101,214
28,95,199
28,96,199
28,97,199
28,98,199
28,99,199
28,96,215
28,97,215
28,98,215
28,99,215
28,100,215
28,95,198
28,96,198
28,97,198
28,98,198
28,99,198
28,96,216
28,97,216
28,98,216
28,99,216
28,100,216
28,95,197
28,96,197
28,97,197
28,98,197
28,99,197
28,97,217
28,98,217
28,99,217
28,100,217
28,101,215
28,95,196
28,96,196
28,97,196
28,98,196
28,99,196
28,97,218
28,98,218
28,99,218
28,100,218
28,95,195
28,96,195
28,97,195
28,98,195
28,99,195
28,97,219
28,98,219
28,99,219
28,100,219
28,95,194
28,96,194
28,97,194
28,98,194
28,99,194
28,98,220
28,99,220
28,100,220
28,101,220
28,95,193
28,96,193
28,97,193
28,98,193
28,99,193
28,98,221
28,99,221
28,100,221
28,101,221
28,95,192
28,96,192
28,97,192
28,98,192
28,99,192
28,98,222
28,99,222
28,100,222
28,101,222
28,95,191
28,96,191
28,97,191
28,98,191
28,99,191
28,98,223
28,99,223
28,100,223
28,101,223
28,96,190
28,97,190
28,98,190
28,99,190
28,98,224
28,99,224
28,100,224
28,101,224
28,102,224
28,95,189
28,96,189
28,97,189
28,98,189
28,99,189
28,98,225
28,99,225
28,100,225
28,101,225
28,102,225
28,95,188
28,96,188
28,97,188
28,98,188
28,99,188
28,99,226
28,100,226
28,101,226
28,102,226
28,103,226
28,95,187
28,96,187
28,97,187
28,98,187
28,99,187
28,99,227
28,100,227
28,101,227
28,102,227
28,95,186
28,96,186
28,97,186
28,98,186
28,99,186
28,99,228
28,100,228
28,101,228
28,102,228
29,58,234
29,57,233
29,57,234
29,57,235
29,58,233
29,58,235
29,59,233
29,59,234
29,59,235
29,56,232
29,56,233
29,56,234
29,57,232
29,58,232
29,56,236
29,57,236
29,58,236
29,59,232
29,59,236
29,60,235
29,56,231
29,57,231
29,58,231
29,59,231
29,56,237
29,57,237
29,58,237
29,59,237
29,60,237
29,60,236
29,56,230
29,57,230
29,58,230
29,59,230
29,56,238
29,57,238
29,58,238
29,59,238
29,60,238
29,59,229
29,57,239
29,58,239
29,59,239
29,60,239
29,58,228
29,59,228
29,57,240
29,58,240
29,59,240
29,60,240
29,58,227
29,57,241
29,58,241
29,59,241
29,60,241
29,58,226
29,57,242
29,58,242
29,59,242
29,60,242
29,61,242
29,58,225
29,57,243
29,58,243
29,59,243
29,60,243
29,61,243
29,57,244
29,58,244
29,59,244
29,60,244
29,61,244
29,58,245
29,59,245
29,60,245
29,61,245
29,58,246
29,59,246
29,60,246
29,61,246
29,58,247
29,59,247
29,60,247
29,61,247
29,58,248
29,59,248
29,60,248
29,61,248
29,62,248
29,59,249
29,60,249
29,61,249
29,62,249
29,59,250
29,60,250
29,61,250
29,62,250
29,59,251
29,60,251
29,61,251
29,62,251
29,60,252
29,61,252
29,62,252
29,63,252
29,60,253
29,61,253
29,62,253
29,63,253
29,60,254
29,61,254
29,62,254
29,63,254
29,60,255
29,61,255
29,63,255
29,61,256
29,63,256
29,62,256
29,62,255
31,80,108
31,79,107
31,79,108
31,80,107
31,80,109
31,81,107
31,81,108
31,81,109
31,78,106
31,79,106
31,80,106
31,81,106
31,80,110
31,81,110
31,82,106
31,82,107
31,82,108
31,79,105
31,80,105
31,81,105
31,82,105
31,79,111
31,80,111
31,83,107
31,83,108
33,102,147
33,101,146
33,101,147
33,101,148
33,102,146
33,102,148
33,103,146
33,103,147
33,103,148
33,100,147
33,101,145
33,102,145
33,100,148
33,100,149
33,101,149
33,102,149
33,103,145
33,103,149
33,104,145
33,104,146
33,104,147
33,104,148
33,104,149
33,101,144
33,102,144
33,103,144
33,100,150
33,101,150
33,102,150
33,103,150
33,104,144
33,104,150
33,105,144
33,105,145
33,105,146
33,105,147
33,105,148
33,102,143
33,103,143
33,104,143
33,99,151
33,100,151
33,101,151
33,102,151
33,103,151
33,104,151
33,105,143
33,106,143
33,106,144
33,102,142
33,103,142
33,104,142
33,105,142
33,99,152
33,100,152
33,101,152
33,102,152
33,103,152
33,104,152
33,106,142
33,102,141
33,103,141
33,104,141
33,105,141
33,106,141
33,99,153
33,100,153
33,101,153
33,102,153
33,103,153
33,107,141
33,102,140
33,103,140
33,104,140
33,105,140
33,106,140
33,107,140
33,99,154
33,100,154
33,101,154
33,102,154
33,103,154
33,103,139
33,104,139
33,105,139
33,106,139
33,107,139
33,99,155
33,100,155
33,101,155
33,102,155
33,103,155
33,103,138
33,104,138
33,105,138
33,106,138
33,107,138
33,98,156
33,99,156
33,100,156
33,101,156
33,102,156
33,103,156
33,103,137
33,104,137
33,105,137
33,106,137
33,107,137
33,108,137
33,98,157
33,99,157
33,100,157
33,101,157
33,102,157
33,104,136
33,105,136
33,106,136
33,107,136
33,108,136
33,98,158
33,99,158
33,100,158
33,101,158
33,102,158
33,104,135
33,105,135
33,106,135
33,107,135
33,108,135
33,98,159
33,99,159
33,100,159
33,101,159
33,102,159
33,104,134
33,105,134
33,106,134
33,107,134
33,108,134
33,109,134
33,98,160
33,99,160
33,100,160
33,101,160
33,102,160
33,105,133
33,106,133
33,107,133
33,108,133
33,109,133
33,97,161
33,98,161
33,99,161
33,100,161
33,101,161
33,102,161
33,105,132
33,106,132
33,107,132
33,108,132
33,109,132
33,97,162
33,98,162
33,99,162
33,100,162
33,101,162
33,102,162
33,105,131
33,106,131
33,107,131
33,108,131
33,109,131
33,110,131
33,97,163
33,98,163
33,99,163
33,100,163
33,101,163
33,106,130
33,107,130
33,108,130
33,109,130
33,110,130
33,97,164
33,98,164
33,99,164
33,100,164
33,101,164
33,106,129
33,107,129
33,108,129
33,109,129
33,110,129
33,97,165
33,98,165
33,99,165
33,100,165
33,101,165
33,106,128
33,107,128
33,108,128
33,109,128
33,110,128
33,97,166
33,98,166
33,99,166
33,100,166
33,101,166
33,106,127
33,107,127
33,108,127
33,109,127
33,110,127
33,111,127
33,97,167
33,98,167
33,99,167
33,100,167
33,101,167
33,108,126
33,109,126
33,110,126
33,111,126
33,96,168
33,97,168
33,98,168
33,99,168
33,100,168
33,101,168
33,107,126
33,96,169
33,97,169
33,98,169
33,99,169
33,100,169
33,101,169
33,96,170
33,97,170
33,98,170
33,99,170
33,100,170
33,96,171
33,97,171
33,98,171
33,99,171
33,100,171
33,96,172
33,97,172
33,98,172
33,99,172
33,100,172
33,96,173
33,97,173
33,98,173
33,99,173
33,100,173
33,96,174
33,97,174
33,98,174
33,99,174
33,100,174
33,96,175
33,97,175
33,98,175
33,99,175
33,100,175
33,96,176
33,97,176
33,98,176
33,99,176
33,100,176
33,96,177
33,97,177
33,98,177
33,99,177
33,100,177
33,95,178
33,96,178
33,97,178
33,98,178
33,99,178
33,100,178
33,95,179
33,96,179
33,97,179
33,98,179
33,99,179
33,100,179
33,95,180
33,96,180
33,97,180
33,98,180
33,99,180
33,100,180
33,95,181
33,96,181
33,97,181
33,98,181
33,99,181
33,100,181
33,95,182
33,96,182
33,97,182
33,98,182
33,99,182
33,95,183
33,96,183
33,97,183
33,98,183
33,99,183
33,95,184
33,96,184
33,97,184
33,98,184
33,99,184
33,95,185
33,96,185
33,97,185
33,98,185
33,99,185
34,166,110
34,165,109
34,165,110
34,165,111
34,166,109
34,166,111
34,167,109
34,167,110
34,167,111
34,164,108
34,164,109
34,164,110
34,165,108
34,166,108
34,164,111
34,164,112
34,165,112
34,166,112
34,167,112
34,168,109
34,168,110
34,168,111
34,168,112
34,163,107
34,163,108
34,163,109
34,164,107
34,163,110
34,163,111
34,166,113
34,167,113
34,168,113
34,169,110
34,169,111
34,169,112
34,169,113
34,162,107
34,162,108
34,162,109
34,162,110
34,162,111
34,169,114
34,170,110
34,170,111
34,170,112
34,170,113
34,161,106
34,161,107
34,161,108
34,161,109
34,161,110
34,161,111
34,171,110
34,171,111
34,171,112
34,171,113
34,171,114
34,160,106
34,160,107
34,160,108
34,160,109
34,160,110
34,160,111
34,172,111
34,172,112
34,172,113
34,172,114
34,171,115
34,159,106
34,159,107
34,159,108
34,159,109
34,159,110
34,173,111
34,173,112
34,173,113
34,173,114
34,173,115
34,158,109
34,158,110
34,174,112
34,174,113
34,174,114
34,174,115
34,175,112
34,175,113
34,175,114
34,175,115
34,176,112
34,176,113
34,176,114
34,176,115
34,176,116
34,177,113
34,177,114
34,177,115
34,177,116
34,175,117
34,176,117
34,177,117
34,178,114
34,178,115
34,178,116
34,178,117
34,179,114
34,179,115
34,179,116
34,179,117
34,180,115
34,180,116
34,180,117
34,181,116
34,181,117
34,181,118
34,182,116
34,182,117
34,182,118
34,180,119
34,181,115
34,183,117
34,183,118
34,183,119
34,184,116
34,184,117
34,184,118
34,182,119
34,184,119
34,182,120
34,185,117
34,185,118
34,185,119
34,185,120
34,186,117
34,186,118
34,186,119
34,186,120
34,184,121
34,187,118
34,187,119
34,187,120
34,187,121
34,188,121
36,103,303
36,102,302
36,102,303
36,102,304
36,103,302
36,103,304
36,104,302
36,104,303
36,104,304
36,101,302
36,101,303
36,101,304
36,105,302
36,105,303
36,105,304
36,100,302
36,100,303
36,100,304
36,106,302
36,106,303
36,106,304
36,99,302
36,99,303
36,99,304
36,107,302
36,107,303
36,107,304
36,98,302
36,98,303
36,98,304
36,108,301
36,108,302
36,108,303
36,108,304
36,97,302
36,97,303
36,97,304
36,109,301
36,109,302
36,109,303
36,109,304
36,96,302
36,96,303
36,110,301
36,110,302
36,110,303
36,110,304
36,95,302
36,95,303
36,111,300
36,111,301
36,111,302
36,111,303
36,111,304
36,94,302
36,94,303
36,112,300
36,112,301
36,112,302
36,112,303
36,93,302
36,113,299
36,113,300
36,113,301
36,113,302
36,113,303
36,92,301
36,92,302
36,114,300
36,114,301
36,114,302
36,114,303
36,115,299
36,115,300
36,115,301
36,115,302
36,115,303
36,114,299
36,116,303
36,116,299
36,116,300
36,116,301
36,116,302
40,95,300
40,94,299
40,94,300
40,95,299
40,96,299
40,96,300
40,93,299
40,93,300
40,97,300
40,92,299
40,92,300
40,98,300
40,91,299
40,90,298
40,90,299
40,91,298
40,89,297
40,89,298
40,88,297
40,88,298
40,87,297
40,86,296
40,85,295
40,85,296
40,87,296
40,84,295
46,64,259
46,63,258
46,63,259
46,63,260
46,64,258
46,64,260
46,65,258
46,65,259
46,65,260
46,62,257
46,62,258
46,62,259
46,63,257
46,64,257
46,62,260
46,62,261
46,63,261
46,64,261
46,65,257
46,65,261
46,66,260
46,66,261
46,61,257
46,64,256
46,63,262
46,64,262
46,65,262
46,66,262
46,64,255
46,63,263
46,64,263
46,65,263
46,66,263
46,67,263
46,64,254
46,63,264
46,64,264
46,65,264
46,66,264
46,67,264
46,67,262
46,64,253
46,64,265
46,65,265
46,66,265
46,67,265
46,68,265
46,64,266
46,65,266
46,66,266
46,67,266
46,68,266
46,65,267
46,66,267
46,67,267
46,68,267
46,65,268
46,66,268
46,67,268
46,68,268
46,69,268
46,65,269
46,66,269
46,67,269
46,68,269
46,69,269
46,70,269
46,66,270
46,67,270
46,68,270
46,69,270
46,66,271
46,67,271
46,68,271
46,69,271
46,70,271
46,67,272
46,68,272
46,69,272
46,70,272
46,67,273
46,68,273
46,69,273
46,70,273
46,68,274
46,70,274
46,69,274
46,71,274
46,68,275
46,69,275
46,70,275
46,71,275
46,71,273
46,72,275
46,69,276
46,70,276
46,71,276
46,72,276
46,69,277
47,119,301
47,118,300
47,118,301
47,118,302
47,119,300
47,119,302
47,120,300
47,120,301
47,120,302
47,117,300
47,117,301
47,118,299
47,119,299
47,117,302
47,117,303
47,118,303
47,120,299
47,121,299
47,121,300
47,121,301
47,121,302
47,117,299
47,122,299
47,122,300
47,122,301
47,122,302
47,116,298
47,118,298
47,123,298
47,123,299
47,123,300
47,123,301
47,123,302
47,119,297
47,124,298
47,124,299
47,124,300
47,124,301
47,124,302
47,125,298
47,125,299
47,125,300
47,125,301
47,125,302
47,126,298
47,126,299
47,126,300
47,126,301
47,127,298
47,127,299
47,127,300
47,127,301
47,128,298
47,128,299
47,128,300
47,128,301
47,129,298
47,129,299
47,129,300
47,129,301
47,130,298
47,130,299
47,130,300
47,130,301
47,131,297
47,131,298
47,131,299
47,131,300
47,131,301
47,132,297
47,132,298
47,132,299
47,132,300
47,133,297
47,133,298
47,133,299
47,133,300
47,134,297
47,134,298
47,134,299
47,134,300
47,135,297
47,135,298
47,135,299
47,135,300
47,136,296
47,136,297
47,136,298
47,136,299
47,136,300
47,137,296
47,137,297
47,137,298
47,137,299
47,137,300
47,138,296
47,138,297
47,138,298
47,138,299
47,139,296
47,139,297
47,139,298
47,139,299
47,140,295
47,140,296
47,140,297
47,140,298
47,140,299
47,141,295
47,141,296
47,141,297
47,141,298
47,141,299
47,142,295
47,142,296
47,142,297
47,142,298
47,143,295
47,143,296
47,143,297
47,143,298
47,144,295
47,144,296
47,144,297
47,145,294
47,145,295
47,145,296
47,145,297
47,145,298
47,146,294
47,146,295
47,146,296
47,146,297
47,147,294
47,147,295
47,147,296
47,147,297
47,148,293
47,148,294
47,148,295
47,148,296
47,148,297
47,149,297
47,149,294
47,149,295
47,149,296
49,72,277
49,71,277
49,71,278
49,72,278
49,73,276
49,73,277
49,73,278
49,70,277
49,70,278
49,71,279
49,72,279
49,73,279
49,73,275
49,74,277
49,74,278
49,74,279
49,71,280
49,72,280
49,73,280
49,74,280
49,72,274
49,75,280
49,72,281
49,73,281
49,74,281
49,75,281
49,72,273
49,76,281
49,72,282
49,73,282
49,74,282
49,75,282
49,71,271
49,71,272
49,73,283
50,150,295
50,150,294
50,150,296
50,151,294
50,151,295
50,151,296
50,149,293
50,150,293
50,151,293
50,152,293
50,152,294
50,152,295
50,152,296
50,152,292
50,153,292
50,153,293
50,153,294
50,153,295
50,154,292
50,154,293
50,154,294
50,154,295
50,155,291
50,155,292
50,155,293
50,155,294
50,155,295
50,156,291
50,156,292
50,156,293
50,156,294
50,156,295
50,157,291
50,157,292
50,157,293
50,157,294
50,158,292
50,158,293
50,158,294
50,159,291
50,159,292
50,159,293
50,159,294
50,160,291
50,160,292
50,160,293
50,161,291
50,161,292
50,162,290
50,162,291
50,162,292
50,163,290
50,163,291
50,164,290
50,164,291
50,165,289
50,165,290
50,164,288
50,166,289
50,166,290
50,167,289
50,168,288
50,168,289
50,168,290
51,178,284
51,177,283
51,177,284
51,177,285
51,178,283
51,178,285
51,179,283
51,179,284
51,179,285
51,176,283
51,176,284
51,177,282
51,178,282
51,176,285
51,176,286
51,177,286
51,178,286
51,179,282
51,180,282
51,180,283
51,180,284
51,180,285
51,175,283
51,175,284
51,175,285
51,179,281
51,175,286
51,175,287
51,176,287
51,180,281
51,181,281
51,181,282
51,181,283
51,181,284
51,174,284
51,174,285
51,174,286
51,174,287
51,182,280
51,182,281
51,182,282
51,182,283
51,182,284
51,173,284
51,173,285
51,173,286
51,173,287
51,173,288
51,183,279
51,183,280
51,183,281
51,183,282
51,183,283
51,172,285
51,172,286
51,172,287
51,172,288
51,184,279
51,184,280
51,184,281
51,184,282
51,184,283
51,171,285
51,171,286
51,171,287
51,171,288
51,171,289
51,185,278
51,185,279
51,185,280
51,185,281
51,185,282
51,170,286
51,170,287
51,170,288
51,170,289
51,170,290
51,186,277
51,186,278
51,186,279
51,186,280
51,186,281
51,169,286
51,169,287
51,169,288
51,169,289
51,169,290
51,187,278
51,187,279
51,187,280
51,187,281
51,168,287
51,188,277
51,188,278
51,188,279
51,188,280
51,167,287
51,167,288
51,188,276
51,189,276
51,189,277
51,189,278
51,189,279
51,166,288
51,191,279
51,165,288
51,190,277
51,190,278
51,190,279
53,96,97
53,95,96
53,95,97
53,96,96
53,94,96
53,94,97
53,93,96
53,93,97
53,93,98
53,92,97
53,92,98
53,91,97
53,91,98
53,90,97
53,90,98
53,89,98
53,89,99
53,88,98
53,88,99
53,87,99
53,87,100
53,86,99
53,86,100
53,85,100
53,85,101
53,84,100
53,84,101
53,85,102
53,83,101
53,83,102
53,84,103
53,82,102
53,82,103
53,83,103
53,84,102
53,83,104
53,81,103
53,81,104
53,82,104
53,80,104
55,105,121
55,104,121
55,104,122
55,105,122
55,103,120
55,103,121
55,103,122
55,104,120
55,102,119
55,102,120
55,102,121
55,103,119
55,104,119
55,102,122
55,101,120
55,101,121
55,101,122
55,104,118
55,101,123
55,100,121
55,100,122
55,100,123
55,105,117
64,102,274
64,101,273
64,101,274
64,101,275
64,102,273
64,102,275
64,103,274
64,103,275
64,100,272
64,100,273
64,100,274
64,101,272
64,101,276
64,102,276
64,103,276
64,104,275
64,104,276
64,99,271
64,100,271
64,101,277
64,102,277
64,103,277
64,104,277
64,105,276
64,105,277
64,102,278
64,103,278
64,104,278
64,105,278
64,106,276
64,106,277
64,106,278
64,103,279
64,104,279
64,105,279
64,104,280
64,105,280
69,120,272
69,119,271
69,119,272
69,119,273
69,120,271
69,120,273
69,121,271
69,121,272
69,121,273
69,118,271
69,118,272
69,122,271
69,122,272
69,122,273
69,117,272
69,123,271
69,123,272
69,123,273
69,124,271
69,124,272
69,124,273
69,125,271
69,125,272
69,125,273
69,126,271
69,126,272
69,127,271
72,91,301
72,90,300
72,90,301
72,91,302
72,89,300
72,89,301
72,88,299
72,88,300
72,87,299
72,87,300
72,86,298
72,86,299
72,85,297
72,85,298
72,84,296
72,84,297
72,84,298
72,83,296
72,83,297
72,82,295
72,82,296
72,81,294
72,81,295
72,80,293
72,80,294
72,79,293
83,224,149
83,224,148
83,225,149
83,225,150
83,223,147
83,224,147
83,225,147
83,225,148
83,226,148
83,226,149
83,226,150
83,226,151
83,222,146
83,223,146
83,224,146
83,225,146
83,226,146
83,226,147
83,227,147
83,227,148
83,227,149
83,227,150
83,227,151
83,227,152
83,222,145
83,223,145
83,224,145
83,225,145
83,226,145
83,227,145
83,227,146
83,228,146
83,228,147
83,228,148
83,228,149
83,228,150
83,228,151
83,228,152
83,228,153
83,221,144
83,222,144
83,223,144
83,224,144
83,225,144
83,226,144
83,227,144
83,228,144
83,228,145
83,229,145
83,229,146
83,229,147
83,229,148
83,229,149
83,229,150
83,229,151
83,229,152
83,220,143
83,221,143
83,222,143
83,223,143
83,224,143
83,225,143
83,226,143
83,227,143
83,228,143
83,229,143
83,229,144
83,230,144
83,230,145
83,230,146
83,230,147
83,230,148
83,230,149
83,230,150
83,230,151
83,222,142
83,223,142
83,224,142
83,225,142
83,226,142
83,227,142
83,228,142
83,229,142
83,230,142
83,230,143
83,231,143
83,231,144
83,231,145
83,231,146
83,231,147
83,231,148
83,231,149
83,221,141
83,221,142
83,222,141
83,223,141
83,224,141
83,225,141
83,226,141
83,227,141
83,228,141
83,229,141
83,230,141
83,231,141
83,231,142
83,232,142
83,232,143
83,232,144
83,232,145
83,232,146
83,232,147
83,232,148
83,232,149
83,222,140
83,223,140
83,224,140
83,225,140
83,226,140
83,227,140
83,228,140
83,229,140
83,230,140
83,231,140
83,232,140
83,232,141
83,233,141
83,233,142
83,233,143
83,233,144
83,233,145
83,233,146
83,233,147
83,233,148
83,233,149
83,224,139
83,225,139
83,226,139
83,227,139
83,228,139
83,229,139
83,230,139
83,231,139
83,232,139
83,233,139
83,233,140
83,234,140
83,234,141
83,234,142
83,234,143
83,234,144
83,234,145
83,234,146
83,234,147
83,234,148
83,234,149
83,225,138
83,226,138
83,227,138
83,228,138
83,229,138
83,230,138
83,231,138
83,232,138
83,233,138
83,234,138
83,234,139
83,235,139
83,235,140
83,235,141
83,235,142
83,235,143
83,235,144
83,235,145
83,235,146
83,235,147
83,235,148
83,226,137
83,227,137
83,228,137
83,229,137
83,230,137
83,231,137
83,232,137
83,233,137
83,234,137
83,235,137
83,235,138
83,236,138
83,236,139
83,236,140
83,236,141
83,236,142
83,236,144
83,236,145
83,236,146
83,236,147
83,236,148
83,228,136
83,229,136
83,230,136
83,231,136
83,232,136
83,233,136
83,234,136
83,235,136
83,236,136
83,236,137
83,237,137
83,237,138
83,237,139
83,237,140
83,237,141
83,237,144
83,237,145
83,237,146
83,229,135
83,230,135
83,231,135
83,232,135
83,233,135
83,234,135
83,235,135
83,236,135
83,237,135
83,237,136
83,238,136
83,238,137
83,238,138
83,238,139
83,238,140
83,238,141
83,238,147
83,230,134
83,233,134
83,234,134
83,235,134
83,236,134
83,237,134
83,238,134
83,238,135
83,239,135
83,239,136
83,239,137
83,239,138
83,239,139
83,239,140
83,239,141
83,238,148
83,239,147
83,239,148
83,234,133
83,235,133
83,237,133
83,238,133
83,239,133
83,239,134
83,240,134
83,240,135
83,240,136
83,240,137
83,240,138
83,240,139
83,240,140
83,240,141
83,234,132
83,238,132
83,244,140
83,243,140
83,243,139
83,243,138
83,242,140
83,241,135
83,241,136
83,241,137
83,241,138
83,241,139
83,241,140
83,242,139
83,242,138
83,242,137
83,242,136
143,258,124
143,258,123
143,258,125
143,259,123
143,259,124
143,259,125
143,259,122
143,257,126
143,258,126
143,259,126
143,260,122
143,257,125
143,257,127
143,258,127
143,259,127
143,260,127
143,260,123
143,261,122
143,261,123
143,257,124
143,256,127
143,256,128
143,257,128
143,258,128
143,259,128
143,260,126
143,261,126
143,261,127
143,260,124
143,261,124
143,262,122
143,262,123
143,262,124
143,255,126
143,255,127
143,260,125
143,261,125
143,262,125
143,262,126
143,262,127
143,254,125
143,254,126
143,254,127
143,255,125
143,253,124
143,253,125
143,253,126
143,254,124
143,255,124
143,253,127
143,253,128
143,252,124
143,252,125
143,252,126
143,252,127
143,252,128
143,251,123
143,251,124
143,251,125
143,252,123
143,251,126
143,251,127
143,251,128
143,250,125
143,250,126
143,250,127
143,250,128
143,249,127
143,249,128
143,249,129
143,248,126
143,248,127
143,248,128
143,248,129
143,247,125
143,247,126
143,247,127
143,247,128
143,247,129
143,246,124
143,246,126
143,247,124
143,248,124
143,246,127
143,246,128
143,246,129
143,247,123
143,245,126
143,245,128
143,245,129
143,244,126
210,257,279
210,256,278
210,256,279
210,256,280
210,257,278
210,257,280
210,258,279
210,258,280
210,255,277
210,255,279
210,256,277
210,258,281
210,254,276
210,254,277
210,254,278
210,255,276
210,254,279
210,253,276
210,253,277
210,253,278
210,252,276
210,252,277
210,251,275
210,251,276
210,251,277
210,250,276
210,250,277
210,249,276
210,248,276
210,247,276
