1 14 90.609645 630.469646 88.410250 622.524846 88.140170 622.348762 86.968514 617.389315 84.800133 621.369267 83.804665 611.469365 83.492842 612.541936 83.956921 590.488572 83.444612 589.488920 89.061430 561.412263 89.729090 561.149798 99.929584 538.695147 95.446112 641.942972 90.465760 630.094070 
2 6 110.563872 693.890213 103.040028 680.763645 125.616539 713.407177 109.857691 693.622095 139.614215 723.493256 126.728173 712.001488 
3 4 194.336352 472.175082 218.702806 459.902665 182.423074 483.340608 194.388228 472.226518 
4 2 229.712160 458.076270 257.936357 447.685236 
6 2 511.493855 670.248263 453.505979 669.772028 
7 2 102.882441 680.868945 97.659520 669.427182 
9 2 137.696554 670.155991 150.512307 677.478461 
10 2 183.009993 908.990228 134.498926 860.501074 
12 2 227.455652 720.799596 271.526163 727.323253 
13 2 273.360061 731.476344 317.563285 734.606235 
14 2 690.667445 852.276429 674.659435 840.287124 
15 2 177.424139 895.577989 96.318803 816.686281 
16 2 322.618098 675.524159 242.605097 670.741686 
17 2 182.040058 702.700177 232.681335 717.895674 
18 2 436.268509 668.976113 368.486981 662.639252 
19 2 170.549901 690.410084 184.223355 697.998484 
20 2 466.522793 710.710484 446.433502 712.885920 
21 2 419.389977 737.106180 461.458996 725.353227 
22 2 272.226037 446.447260 298.770487 439.539385 
23 2 372.314211 740.419542 430.652694 730.387991 
24 4 379.430620 438.329096 430.537434 437.210866 337.272043 439.376514 386.456688 434.096535 
25 2 501.493978 683.338970 460.476549 684.872936 
26 2 429.514912 711.955481 413.433931 712.481954 
27 2 240.506538 669.638046 230.481663 670.112800 
28 2 412.637581 712.045796 356.645367 708.906913 
29 2 643.524881 858.466699 655.541205 867.444851 
30 2 419.456904 678.386677 502.455251 682.420687 
31 2 145.099435 683.581628 171.317972 693.291262 
32 28 514.913730 750.391292 545.764811 736.070478 546.342943 736.247992 576.927973 717.186710 577.358372 717.347733 603.229499 693.284301 603.624596 692.591762 619.755881 670.688451 619.848031 671.225811 625.245031 658.392771 625.917482 659.039355 630.791334 646.230351 468.078919 764.068126 514.477466 750.423375 399.468894 774.285958 468.197261 764.297882 325.496056 774.953497 399.492202 774.419469 273.458303 767.811107 326.707999 774.948107 213.887177 751.744972 273.114405 767.912563 172.146322 733.338710 214.116789 751.037348 140.073895 713.214333 172.772634 732.719374 111.612354 687.490835 140.009831 712.930902 
33 4 112.102730 645.620681 117.117484 649.058051 116.095100 648.841982 125.025728 656.918689 
34 2 471.227750 726.854489 494.335000 717.108782 
35 2 357.456113 706.555407 443.473707 710.132294 
36 2 535.519981 675.048248 478.486402 677.126892 
37 2 443.480949 709.932405 466.522120 709.159023 
38 2 211.337632 921.657217 164.697055 875.301733 
39 4 353.245656 737.201517 371.683824 735.161200 372.417165 734.415060 383.505229 733.568491 
40 4 675.001729 837.046738 685.443057 846.562482 684.892052 845.934223 698.095627 855.083558 
42 2 556.445058 484.630585 572.675605 491.459399 
43 2 411.501906 673.455060 351.482623 670.909767 
44 2 190.843770 909.149133 177.202113 895.783393 
45 2 473.531909 675.299153 537.549633 672.743049 
46 2 308.458784 739.631110 353.357756 737.501310 
47 2 140.754006 800.235231 116.766194 777.222527 
48 2 459.524827 685.269947 443.388995 683.528613 
51 2 361.576923 744.684232 372.010584 740.327839 
52 4 229.371388 654.733686 206.309279 652.329461 205.638164 651.821507 158.358710 642.193849 
53 2 569.426033 680.409390 578.856199 672.711339 
54 2 125.818374 837.170802 113.621203 825.374676 
55 2 709.970549 876.193315 694.075911 864.055344 
56 2 120.464912 661.560452 136.774481 671.027112 
57 2 563.768409 494.972218 585.692304 506.121867 
58 4 108.649086 635.131555 94.184858 629.278831 113.327214 639.611065 96.693139 613.733064 
59 2 127.146094 798.862003 102.866314 775.125305 
61 4 4.139985 489.199398 24.244330 465.121494 25.694161 466.086483 31.610639 454.556774 
63 2 96.934549 635.670382 111.362547 646.076995 
64 2 233.387994 640.309967 173.292613 631.999712 
65 2 466.488507 698.400320 451.457725 700.133348 
66 4 298.999372 443.592947 321.054555 437.803156 317.764794 445.052296 326.252169 440.983085 
67 2 429.502352 699.478612 387.460877 694.855799 
68 2 685.311159 760.291892 718.927693 782.863010 
69 2 140.659847 827.393106 113.827595 802.151757 
70 4 228.336728 669.578019 190.596618 663.862073 190.508833 663.467026 154.419844 653.799214 
71 2 221.323892 462.066219 229.586034 458.711916 
72 2 215.592337 600.897811 158.553407 592.151699 
74 2 552.638479 695.255385 575.675649 679.309083 
75 2 380.534287 686.694903 345.502852 686.266710 
76 2 130.686059 857.306519 102.649084 830.344969 
77 2 588.223044 671.311288 600.086833 653.899856 
78 2 417.554436 704.251689 342.522689 700.979710 
79 2 602.619044 855.352382 569.429654 828.587231 
80 2 324.331067 700.005872 261.560123 692.964058 
81 4 131.011511 515.081252 150.567311 494.564157 111.400003 538.429457 129.211921 513.180426 
82 6 555.554054 617.177556 527.493312 619.416167 526.508968 618.827610 509.466991 619.294103 511.534573 618.381563 490.492855 617.731128 
83 2 510.023589 716.734091 527.662984 705.762024 
84 2 374.500445 715.556404 338.494798 715.840293 
85 2 164.012359 863.955021 183.611680 882.381210 
86 2 478.595517 504.541406 379.484969 509.178762 
87 2 340.399107 655.489345 293.479147 650.704486 
88 2 383.500989 661.483820 421.542238 663.808937 
89 4 237.393719 625.388181 192.439113 620.008823 191.628393 619.809501 159.439704 613.824272 
90 4 330.492530 669.613571 312.439086 668.426065 315.640012 668.106945 266.533034 663.171325 
92 2 585.588008 506.373036 596.970909 514.263295 
93 2 336.601040 639.263687 328.478610 640.338327 
94 2 438.291208 684.021051 365.541743 677.995977 
95 2 611.289710 646.318150 617.242427 633.296535 
96 4 223.290013 682.772054 195.389994 678.166392 195.231599 677.496945 168.299133 670.246099 
97 2 441.509674 712.332877 426.502074 711.464173 
98 2 654.095273 737.710346 682.995153 759.496240 
99 2 444.391052 442.645268 474.310552 445.491480 
100 2 589.897515 517.965863 615.086474 536.711961 
101 4 327.566046 683.991533 318.593673 685.197134 318.646899 684.524067 295.420525 681.027994 
102 2 108.820086 839.171244 130.184433 860.811543 
103 2 299.642039 689.391399 238.515238 685.273795 
104 2 324.571212 660.043049 247.510922 656.276538 
105 2 486.499602 697.488721 466.489232 698.194875 
106 2 719.101957 785.565418 702.785784 775.056299 
107 2 331.563705 631.511709 254.561355 626.548160 
108 2 431.504729 644.383386 354.509693 641.260992 
109 6 556.599844 645.629410 522.512629 648.642852 521.512390 648.122042 483.487689 646.875571 574.562569 641.784800 557.506992 645.531825 
110 2 515.501063 655.181207 455.505064 654.981163 
111 2 421.541368 663.462462 439.552606 664.180593 
112 2 702.500007 775.499990 653.184656 740.950111 
113 2 434.538792 615.283926 359.583166 612.892879 
114 2 699.250455 865.861688 718.666950 879.258024 
116 2 327.540149 645.832755 250.578112 641.201845 
117 2 145.709990 311.246836 174.227178 319.448590 
118 2 459.583594 451.379251 492.623545 453.843635 
119 2 702.269380 852.805479 718.712194 865.218929 
120 2 492.978439 454.002256 512.085825 457.662248 
122 2 343.746983 610.713045 336.439116 612.200969 
123 2 157.887514 879.130932 173.012517 895.011879 
124 2 127.715893 776.294997 98.510340 747.489517 
125 2 271.486098 661.710848 426.471677 671.929574 
126 10 301.572899 704.727305 263.440585 701.129775 262.730192 701.238736 234.412852 698.356084 234.335199 697.351846 211.605537 692.954486 212.576670 694.226362 184.276669 686.297078 185.285409 686.254779 175.507182 683.474737 
128 2 314.494880 705.597591 301.530568 704.917385 
129 2 631.326658 818.710640 620.352274 809.679513 
130 2 691.116018 838.033624 704.422068 847.608303 
131 2 122.495883 294.509215 145.020538 304.573114 
132 2 501.732128 461.601576 546.338121 473.126533 
133 4 398.528239 628.233143 358.503545 627.340982 419.615296 629.518705 399.450811 628.345292 
134 2 232.037515 920.872214 224.008301 910.895726 
135 2 339.561489 588.620041 264.578236 583.380387 
136 4 255.606807 596.085512 249.446948 597.209171 259.958386 598.332609 256.233556 595.909597 
139 2 151.066235 816.948124 121.085600 787.928118 
141 2 116.818451 811.184904 128.754569 823.248113 
143 6 461.513097 482.582695 447.392158 484.819061 447.242270 484.576444 421.305929 488.051558 420.552652 488.749430 385.530565 490.225294 
144 2 688.308418 789.754475 718.988079 812.851693 
145 6 521.514524 616.689232 567.626639 613.149926 568.387640 613.160798 611.911902 598.743486 497.496535 615.946812 523.487218 616.148352 
146 2 440.441131 664.704738 515.457470 668.370366 
147 2 671.539408 769.450325 689.403226 783.621986 
148 2 243.630881 595.211533 236.326206 596.555170 
149 2 522.499871 640.524851 458.506768 640.193371 
151 2 494.373047 717.996059 507.345802 712.157391 
152 2 642.723350 860.213037 618.568132 841.412463 
153 2 678.315064 865.719104 664.808716 854.319004 
154 2 186.957017 328.018386 267.111825 345.300375 
155 2 456.453700 551.795207 406.481810 550.008846 
156 2 440.454622 639.076115 379.517611 634.276406 
158 2 294.446230 678.302043 400.572614 685.416877 
159 2 264.451908 706.127763 382.448880 715.167291 
160 2 135.787036 839.190848 150.324823 852.688673 
161 2 537.661433 546.053668 474.511966 552.615160 
164 2 402.478692 677.971675 418.536272 678.697069 
165 2 281.408040 716.137371 232.417896 709.069057 
166 6 530.535010 527.726005 473.357977 536.583175 558.855940 518.655670 530.750125 527.312109 570.751169 513.040795 559.028693 518.485222 
167 2 452.484305 566.876743 396.498149 564.544434 
170 2 334.502341 713.879859 323.502758 713.947639 
171 2 138.796816 862.168671 157.289479 878.735000 
172 6 227.392616 665.881674 311.506294 672.419024 178.355001 658.424499 226.580272 665.988193 144.291185 648.255556 178.189330 657.624097 
173 2 259.518992 676.215369 293.567575 678.487261 
174 8 354.573830 552.768907 347.298576 554.766361 356.740986 554.693327 354.345961 553.169975 357.314949 559.336505 356.235185 553.954367 355.719754 560.505282 355.767222 558.530460 
175 2 345.632956 596.063756 339.278854 597.562302 
176 2 327.601433 639.556557 265.565915 632.886913 
178 2 366.488415 691.795477 436.498413 694.540483 
179 2 269.457330 692.140121 397.554724 700.679057 
180 2 659.813181 808.087799 695.009623 834.829247 
181 2 606.566879 837.677706 649.405324 871.619492 
183 2 699.684995 841.259425 677.161855 823.939735 
184 2 108.528354 831.471735 118.014158 840.987459 
185 4 131.114634 866.834295 108.273426 845.745401 109.035995 845.960377 78.158159 814.839168 
186 2 338.605818 603.013392 260.644920 597.464065 
187 2 615.663882 631.808983 624.888415 620.647467 
188 4 397.525118 657.067478 354.503277 656.313128 429.513618 659.237834 398.493428 657.626513 
189 2 348.522573 728.245284 328.414631 726.463302 
190 2 134.912785 866.085950 170.969288 902.032338 
191 4 463.575381 511.988345 512.490403 504.437830 383.506586 513.768439 463.482984 511.806391 
193 4 180.639164 693.180902 161.744032 684.940443 162.292509 684.761665 144.912439 670.979878 
194 6 452.499105 696.010531 472.500796 696.045582 473.479014 696.131339 486.493766 695.390488 436.625635 694.153199 454.377873 695.809194 
195 2 268.456307 721.860487 335.561331 729.993994 
196 2 510.650373 499.677482 478.661259 503.762726 
197 6 230.320828 562.445984 282.522801 567.252354 283.377920 567.005768 343.469380 571.877675 175.159307 551.174255 229.552368 562.242649 
198 2 602.682168 553.923347 569.028630 568.404564 
199 2 524.499896 596.646880 465.500633 596.605157 
200 2 265.471822 631.928752 430.482042 642.773245 
201 2 248.372283 582.421198 184.218993 573.526855 
202 2 565.241743 838.639441 588.902309 859.033248 
203 2 339.446610 512.043593 270.327633 505.254971 
204 8 588.403941 529.985971 582.606404 531.069386 591.342513 530.758265 587.093212 528.167098 592.234448 534.561917 591.349884 530.768165 592.225545 536.428234 591.921989 533.359346 
205 2 212.502787 615.481781 157.414959 607.055999 
206 2 548.505302 633.108419 486.502679 633.312801 
207 4 199.414088 633.595945 325.501569 643.479985 155.392986 625.077725 198.578336 633.077097 
208 2 548.593128 644.051762 578.582713 638.990059 
209 2 651.614393 796.349332 615.292925 768.772741 
210 2 676.540170 823.444751 631.406220 790.628983 
211 2 162.578343 834.415100 149.039071 820.957652 
212 2 118.598302 821.399094 134.804712 837.187215 
213 2 222.876341 910.134021 213.989934 900.996023 
214 4 619.750189 563.425125 626.725304 586.731847 625.318348 585.629752 622.485321 603.497673 
215 2 450.477971 595.873285 387.520191 592.157859 
216 4 268.544622 601.953632 358.597325 609.308323 359.407490 609.431422 435.520260 613.077020 
217 2 457.496311 638.975442 440.505092 638.843622 
218 2 437.377383 653.904898 376.492063 648.590936 
219 2 646.593519 779.368430 675.304030 799.775706 
220 2 656.414271 882.602467 648.755444 876.194684 
224 2 389.494039 721.906568 421.501821 722.375819 
225 2 420.483558 724.835321 390.506597 723.365456 
226 2 0.088642 354.107098 19.147138 367.020768 
227 2 372.654047 511.590382 360.425683 512.491532 
229 2 332.583076 610.698482 280.520496 605.302251 
230 2 240.674653 609.607134 233.382858 610.757435 
231 4 560.408901 630.165142 550.338110 632.904931 564.632528 630.937670 560.396461 629.939325 
232 2 534.549509 564.592403 469.547060 567.538365 
234 2 397.497542 428.308939 336.520499 429.093396 
237 2 444.624513 609.553806 436.385075 610.527340 
238 2 378.506603 676.376700 399.499950 677.500943 
239 2 620.089658 807.006990 644.975114 827.148513 
240 8 559.599962 601.553600 527.415292 604.607174 526.508647 604.090682 494.497581 603.894274 582.733325 596.541562 560.291414 601.568875 612.609461 583.758206 582.996385 596.312029 
241 2 464.498564 610.383686 451.488204 610.544262 
242 2 264.508842 646.370610 358.548056 652.796757 
243 2 696.792570 836.081564 718.613011 851.338370 
244 4 268.410394 340.733082 299.511733 339.993255 295.134350 338.670115 306.112548 343.399401 
247 2 334.580655 617.308503 257.527577 612.092606 
248 2 386.536373 694.870145 373.464469 694.115273 
249 2 461.619061 724.825513 477.344122 719.073831 
250 2 172.211581 868.803585 155.812444 853.223711 
251 2 343.556650 574.714758 267.663082 569.239495 
252 4 253.589124 551.913642 245.326328 553.693954 247.004220 553.029337 222.396466 548.007314 
253 2 348.540271 581.716220 341.414944 583.043326 
255 2 375.493988 632.648441 519.500766 638.481086 
256 6 207.382112 648.939687 275.579918 654.524013 276.437465 654.377152 323.483514 657.731237 150.475501 637.623032 206.638096 648.806491 
257 2 473.499870 659.507351 516.504137 660.265275 
258 2 133.945329 810.024764 150.481217 825.520044 
259 2 575.062385 831.046856 588.353578 841.682973 
260 2 425.509408 674.110434 410.494015 673.747804 
262 4 338.511462 732.383338 308.603663 729.444906 371.499892 731.763918 338.500040 731.768776 
263 2 509.662651 511.309524 478.706793 517.529221 
264 8 456.847590 535.376870 449.427871 538.318038 460.003134 536.714638 457.082749 535.520010 460.768664 539.375941 459.626841 536.903192 460.200299 541.244373 459.438509 539.157421 
266 2 623.780404 604.375883 621.683751 616.531694 
268 2 208.468842 629.691876 150.535019 620.284344 
270 2 224.456730 679.969022 316.503607 688.460906 
271 2 100.255616 611.977501 91.613701 589.456370 
272 4 213.391289 619.880527 327.549605 628.870072 159.347156 611.443730 212.570670 620.063652 
273 2 80.684442 814.316685 105.607568 839.393090 
274 2 522.500763 611.236828 465.498343 611.071580 
275 2 522.521577 626.102338 461.505244 625.160352 
276 2 538.612142 892.358231 511.299538 870.753422 
278 2 294.631091 681.189424 268.492508 678.574899 
279 2 330.500014 724.499872 348.510219 726.403309 
281 2 604.645674 748.299677 627.300614 764.774186 
282 4 197.500545 924.499487 183.435927 909.560322 227.876658 958.165675 198.217401 924.750837 
284 2 250.516654 566.902208 242.489011 567.234596 
286 2 204.367118 644.202969 145.577498 633.090022 
287 2 314.464697 690.901083 300.484985 689.670585 
289 2 346.565187 560.682978 271.563913 554.698943 
290 2 150.555763 680.143422 137.408149 678.087339 
291 2 703.255800 836.825346 672.864645 814.014186 
292 2 152.063344 862.956401 133.651762 845.341375 
293 2 449.624675 580.746939 440.416772 581.667590 
294 2 441.548127 587.441065 366.566663 584.033241 
295 2 235.584524 595.934004 167.314987 585.738904 
296 2 439.488936 601.739855 366.505842 598.373349 
297 4 121.297382 621.809751 104.352476 610.725526 128.932943 624.253115 121.756489 621.761307 
298 2 661.468673 770.543015 675.375440 780.671033 
299 2 715.731275 852.178230 699.968309 840.848448 
300 4 181.326236 919.803075 163.909421 899.154656 164.064259 899.931338 131.237716 866.769738 
301 2 190.353634 884.671349 172.539138 869.454182 
303 2 134.852534 582.890213 111.114579 569.166673 
304 2 398.435769 700.806640 422.475992 701.988388 
305 2 298.526849 541.155543 272.530259 540.857823 
306 2 595.488344 651.469154 563.518751 663.549623 
307 2 424.490171 688.924130 381.490090 687.927655 
308 2 123.374475 822.636662 103.766581 803.220886 
309 2 525.488597 877.514271 495.474387 853.532056 
310 4 409.460348 562.276335 482.513236 563.907063 483.492171 564.373490 543.571509 560.655521 
312 2 200.456527 604.037794 331.489492 614.629995 
313 2 141.935796 841.060166 124.000662 822.995765 
314 2 546.170350 917.981675 572.732473 936.160317 
315 2 526.021600 19.853402 505.924749 34.722499 
316 6 145.607329 304.157170 147.992557 305.442026 142.963371 309.565545 145.769295 310.956928 138.402351 310.717961 143.685904 313.085045 
317 2 351.534545 531.104844 276.669601 524.559977 
318 8 253.807237 537.060014 249.467557 539.440865 256.468823 537.675267 254.357740 537.299743 259.637723 540.379114 256.784278 537.128218 259.656158 544.047252 258.618404 539.105075 
319 2 209.444791 590.203231 312.516085 598.295122 
320 4 389.447423 647.965452 447.552019 650.050117 447.474069 650.075588 509.483367 652.869209 
321 2 359.419296 652.857105 430.465385 657.082076 
322 2 612.342902 666.398337 600.134642 685.263566 
323 2 102.306177 774.883347 90.898335 765.038428 
324 4 362.709791 493.540020 347.520955 496.603882 346.712172 494.922004 318.549038 491.135288 
325 2 606.661723 539.557999 619.064208 554.853369 
326 2 238.475986 588.666917 164.426134 578.013422 
328 2 640.861876 867.755617 604.564447 839.417451 
330 2 269.432810 617.493594 434.422189 628.650666 
331 2 447.546732 543.223489 373.536095 540.514046 
332 2 446.531654 558.833526 371.558290 555.272707 
333 2 550.566203 554.347996 481.518625 559.738563 
334 2 288.479163 720.677855 311.514451 723.376659 
335 2 698.394998 765.642262 663.962682 740.227980 
336 2 33.150816 819.857960 89.849662 875.166684 
337 2 483.517956 852.476192 504.595621 868.373217 
338 2 242.447738 574.816055 165.726602 562.129626 
340 2 436.640234 609.847819 391.540753 606.019862 
341 4 620.547432 840.439343 643.069204 858.050905 612.623812 832.364032 621.477676 840.426335 
342 6 113.079740 283.130355 122.079583 289.130590 120.398879 288.619447 124.001651 293.890931 102.847083 275.966528 113.809282 283.098660 
344 2 101.188168 563.439799 105.762804 539.743791 
345 2 561.389001 565.183914 595.142886 553.330722 
347 2 203.215149 706.006837 181.370772 693.729937 
348 2 446.360401 746.803050 482.512379 739.561803 
349 2 670.569138 811.415572 652.333276 796.482431 
350 2 153.807909 851.194991 142.860204 840.143189 
351 2 554.762558 859.158378 525.418720 836.605756 
352 2 503.022159 869.813425 482.641776 854.313582 
353 6 227.197512 546.165132 294.465952 553.799986 295.364424 553.195949 342.463142 556.961066 177.193812 534.942147 226.721333 545.457519 
354 4 337.410812 549.813040 361.571041 551.454118 315.390995 547.849348 336.575877 549.560739 
355 2 520.518547 581.342566 467.500212 582.509623 
357 4 624.470987 748.540505 661.706287 775.212009 595.691868 726.247641 624.186643 747.912150 
358 2 658.161759 761.897979 668.902451 771.026471 
359 2 683.426570 788.602282 664.256205 774.839588 
360 2 651.516910 840.479300 668.081953 854.011731 
361 2 169.831973 877.143915 190.008684 895.954368 
362 2 172.737245 320.400703 188.613766 327.961986 
363 2 582.504365 531.514274 554.026986 540.223196 
366 4 116.581984 659.396920 119.881094 662.020843 111.341475 656.637644 117.880988 664.169195 
368 2 624.818598 839.113005 599.122586 817.958437 
369 2 148.819041 891.178255 111.394790 853.604792 
370 2 330.547854 624.972124 286.546840 620.983299 
371 2 310.457573 724.864004 289.509056 722.422306 
372 2 162.929632 821.012310 147.657460 806.336145 
373 2 288.524069 710.279948 268.544338 708.094634 
374 2 117.460609 856.539882 142.614266 881.384312 
375 4 307.436430 576.432898 383.559956 581.620139 384.379401 581.203580 414.511561 583.336689 
376 6 107.013691 610.485571 139.901330 626.713285 139.676301 626.823554 174.402475 635.874193 174.571689 636.065978 221.448974 643.808919 
377 2 376.513638 618.148383 522.487966 623.810268 
378 2 590.101010 731.705389 662.516865 786.477703 
379 2 669.414470 793.615763 607.969424 748.218127 
380 2 597.607358 814.367550 620.782040 833.152044 
381 2 554.663473 677.994246 579.583339 669.751968 
382 2 588.408260 841.612980 601.625523 852.345415 
383 2 567.315226 936.729702 558.432281 929.584184 
384 10 16.170467 371.925568 28.590726 386.422270 26.099864 384.979532 34.117360 409.624480 33.577458 408.332215 32.076543 434.475689 31.344158 433.834528 21.695847 458.181325 20.845409 456.755578 4.665514 478.622468 
385 2 450.502271 525.884245 377.499576 525.614957 
388 2 612.393806 939.654448 624.743558 948.145769 
389 2 297.905901 -1.795647 621.553490 196.412658 
390 2 430.503922 498.350059 380.511969 497.042413 
391 2 118.693818 841.305551 137.726259 860.276258 
392 2 496.612858 852.346063 512.741461 864.170650 
393 2 207.160082 925.821603 191.614955 909.391239 
394 2 448.496949 624.561199 415.479296 622.915357 
395 2 399.511882 474.283996 385.444432 473.510149 
396 2 545.761026 501.426780 509.797382 511.555863 
397 2 351.678616 567.306835 344.372539 568.924241 
398 2 338.593675 596.553317 281.558415 590.909656 
399 2 374.488783 603.800054 522.468886 609.332260 
400 4 418.475171 726.101382 435.533564 725.038859 434.501739 724.288602 445.500995 724.379076 
402 2 419.506148 794.806489 399.474090 795.208306 
403 2 146.456356 818.546649 133.537361 806.460066 
404 2 638.662471 908.303341 626.620181 898.354530 
405 10 606.478738 88.472925 597.378937 95.619205 599.296931 94.669279 598.896477 103.651426 596.967738 103.580398 598.995170 106.816298 632.192432 75.695382 606.415089 90.627061 650.745642 71.748010 628.997695 76.028591 
406 2 551.449800 535.077139 480.499998 543.499984 
407 4 519.586629 571.128766 560.769323 565.454798 476.509503 571.782463 518.529228 570.368719 
409 2 624.347378 689.700012 693.515434 742.479774 
410 2 664.702428 853.223717 649.697782 842.230057 
411 2 603.116403 899.942956 570.402305 871.612813 
412 6 346.015096 343.006811 359.537505 338.615490 359.100465 338.742148 383.271374 334.265555 380.843292 335.912531 389.557229 337.068650 
414 4 242.676627 567.502127 187.287924 557.698149 186.599570 557.157641 168.394443 551.862943 
415 2 401.435296 685.673643 425.472498 686.998843 
416 2 337.079651 866.318708 353.804982 874.905990 
417 2 169.241796 673.358195 204.371356 683.927577 
418 2 683.153386 751.999406 700.247580 763.863690 
419 2 702.476133 754.531660 718.446690 766.570719 
420 2 91.899472 816.078020 107.327041 830.682704 
421 2 45.174498 834.821026 31.272099 820.724767 
422 2 171.425207 902.583081 184.572799 914.419134 
423 6 317.490774 591.621498 367.581618 595.425158 368.406673 595.152005 438.465547 599.109865 277.515883 588.297721 317.426853 591.431566 
425 6 357.517311 538.644805 350.380217 539.498032 360.012726 540.103143 357.219832 537.846789 360.353431 543.169583 358.800316 539.158054 
426 2 123.253630 542.016498 110.705249 560.326014 
427 2 443.504176 573.417049 369.540598 569.693558 
428 2 130.197006 597.350838 108.193659 584.005068 
429 2 463.501046 593.392464 514.505947 593.888382 
430 4 232.669220 610.154229 202.517244 606.362860 203.604036 606.917357 163.455628 599.748499 
431 2 461.515351 624.623687 448.519339 624.396025 
432 2 569.141609 689.959596 554.578198 699.617912 
433 2 616.442551 766.576630 661.569311 800.407546 
434 2 682.408930 797.630246 697.179661 807.958142 
437 4 662.952237 725.193230 679.612551 738.357559 678.784549 738.030567 686.408100 742.651612 
438 2 627.983739 248.744814 527.045087 184.087900 
439 2 495.519358 711.709044 449.451381 715.974954 
440 2 675.239273 778.826302 656.815543 764.105095 
441 2 707.907367 891.983538 690.003536 877.861616 
442 2 586.815798 898.118097 568.267891 882.780695 
443 2 164.470871 666.614017 197.607357 675.079784 
444 2 696.722745 904.214966 719.114632 921.713489 
445 2 389.011822 338.003316 410.036735 331.145554 
446 2 96.324285 586.570824 95.109404 566.403052 
447 2 637.054718 642.033808 631.522503 659.184697 
448 2 497.762150 843.427059 522.199848 862.877121 
449 2 245.478400 559.617606 171.405774 546.013031 
450 2 346.315831 627.461584 345.274678 632.453000 
452 2 459.686021 785.253868 433.550104 791.703053 
453 2 358.644518 522.693651 352.873489 527.000466 
455 4 457.476887 577.998240 487.505046 579.391234 488.494304 579.088500 520.515853 578.645260 
456 2 382.503717 589.413564 458.492216 592.681036 
457 2 117.949069 745.166839 104.227265 733.830115 
458 2 600.641382 848.335298 589.941588 839.150521 
459 2 597.372343 684.366725 570.953402 710.956922 
460 2 693.662541 745.269372 673.707534 731.205533 
461 2 578.707281 852.241635 553.246971 831.815388 
462 2 408.348161 958.671840 395.459025 947.282920 
463 2 594.893571 959.273137 581.370074 948.665643 
464 2 353.570482 640.683397 342.509535 640.254247 
465 2 568.149828 658.528294 588.402634 651.229815 
466 2 701.190688 747.946506 715.124274 757.598831 
467 2 683.647571 776.292182 659.002765 758.791977 
468 4 650.676987 875.281886 658.925755 881.975313 658.936996 882.342397 672.080969 891.126977 
469 2 516.436518 888.615838 542.331779 902.806961 
471 6 524.459245 534.342011 554.522408 526.586866 554.609864 525.863966 574.962828 519.720407 480.608265 540.338078 524.394287 534.681679 
472 4 591.429407 539.361121 571.887228 549.294476 576.604455 553.520727 568.588986 552.665749 
476 2 514.526923 688.863582 492.499605 690.494667 
477 2 337.469328 735.885668 323.478291 734.772964 
478 2 563.961379 857.907192 527.485699 829.518375 
479 2 661.394130 876.665525 670.504686 882.492674 
480 2 626.505037 898.493855 597.394186 874.629075 
481 2 461.582550 581.039934 455.420804 581.982003 
482 2 157.365628 603.270155 210.493102 612.539534 
483 2 600.147724 792.933937 618.826602 808.097687 
484 2 390.704553 858.230627 412.364473 874.678474 
485 2 599.345235 867.681185 648.910767 910.019110 
487 4 415.602373 293.458264 403.619820 292.280720 406.194652 291.433965 397.399231 279.141117 
488 14 418.491646 319.460790 388.571437 325.835305 390.486397 322.521878 352.533059 322.016637 455.109117 309.806253 416.183309 320.087159 467.407672 302.878010 454.682949 311.259568 471.350433 290.998436 468.215566 304.433632 467.935520 286.906253 471.538103 291.911966 453.522409 289.147626 467.609350 288.660182 
489 2 373.565285 495.492346 363.445913 495.163285 
490 2 316.434906 533.708503 421.507109 539.368017 
492 2 571.876399 883.058372 601.101818 907.967185 
493 2 432.093595 890.202811 444.524722 900.470068 
494 2 442.434977 491.963503 499.565368 485.039343 
496 2 607.899783 569.384699 596.513549 574.529983 
497 2 341.611738 582.291288 287.519342 577.290766 
498 4 627.127459 604.365866 627.892419 596.538350 629.074006 597.130291 632.161497 594.149393 
499 2 577.729780 645.405376 567.619611 647.971289 
500 2 292.494331 650.578759 272.525810 649.141433 
501 4 632.074750 659.695616 627.999304 671.669937 627.765750 672.701448 623.899000 677.802456 
503 2 600.625283 836.350741 584.836974 823.098539 
505 2 495.516092 662.205647 476.518202 661.167045 
506 2 585.127061 735.618992 602.743649 748.157679 
507 2 141.452859 790.548844 127.708539 777.283925 
508 2 712.324474 786.776611 699.437242 778.598900 
509 2 541.910971 881.853057 558.549218 892.422522 
510 2 634.872364 895.253442 607.523814 872.471412 
511 2 707.781538 916.151789 689.679015 901.515408 
512 2 648.415818 725.611981 680.388904 749.647783 
513 2 627.876178 782.252049 659.016515 808.082866 
514 2 103.754681 816.233329 80.737641 794.251171 
515 2 674.867127 886.814156 658.686004 878.152518 
516 2 696.654770 911.511280 718.859414 930.069977 
517 2 448.804306 133.052255 380.748061 96.787805 
518 4 447.812198 148.455267 473.502679 157.492385 469.695214 156.140691 481.385616 164.130522 
519 2 475.574297 482.880503 467.451272 481.906295 
520 2 413.476116 622.002812 381.500761 620.483971 
521 2 185.461008 655.650272 141.319293 644.196424 
523 2 579.603863 918.348068 556.940750 902.855264 
524 2 558.251078 928.859758 548.681158 922.238178 
525 2 419.678981 428.904179 396.959595 427.337687 
526 6 464.877142 523.617769 460.137047 524.461908 461.290492 524.675871 457.251448 520.801681 468.066387 520.348672 464.143918 522.966448 
527 4 436.525677 699.325796 430.364735 698.417694 443.498774 698.495087 435.497816 700.491246 
528 2 466.219760 728.021436 453.050837 735.732968 
529 2 657.500157 746.499786 672.972938 757.855602 
530 2 658.559490 756.415202 670.362664 764.695760 
531 2 617.792303 861.119068 631.433604 871.586528 
532 2 624.704805 894.257389 638.794339 906.151327 
533 2 718.872123 933.050613 696.487732 914.514816 
534 6 30.823003 453.700691 40.162605 438.669038 39.774806 438.657420 43.255563 410.469816 42.237942 414.314857 40.763262 400.471955 
535 2 343.452261 553.044736 304.488601 549.630076 
536 2 291.369821 582.147418 337.555550 585.797015 
537 2 125.602109 610.335065 107.218800 598.954219 
538 2 667.107052 758.034147 675.639158 764.310839 
539 12 398.597630 795.568972 368.392923 798.327590 367.573821 797.311003 333.477703 796.161155 332.541680 796.830965 312.494887 795.582077 313.527911 794.322439 271.466854 787.710865 271.007421 788.061930 218.499169 771.502635 218.655756 770.157483 189.349551 756.830848 
540 2 562.573948 810.412069 543.563379 794.424636 
541 2 197.047924 844.961241 159.362716 806.634988 
542 2 591.120863 941.995044 572.387056 927.647472 
543 6 602.388105 104.998421 608.176506 115.247475 605.965198 112.469544 605.926469 119.507849 604.877016 100.035591 610.462388 106.532336 
544 6 338.442733 564.442640 409.544822 568.762204 410.487078 568.735888 438.512536 570.271169 303.529348 561.194455 338.590087 564.562092 
546 2 679.452576 837.570158 694.387903 847.665834 
547 2 179.358027 848.698160 169.909380 841.928605 
548 6 124.094304 925.915109 98.799355 901.193700 99.211408 901.546124 88.472457 893.536931 140.940309 944.020485 124.578891 926.426635 
549 10 176.093268 575.812404 213.347826 582.365160 213.536897 582.201311 239.389454 585.394890 148.341465 566.999277 175.753000 575.703220 132.064632 559.276743 149.122896 567.150518 120.687406 552.187480 131.865477 558.890526 
550 2 117.593487 775.397261 131.723290 788.254612 
551 2 481.846446 856.341304 507.611496 876.356474 
554 2 372.520888 552.085622 445.486707 555.763704 
555 4 424.479780 577.352188 448.489990 577.921876 448.356017 577.544607 457.381679 578.180201 
556 2 599.420435 666.421322 586.493746 679.493816 
557 4 216.632915 674.872574 172.292520 665.479409 171.531892 665.407759 138.349589 653.935031 
558 2 567.174215 780.915580 584.501090 794.498610 
559 2 550.356380 813.687957 565.616093 825.348067 
560 2 668.579790 855.395734 680.008813 864.141860 
561 4 606.401028 554.653892 603.368897 552.703852 609.531667 559.764444 605.342643 553.243478 
564 2 642.063242 729.682783 653.469523 737.544220 
565 2 537.664217 755.774083 516.479991 768.466604 
566 4 589.616709 788.366758 598.178949 795.866533 577.168916 777.680719 589.378191 787.649190 
567 2 627.273694 821.590984 642.968596 834.949445 
568 2 481.453303 861.551344 466.773069 848.199757 
569 2 231.967979 884.107680 220.948129 870.962649 
570 2 704.270791 886.816837 715.290868 894.789084 
571 2 269.123719 931.902002 248.417092 912.520220 
572 6 619.268429 555.893007 622.750966 560.301758 621.668279 559.253260 621.200082 562.729008 623.542627 562.291455 622.186077 563.366074 
573 2 634.734754 595.708278 627.779036 570.151883 
574 2 99.616121 595.610779 98.474643 586.503178 
576 2 627.801659 746.095485 650.728924 763.193020 
577 2 495.574728 848.422686 478.790309 832.199645 
578 2 574.483032 879.520807 609.217277 907.846685 
579 4 567.541161 884.453014 583.533006 898.462323 559.266811 876.775312 568.452737 884.555800 
580 2 450.513967 517.993650 383.509782 516.145383 
581 2 448.550015 536.122110 396.509687 534.233122 
582 4 595.025512 552.143730 602.508977 549.525660 603.346039 550.467568 604.036109 547.191634 
583 2 589.856235 582.343703 610.545626 573.608059 
584 2 609.671708 576.945762 592.520234 583.552528 
585 2 599.270466 886.773736 567.680456 860.284793 
586 2 131.322118 930.680509 145.431385 944.584400 
587 2 334.573084 339.522285 346.566071 339.232274 
588 4 202.418825 685.782741 160.434277 673.728918 160.291142 673.025083 143.552810 666.367231 
589 2 663.770354 740.420291 640.757743 722.174912 
590 2 99.722926 827.273542 86.621586 814.376488 
591 2 541.728573 830.219517 562.183287 846.888639 
592 2 641.111100 886.989640 658.353459 900.684501 
593 2 537.834055 897.465500 520.495561 885.506436 
594 4 351.588210 126.283413 382.618658 127.518277 382.238265 127.614461 393.938473 132.354466 
595 2 300.629843 271.956865 268.128770 281.193788 
596 2 220.322188 660.621134 186.382894 655.238374 
597 2 525.352945 702.752929 508.418571 706.086321 
598 4 481.169882 164.134230 496.439378 171.623597 494.434215 170.088634 497.440936 175.532621 
599 2 270.268038 536.055592 346.547272 542.979197 
602 2 673.290830 721.787530 692.375519 735.671114 
603 2 699.679760 738.253818 669.634822 716.315359 
604 2 398.427740 752.253465 407.570922 751.723448 
605 2 497.301107 761.088461 485.614329 766.736565 
606 2 482.479941 780.439337 469.568971 784.708581 
607 2 578.368488 818.666623 563.290291 806.765697 
608 2 570.206511 895.659606 529.530521 861.463696 
609 2 524.650948 905.369804 513.528922 892.475054 
610 2 617.302060 909.704035 607.137386 899.842988 
611 2 136.472467 566.547337 117.929282 555.761941 
612 2 691.579771 778.391408 680.618188 770.339111 
613 2 110.806544 799.276588 99.102418 788.825364 
614 2 632.494398 800.507609 647.473993 811.535327 
615 2 629.379785 840.654733 639.491628 848.510775 
616 2 212.403201 906.606815 200.340861 895.675606 
617 2 718.794770 925.156996 708.593967 916.390657 
619 2 311.496544 672.652818 322.490922 672.901447 
620 2 208.700173 819.300423 221.182243 831.819790 
621 2 236.981742 842.959897 224.337631 831.682039 
622 2 308.926920 846.868242 336.499469 865.500786 
623 4 600.675462 934.213521 588.385840 926.686390 610.039671 943.937080 600.853986 935.130764 
624 2 269.339240 125.589493 347.577005 122.373153 
625 2 353.939114 633.538235 354.393783 628.316603 
626 2 623.624192 647.553439 615.632246 666.126610 
627 2 499.159129 826.917800 514.532328 839.460376 
628 2 289.258219 854.481990 309.951190 869.894217 
631 2 488.519449 688.843911 514.492933 687.375039 
632 2 496.562598 692.133503 530.527407 688.777363 
633 2 698.911824 712.904684 667.652152 691.280056 
634 2 132.354237 741.648455 117.334308 726.663732 
635 2 629.183838 740.883484 647.262339 755.788267 
636 2 462.119788 775.296091 428.021864 782.854318 
637 2 555.495160 815.505804 540.254399 802.794473 
638 2 517.357582 839.674255 496.437582 822.576371 
639 2 528.273346 831.781178 563.657849 860.304179 
640 2 648.401511 827.625705 671.877061 846.018747 
641 2 635.477207 886.528236 651.518207 899.477446 
642 2 611.421967 899.573790 624.548041 913.454571 
643 2 357.504984 308.806564 341.497588 308.867627 
644 2 604.913520 561.570728 577.721120 572.072547 
645 2 388.468333 575.097841 424.473253 577.004965 
646 2 672.473300 729.534968 623.673419 692.272883 
647 2 448.283706 733.657483 428.556946 738.721819 
648 2 622.318300 882.724427 640.527073 897.466561 
649 2 318.579221 956.413437 304.031938 941.964444 
651 6 245.725435 302.075384 225.567349 291.373146 229.208384 296.238188 221.604890 293.234485 222.699128 291.863034 213.250749 297.045587 
653 2 535.926486 707.343010 518.765539 716.024876 
654 2 635.181234 703.912286 660.021957 723.118292 
655 2 486.312143 767.937831 465.374416 770.455680 
656 2 524.253391 874.882489 542.433084 886.603786 
657 2 540.655196 929.193074 552.419247 939.591360 
658 6 251.145195 299.643179 267.721051 304.787776 265.217425 302.909070 276.378905 297.226227 245.897307 295.441965 251.005329 298.710207 
659 2 349.626311 539.176037 283.559812 532.873065 
662 2 601.081174 699.123005 582.135001 720.171457 
663 2 258.448705 715.888199 230.409722 712.183216 
664 2 545.196255 723.366876 529.123424 736.276197 
665 2 644.831402 761.068109 597.379533 724.656996 
666 2 547.372385 749.281399 537.426731 755.087467 
667 4 657.397007 793.626904 646.361477 784.670682 645.230756 784.797170 631.571288 772.421319 
668 2 433.599793 792.193146 419.460945 794.228733 
669 2 110.670669 788.328362 124.207369 801.788614 
670 2 627.214481 870.890365 605.734420 855.179498 
671 2 648.350838 916.668337 639.338343 908.682438 
672 6 331.254990 236.142870 305.385679 227.856917 305.578402 231.783193 263.426418 227.172733 264.978046 226.986188 226.519139 249.850115 
673 8 180.792726 250.558702 192.325994 258.263589 190.613067 257.248085 195.522468 257.046093 196.233804 257.774358 198.639340 257.403282 175.869790 244.141758 183.432677 251.568557 
674 2 232.720800 285.146042 247.203977 294.180688 
675 6 623.382524 644.451681 630.520590 627.097160 630.786305 628.258694 634.025696 618.677742 615.368797 653.377233 624.092329 644.054243 
677 2 509.672960 755.921457 497.646492 760.856961 
678 2 649.117417 807.026798 660.598271 815.364686 
679 2 580.296318 898.719449 559.541242 879.455566 
680 2 616.498932 900.501334 599.794993 887.131445 
681 2 674.597423 918.369788 655.700820 904.231591 
682 2 580.732603 916.199978 598.894694 930.280754 
683 2 566.793883 919.019538 579.087663 926.539244 
684 2 429.434040 491.819000 441.610382 490.639629 
685 6 564.217530 553.974818 558.058384 555.115516 559.309751 554.862674 556.510692 553.478380 565.695061 550.772581 562.952624 552.735089 
687 4 530.538614 690.940618 494.552087 694.094348 493.500000 693.500000 455.500000 693.500000 
688 2 676.521771 767.471259 666.317098 759.741463 
689 2 158.803950 806.173225 143.243986 791.700143 
690 2 581.985515 829.923934 608.613020 852.365902 
691 2 465.194017 849.868712 489.234875 869.819479 
692 2 220.270688 866.867307 233.754034 883.291452 
693 2 714.029807 904.062972 699.289559 891.751966 
694 4 560.344884 901.773081 543.626772 892.276818 577.609577 912.335020 561.437632 901.593902 
695 2 101.159624 900.847938 127.442094 926.559193 
696 2 319.349294 938.676799 336.600576 953.382011 
697 2 390.364512 479.781350 403.429910 481.162866 
698 2 156.138284 527.043801 146.438775 520.592045 
700 2 481.490758 644.788502 494.509433 645.205536 
701 2 651.124259 697.943325 662.951387 707.967422 
702 2 507.749487 719.345034 478.630521 727.942086 
703 4 626.039080 754.165426 604.618906 739.328336 604.143989 738.949505 595.693019 732.256291 
705 2 568.035249 880.063678 553.215614 867.844920 
706 4 393.654988 132.196969 412.741786 134.467232 411.397804 133.667408 427.760251 141.988230 
707 2 268.393419 522.442841 264.807792 529.128773 
708 2 101.605625 573.347138 103.156966 564.270455 
709 2 109.880830 565.602637 107.165092 575.679248 
711 2 666.673556 687.258267 692.831260 706.038614 
712 2 579.327927 720.712076 557.772917 735.435560 
713 2 528.515529 738.539394 504.672631 747.937941 
714 2 589.352286 752.689444 611.277679 769.785129 
715 2 426.888570 780.734736 381.057066 788.703791 
716 2 501.436603 835.374055 473.679280 812.284477 
717 2 568.643000 830.319808 585.403864 843.621140 
718 2 603.581083 906.402143 573.019766 881.079585 
719 2 232.549994 943.451713 212.403696 922.593015 
720 10 223.045460 133.685195 269.577270 126.171144 188.560128 143.718175 226.790353 133.182017 163.106385 153.863386 189.175850 143.873101 141.246620 164.943974 165.123748 154.063210 135.257474 174.004676 141.870380 164.079295 
721 2 109.175860 728.853360 119.587779 738.404308 
722 2 187.739749 757.132356 152.201789 733.957294 
723 2 379.461989 759.250207 347.293843 764.145209 
725 2 580.571148 788.414285 553.773422 766.170600 
726 2 531.235685 856.845514 509.636134 840.322046 
727 2 467.220013 898.844695 477.159949 906.918641 
728 4 139.592567 549.326799 129.735776 544.058844 141.671358 555.469530 140.606515 549.481060 
730 2 512.587694 736.655800 493.457096 747.423777 
731 2 134.347948 762.650401 117.935781 746.058093 
733 2 498.291128 821.748385 518.380583 838.642007 
734 2 618.800617 871.139239 607.390529 861.631372 
735 2 338.332348 646.666307 339.408186 641.281851 
736 2 453.987229 645.702887 454.596020 641.240259 
737 2 645.760261 840.195238 628.028248 825.052415 
738 2 569.526276 859.468591 598.397893 883.622052 
740 2 280.825188 514.511909 267.907855 510.260722 
741 2 348.533759 523.202826 292.462161 516.833091 
742 4 620.936646 547.288221 619.761160 539.314089 619.041341 538.805036 616.583574 535.109478 
743 2 344.629515 568.111170 292.523126 563.252013 
744 2 104.497354 584.672226 103.581031 600.619575 
745 2 136.783595 656.911717 168.616843 672.257624 
746 2 340.495504 729.734614 375.501812 730.405453 
747 2 516.654432 819.299622 543.746777 840.179803 
748 2 56.743500 903.252071 8.814844 856.179430 
749 2 286.657782 911.315955 295.880509 919.222607 
750 2 543.847226 919.258855 526.086390 903.980825 
751 2 596.489890 937.515519 614.614946 949.323560 
752 6 180.666053 494.230108 157.693013 509.316660 193.982289 488.336541 181.629121 495.458485 210.591733 494.446519 193.558154 485.390616 
753 2 153.533171 545.435426 132.446818 534.603528 
754 2 596.768994 546.203606 576.317415 554.022413 
755 2 347.419749 603.600078 347.992536 598.335973 
756 2 577.328164 626.944716 564.052227 631.053028 
757 2 667.184494 713.923504 641.840737 695.042629 
758 2 604.693328 857.270442 624.770459 874.178856 
759 2 169.767887 891.242405 185.467690 907.569488 
760 4 468.531336 919.464311 478.640259 928.340257 477.495733 928.227467 483.494262 928.133546 
761 2 527.294581 933.428055 514.598967 924.017416 
762 2 583.416320 930.586359 597.133633 943.878097 
764 2 295.870158 958.198819 288.472087 951.530970 
765 4 496.202747 176.250348 511.349263 184.768047 510.561182 183.064067 531.758658 218.344591 
766 8 144.676374 694.221483 166.707216 708.172780 167.444621 707.603917 184.419886 716.650331 123.386134 677.654119 144.617884 693.340442 109.176059 661.790950 122.934661 677.109605 
767 2 558.732754 782.190900 543.236401 770.522052 
768 2 598.403223 780.631153 615.621023 793.335988 
769 2 622.343911 798.692470 637.263341 810.791819 
770 2 261.498982 832.501052 273.696814 844.296471 
771 2 539.599409 856.363246 525.207947 845.901767 
772 2 404.262907 865.822547 390.878938 855.984482 
773 2 319.453333 882.557991 296.820420 864.344476 
774 2 440.923002 914.149973 431.855016 906.100084 
775 2 662.742907 753.185075 652.604203 745.364903 
776 2 180.381629 793.626169 208.247216 819.769437 
777 2 582.142715 875.932508 609.975427 898.924477 
778 2 343.917212 889.016173 362.232732 904.809942 
779 2 235.849736 914.275612 226.862273 900.267568 
780 2 602.772851 950.102419 592.242283 942.875528 
781 2 556.848179 958.284018 537.648341 942.321574 
783 2 295.605282 434.557438 285.838830 433.466547 
784 2 550.711356 541.250167 537.623311 544.937667 
786 2 510.583603 838.398119 488.012073 819.875976 
787 2 618.397613 840.619797 604.874405 829.061930 
788 2 620.066196 887.999710 603.936428 873.997267 
789 2 576.767326 570.108305 604.655021 557.852753 
790 2 614.148111 705.623909 632.165231 718.952528 
791 6 439.645161 743.896515 466.682450 733.998371 464.674585 733.377616 478.554583 732.087026 478.400904 731.552918 488.522133 732.041475 
792 2 607.905958 748.321521 587.468674 733.543322 
794 2 408.794212 759.870598 397.663139 762.259991 
795 2 542.696360 767.248155 559.572872 780.406536 
796 2 379.573150 784.654792 325.662781 788.069752 
797 2 639.704083 812.225814 653.502672 822.496410 
798 2 694.175258 823.951550 718.525947 841.463921 
799 2 429.377408 899.657675 437.755391 906.171521 
800 2 582.548061 910.447757 595.026752 921.927406 
801 2 277.168114 940.838949 270.084553 933.903006 
802 2 312.512916 598.347014 335.517800 600.289163 
803 2 505.505136 652.443284 516.505481 653.439480 
804 2 224.181675 732.499007 243.455272 738.640372 
805 2 632.488376 808.515102 614.418101 794.606404 
806 2 81.137782 869.852524 70.288971 858.705382 
807 2 562.260238 885.759540 576.791994 899.183920 
808 2 329.638743 918.313587 357.236548 938.853971 
809 2 642.929143 947.000126 629.020000 935.059115 
810 2 395.508898 958.487290 375.308426 944.345246 
812 2 145.987460 518.900249 139.472517 524.467840 
813 8 38.925896 525.059625 40.965894 531.664954 43.612892 529.484666 44.164483 533.545573 35.702178 522.434273 36.878265 526.051931 32.086040 519.770751 34.302308 524.590897 
814 2 142.501141 559.497878 122.757823 548.880039 
816 2 536.354680 693.023684 558.435063 686.287156 
817 2 294.479720 748.638347 312.531580 751.284566 
818 2 454.182034 755.408069 444.616918 758.827091 
819 2 548.347637 817.673432 536.616490 807.367402 
820 2 535.609370 880.330744 520.469307 870.547499 
821 2 420.229070 934.729739 426.916710 941.059746 
822 2 47.493008 433.133939 35.350615 466.536254 
823 2 465.102709 587.337204 463.592266 581.745185 
824 2 446.919518 615.812306 447.943599 611.157578 
825 2 212.453255 627.126021 229.433250 628.393929 
826 2 587.625155 664.596607 597.646883 651.613379 
827 4 490.507329 700.796649 467.496668 701.365139 532.602341 695.255929 489.445668 701.098688 
828 2 97.803282 747.232830 89.081176 738.940533 
829 4 269.450307 744.706921 275.577247 746.178348 276.364859 746.735062 294.476276 748.716819 
830 2 339.076262 951.927669 321.634657 934.366261 
831 2 334.548326 957.451055 321.466142 944.534292 
832 6 534.022588 267.352047 539.920581 248.320435 541.849963 248.533179 544.610542 219.415672 546.732608 223.391830 540.873077 210.791539 
833 2 367.502724 472.658579 357.454152 472.831207 
834 2 595.704841 596.941506 614.775383 588.093550 
835 2 610.424479 640.421582 600.239932 650.229958 
836 2 671.523209 714.468767 698.013922 734.154119 
837 2 550.542163 739.755417 518.460786 754.579303 
838 2 507.101509 732.715627 480.378275 746.292044 
839 2 542.312204 852.700105 553.150863 862.872022 
840 2 620.567180 923.417565 605.187253 910.883764 
841 2 263.358113 935.127546 251.853596 927.934463 
842 2 279.403764 293.262474 313.133898 279.596399 
843 2 139.716015 525.636994 131.798976 532.829111 
844 2 131.207446 532.060878 123.435776 541.863441 
845 2 184.489493 717.528571 224.259360 732.154340 
846 2 670.911587 738.941901 659.487536 730.516901 
847 2 480.547092 754.705775 455.486492 760.440976 
848 2 584.490174 802.512129 560.706929 783.244573 
849 2 492.049012 831.048619 513.410611 848.608741 
850 2 563.395820 904.647901 579.936952 916.299339 
851 2 219.855511 916.087624 234.394802 928.622024 
852 2 196.065519 935.915498 181.386019 920.565308 
853 2 388.723468 946.107928 370.404848 935.666943 
856 2 616.649699 588.451501 612.363099 575.220374 
857 4 591.696146 656.826777 576.697750 665.829450 575.573505 665.676406 563.573558 670.676533 
858 2 634.861628 686.324848 650.534945 698.454847 
859 2 227.908602 729.181358 268.512862 743.463433 
860 2 407.706605 742.246855 391.302169 746.784860 
861 2 257.008270 937.954812 245.137965 926.888331 
862 2 431.347808 289.678533 421.521348 281.301880 
863 6 259.756953 490.865767 246.153777 485.354576 245.654885 484.898112 220.759464 478.491715 226.081713 473.781455 211.839042 480.246876 
864 4 259.378045 534.444073 269.588790 535.084612 248.496179 533.263011 259.504797 533.286873 
865 2 291.489603 546.342728 309.499199 546.564926 
866 2 231.505728 616.422965 213.456804 615.080957 
867 2 650.525071 822.468050 635.413417 810.610343 
868 2 95.314248 880.683984 115.218122 900.779194 
869 2 330.151061 892.938913 319.026885 884.095108 
870 2 426.937170 914.004140 435.473477 921.530084 
871 2 548.619157 931.289596 540.417879 926.645006 
872 2 619.937004 941.980505 609.647390 933.324788 
873 2 412.324341 947.664455 405.063343 939.908808 
874 2 359.195485 958.898324 347.279379 949.788586 
875 2 611.685660 570.609152 608.609607 568.350712 
876 2 531.506165 678.801269 482.506222 679.804034 
877 2 486.499999 707.510461 451.499999 707.507495 
878 2 395.491804 719.779000 346.504700 718.340015 
879 2 341.512379 721.342888 390.523276 725.204586 
880 2 156.584787 808.405851 136.590353 790.399670 
881 2 519.762544 856.159359 534.491264 867.511334 
882 2 406.927252 921.071435 418.414614 932.585190 
883 2 513.918238 929.234246 519.265201 937.649194 
884 2 280.174145 958.832046 269.571534 948.427107 
885 2 532.491866 485.038331 516.495518 484.796644 
886 2 551.537786 498.699268 531.603535 489.977724 
887 2 602.107039 546.852270 593.178184 536.892041 
888 4 480.730395 844.044018 465.158454 836.175965 464.454342 835.550801 448.643373 821.340478 
889 2 0.171834 898.824016 14.082191 912.912525 
890 2 658.733594 914.203248 636.401965 896.624542 
891 2 614.483285 926.520754 634.430490 942.586304 
892 4 443.485695 152.672515 433.389276 151.835325 434.190918 152.382286 426.442698 147.592699 
894 2 373.608246 532.487896 372.712398 524.476250 
895 2 613.171856 794.918195 591.918343 778.241279 
896 2 97.263644 813.719841 117.996783 834.014100 
897 2 477.101117 808.988779 498.523515 826.471185 
898 2 241.656851 907.342062 233.129320 898.873250 
899 2 620.332518 925.710968 639.778780 941.148835 
900 2 218.030619 936.997048 207.723336 927.263499 
901 2 340.279531 946.697558 334.128363 939.833016 
902 2 410.287353 951.731848 400.871098 943.095395 
903 2 348.508641 546.399301 298.618544 542.118458 
904 2 212.446051 611.993413 231.437687 614.069911 
905 2 341.647415 632.582053 342.023504 627.322903 
906 2 598.696786 637.034124 577.611458 644.802524 
907 2 133.533348 648.422552 154.154701 657.301918 
908 2 107.709353 732.281888 120.470586 744.530645 
909 2 551.359088 840.678136 533.475197 826.531355 
910 2 211.294560 860.691587 198.763426 847.254338 
911 2 613.916127 850.944251 633.927944 865.928470 
912 4 605.233166 861.817315 613.367502 868.657565 613.702183 869.359778 616.549692 873.465537 
913 2 26.638123 871.358333 46.888192 891.101849 
914 2 627.101208 933.977054 595.470421 907.535384 
915 2 243.826950 945.128726 256.604741 956.381060 
916 2 512.452438 504.250689 535.565130 499.841401 
917 2 586.183845 683.251513 596.134277 674.197040 
918 2 606.123448 850.925919 617.259903 860.771575 
919 2 183.705398 572.658649 164.391702 567.943609 
920 2 602.599642 622.817212 571.524647 632.578464 
921 2 509.500000 677.500000 526.500000 677.500000 
922 2 572.918868 693.762334 586.156705 683.333596 
923 2 535.516362 724.486524 512.422065 736.302217 
924 2 484.210268 771.927535 460.269373 784.044317 
925 2 296.500405 841.499468 282.335231 830.716450 
926 2 520.486339 840.519245 540.393359 854.650231 
927 2 92.795933 870.201205 78.728887 856.268899 
928 2 299.973869 938.974788 288.619289 926.392352 
929 4 596.601734 940.427067 591.589657 933.435725 592.062076 934.114147 581.460885 926.554855 
931 2 89.543434 251.471181 103.803165 272.962361 
933 2 562.698629 511.994369 554.959985 499.450041 
934 4 352.723712 574.822654 353.395229 570.194604 355.011682 569.852923 353.507582 567.771789 
935 2 228.544583 631.001028 211.501943 629.478260 
936 2 210.697624 732.984942 180.534006 721.411373 
937 2 481.504611 856.495792 470.531081 844.471634 
938 2 310.929472 936.057218 297.734173 923.258570 
939 2 574.701281 952.188394 581.463538 956.556447 
940 2 45.901801 424.471200 46.487620 432.644241 
941 2 262.503334 508.532803 253.293563 509.468834 
942 2 231.580220 542.181477 174.427569 527.787597 
944 2 222.292442 548.464625 190.474531 541.618366 
945 2 458.362520 616.771264 459.581136 612.896514 
946 2 488.315270 732.054364 533.291832 713.410187 
948 2 509.114569 760.652572 485.030358 773.494641 
949 2 559.754568 778.172221 547.425025 768.596537 
950 2 600.539842 775.444100 617.484762 787.521379 
951 2 480.593063 839.050589 496.237189 850.848490 
952 2 76.397734 853.610848 59.738541 838.241441 
953 2 541.421540 845.589239 556.328183 858.695421 
954 2 554.211758 864.618114 569.159809 876.682481 
955 2 318.056292 876.108878 328.395511 883.643384 
956 2 247.058684 899.889238 237.226342 888.741365 
957 2 572.355444 901.649409 581.001797 910.014928 
958 2 268.209608 278.292351 257.219765 274.264637 
959 2 291.922503 309.169952 314.588322 316.369979 
960 4 382.499023 480.105651 390.507067 480.118568 386.499613 485.435405 395.499290 485.381481 
961 4 251.572635 528.162637 212.448517 519.739121 213.107685 519.587922 183.049695 508.748734 
962 2 155.762544 544.565312 157.753249 536.563000 
963 2 247.630842 543.521742 232.368865 541.480445 
964 2 218.249190 831.774647 209.856125 824.110029 
965 2 534.548021 869.436211 510.100045 851.031275 
966 2 144.471059 882.526720 157.430983 896.563721 
967 2 141.332676 899.701973 155.530048 911.463730 
968 2 153.207188 913.814089 143.347178 903.648224 
969 2 508.543051 935.458411 514.437685 941.560200 
970 2 276.247145 519.870087 347.502978 527.472086 
971 2 38.398454 535.371960 38.806944 544.618967 
972 2 133.563913 590.384051 109.238089 576.975146 
973 2 207.318068 717.976738 189.274475 711.090969 
974 2 246.368535 744.966677 215.820798 736.361227 
975 2 628.096942 725.045670 656.726742 746.193031 
976 2 651.714506 770.199665 631.376083 755.673499 
977 2 483.637265 818.332030 500.200015 831.867089 
978 2 532.569217 847.408925 514.415096 833.611715 
979 2 123.380445 872.629788 112.446562 862.558012 
980 2 598.112307 871.950754 622.783474 893.170417 
981 2 342.593016 144.664745 304.261713 166.306810 
982 8 201.174577 271.728420 168.589956 252.040929 214.235521 266.388025 199.138204 269.978869 218.641677 265.716439 213.766728 268.907480 216.393302 261.309688 214.449498 263.454225 
984 2 158.595053 525.867317 161.310533 517.771880 
985 2 245.421733 535.897389 213.479082 529.606209 
986 2 363.124880 590.488475 363.032014 585.453301 
987 2 614.231298 630.799253 610.646373 639.559897 
988 2 626.552927 686.427893 643.324854 698.738616 
989 2 321.646701 784.653339 281.423896 781.457994 
990 2 640.662625 830.309635 626.642825 818.332813 
991 2 652.888437 856.098950 666.251482 869.743392 
992 2 342.478192 895.528318 356.100374 906.018920 
993 2 152.679445 959.182837 140.476896 944.519227 
994 2 309.852862 321.876880 290.133536 319.224237 
995 2 640.755083 694.146864 627.940383 684.890336 
996 2 168.462633 700.653745 181.426016 703.804407 
997 2 540.207086 815.805841 563.692725 838.298769 
998 2 597.813666 881.126137 583.688497 869.275327 
1000 2 411.784514 284.150053 417.179640 293.280217 
1001 2 38.884013 503.902161 45.031706 518.134245 
1003 2 605.650797 665.609183 613.152463 655.248369 
1004 2 143.271044 697.956720 105.117218 665.768392 
1005 2 652.863505 913.170869 662.343867 923.641368 
1006 2 169.226511 911.791757 179.085019 921.904547 
1007 2 227.426765 247.764474 219.539506 247.975632 
1008 8 467.594612 461.029906 447.420740 459.731560 447.423076 459.995711 439.492255 459.751263 444.578073 453.907731 436.306893 455.491521 479.261502 465.197650 468.188178 461.412137 
1009 2 284.311347 501.017764 343.515333 508.376640 
1010 4 156.987783 512.102719 151.521520 516.526591 152.661173 518.027203 151.326365 520.967139 
1011 2 149.822128 533.179530 146.773049 539.629086 
1012 2 515.491662 594.124852 531.505977 593.768906 
1014 6 506.490692 686.244799 468.504751 687.630268 527.559622 684.014628 507.481553 686.340780 549.571580 680.969405 528.601731 684.167124 
1015 2 405.475795 727.901972 343.459795 724.167697 
1016 2 259.477751 745.940207 246.460462 745.282296 
1017 2 48.728799 859.239478 22.081942 835.837371 
1018 2 593.483803 853.521195 603.656631 861.295033 
1019 2 208.250113 855.745645 219.155142 866.839004 
1020 4 435.122369 923.927300 423.984109 914.083745 439.381400 928.589532 436.368893 924.598974 
1021 2 142.798273 931.206397 132.877797 921.128119 
1022 2 326.691615 319.191245 310.276434 320.359995 
1023 2 552.744036 704.858462 564.665214 696.742681 
1024 2 653.472705 706.536041 665.430387 715.591919 
1025 2 553.701677 788.261074 563.484311 796.518586 
1026 2 482.385499 815.644968 471.233839 806.836983 
1027 2 523.073198 847.797001 534.689060 857.268127 
1028 2 373.014543 944.720628 359.836147 936.020216 
1030 2 510.683523 475.295803 493.009195 479.371745 
1031 2 586.510349 501.487759 576.734485 493.222654 
1032 2 165.659134 518.862907 162.449695 528.136507 
1033 2 280.567424 529.704047 315.570386 532.669082 
1034 2 484.503514 615.714816 497.500037 615.502232 
1035 2 633.116999 667.110744 642.277254 672.855197 
1036 2 238.626792 690.750835 261.479926 694.618609 
1037 2 626.466502 711.543658 615.679048 703.266646 
1038 2 497.699233 817.245050 474.686405 799.261465 
1039 2 656.859141 896.352715 636.715268 881.213569 
1040 2 544.222099 900.868435 561.307358 913.755400 
1043 2 379.035485 513.826499 373.265495 512.670807 
1044 2 169.730878 531.619275 173.835800 523.673479 
1045 2 234.502549 601.802257 216.499136 601.736478 
1046 2 574.628578 629.875876 598.564318 621.688023 
1047 2 642.828856 734.084160 629.478888 723.526696 
1048 2 307.455638 728.839867 281.506168 725.452743 
1049 2 367.489582 756.351430 352.423420 757.407887 
1050 2 617.927880 790.912144 595.934076 774.903631 
1051 2 0.325467 788.685250 31.721464 818.264938 
1052 2 503.889008 788.005308 525.743229 805.190691 
1053 2 634.619927 796.336217 646.895864 805.325060 
1054 2 6.694907 783.304202 31.754061 808.249348 
1055 2 484.742140 804.214962 500.943456 817.977980 
1056 2 302.515772 871.483455 313.272977 881.738147 
1057 2 662.971685 924.216087 684.213714 939.888037 
1058 6 478.046607 950.472293 468.300604 945.927601 469.924632 945.256832 463.988093 948.587615 463.973507 949.144011 461.243550 951.151205 
1059 2 211.078083 942.916010 218.528346 950.472051 
1061 6 34.241694 546.438726 31.836084 556.579725 33.226951 554.514777 16.648733 580.508214 15.639057 577.836282 6.841044 585.119877 
1062 2 415.452512 583.663276 439.494092 584.644717 
1063 2 350.736204 588.486900 350.508908 584.388584 
1064 2 603.694171 606.992657 583.654118 614.891033 
1065 2 386.497229 697.541848 365.522975 696.153027 
1066 2 622.105567 694.033268 634.643025 703.306632 
1067 2 486.839921 907.118591 503.268308 921.759971 
1068 2 392.692679 933.294608 379.790149 921.190707 
1069 2 633.468543 933.538921 622.414937 924.605248 
1070 2 316.532457 491.168136 284.448146 488.030184 
1071 2 105.012203 613.257977 110.925096 625.771651 
1072 2 101.973469 645.848025 110.845977 659.271316 
1073 2 696.401671 699.632468 686.125444 692.004600 
1074 2 391.500000 725.500000 407.500000 725.500000 
1075 2 21.715032 833.246238 41.740905 850.215705 
1076 2 636.757998 955.182125 626.325618 946.714854 
1077 2 526.757466 953.215347 515.732293 943.243179 
1079 2 127.424536 602.639825 106.564024 591.381371 
1080 2 599.872158 723.028396 613.848884 734.057889 
1081 2 544.208771 792.859433 560.715551 806.233968 
1082 2 43.500017 819.499982 74.690688 849.300416 
1083 2 408.315700 911.676122 420.536878 924.464758 
1084 2 421.645662 143.669888 399.495673 162.661271 
1085 2 270.554831 149.666688 220.093885 166.265390 
1086 2 341.482101 203.338120 328.420646 204.782317 
1087 4 34.144248 466.232122 30.749737 475.216534 31.098074 474.389012 34.870895 481.183496 
1088 4 457.490218 477.519479 451.094454 474.307542 452.661677 473.962617 440.369714 475.321367 
1089 2 111.052450 548.257967 115.078674 540.812943 
1090 2 581.487817 660.463498 565.589987 665.769612 
1091 2 566.587867 675.799040 549.586552 680.794565 
1092 2 537.064767 713.389537 549.757674 705.330801 
1093 2 437.498737 720.607407 398.504131 720.148787 
1094 2 263.152891 929.835863 274.968286 942.046886 
1095 2 321.075284 947.875989 333.086114 958.948942 
1096 2 434.596240 156.391095 416.323489 171.283422 
1097 6 223.801589 235.080630 228.334091 238.340166 226.824337 235.822005 234.579063 236.359660 234.620236 235.457353 237.175850 233.300979 
1098 4 432.548310 432.893802 419.471972 431.851693 447.500358 437.498379 433.098722 434.315900 
1099 2 274.253828 457.882053 254.930249 465.580020 
1100 2 576.599808 521.530680 578.349405 515.838925 
1101 2 492.594958 698.215729 528.363373 693.470202 
1102 2 688.693744 691.210954 706.663591 703.255940 
1103 2 565.917384 827.981142 551.556954 816.429199 
1104 2 58.360728 836.645692 47.618100 826.376456 
1105 2 415.424688 862.034642 407.442218 860.910200 
1106 2 496.108112 949.852676 504.349940 957.595255 
1107 10 408.851424 305.436605 422.971006 300.998471 422.813230 300.399576 429.377107 296.303086 400.600686 303.863549 408.868368 305.171488 378.192997 296.665441 401.671194 302.850116 364.164227 291.252275 379.188202 297.958134 
1108 2 566.748070 484.021285 548.473387 474.551356 
1110 4 212.647277 524.829269 248.038791 532.600440 182.899015 514.355706 212.444797 524.658310 
1111 2 703.428289 666.614401 718.697127 676.185523 
1112 2 640.267903 698.827572 625.564181 688.409418 
1113 2 718.497884 810.502875 705.768601 801.135019 
1114 2 495.588058 837.390771 478.443901 823.569586 
1115 2 330.590380 870.362745 346.803611 881.038925 
1116 4 326.497744 192.714936 336.506994 192.733522 335.236190 192.271686 347.595226 191.748200 
1117 4 210.448207 236.873612 221.485758 232.464348 207.776905 241.656925 211.451585 235.172693 
1118 2 358.318022 489.252970 355.350749 484.595079 
1119 2 112.296033 625.919400 132.010253 635.507026 
1120 2 555.118330 798.741709 542.523310 788.471414 
1121 2 38.045057 816.966380 18.299755 797.705279 
1122 2 344.672077 883.269215 333.768777 875.139524 
1123 2 137.556176 886.431950 124.320626 875.505912 
1124 2 63.487675 893.513054 78.406754 907.598763 
1125 2 553.830017 903.014329 542.585769 895.373778 
1126 2 694.280547 911.769317 686.044898 905.058512 
1127 2 366.688231 930.003301 357.161572 926.393033 
1128 2 430.273619 922.662247 435.758272 930.314896 
1129 2 684.867965 941.044008 700.422612 953.595901 
1130 2 702.935499 941.992286 719.071774 955.833414 
1131 4 229.699736 282.743801 233.310413 284.031568 226.033337 286.837411 230.392514 283.767231 
1132 2 199.560586 302.991528 203.279396 287.401530 
1133 2 262.558177 318.318861 242.578617 318.957913 
1135 2 251.444213 520.685914 236.306850 516.143689 
1136 2 138.316029 661.927168 163.400712 672.730541 
1137 4 557.443795 673.420739 562.658214 669.723115 562.219697 669.863058 579.410934 662.297611 
1138 2 665.526848 679.457378 680.324518 688.778583 
1139 2 702.328944 736.756970 713.641546 744.287361 
1140 2 472.430499 812.584328 453.754128 797.191659 
1141 10 510.838562 50.358094 513.937516 53.129063 513.312540 53.496605 515.468079 56.522737 515.340767 55.826848 515.659130 57.930029 514.078399 57.507271 512.449994 61.479500 516.240848 60.329331 513.036600 65.194820 
1142 6 448.391613 69.288817 430.134301 61.926944 429.712935 62.155492 411.769070 51.064672 475.603470 73.571485 446.453747 68.418437 
1143 4 455.426667 163.165712 448.329467 164.722626 467.659991 163.879287 452.805433 158.634875 
1144 2 513.555665 488.745863 486.364633 494.902108 
1145 2 275.362917 532.046414 272.263488 526.149964 
1146 2 200.841123 738.652769 187.922272 733.451223 
1147 2 372.282719 747.488252 401.646498 741.182153 
1148 2 546.503057 802.495354 563.877488 813.926236 
1149 2 580.381462 899.637846 594.856488 912.085448 
1150 2 606.476254 120.185806 605.095855 126.176449 
1151 2 404.758408 142.379363 374.236774 138.660174 
1152 4 274.526916 295.864851 280.457858 295.797347 279.163091 302.307664 283.914019 300.965231 
1154 2 143.344793 525.915389 163.433330 536.625056 
1155 2 391.478045 560.987971 409.441682 561.796185 
1156 2 233.482487 570.035530 241.506608 570.297930 
1157 2 110.041300 573.216915 129.424148 585.618551 
1158 2 123.610770 615.289490 108.566659 607.373320 
1159 2 502.560344 684.969675 530.484828 681.381910 
1160 2 173.427067 716.395373 142.762290 699.036656 
1161 4 192.635059 747.153342 169.621829 738.187301 202.705148 750.033220 193.320398 745.908654 
1162 4 243.523664 766.414948 237.438277 764.721848 237.236348 764.466047 227.167562 761.718085 
1163 2 305.471105 954.526415 298.300381 946.682486 
1164 2 383.255432 198.491140 393.616235 195.979477 
1165 2 334.871301 298.454855 311.205572 302.949868 
1166 2 283.898437 452.974863 277.422947 458.408167 
1167 2 226.715702 514.359715 187.384970 497.772757 
1168 2 365.694375 575.494505 365.579777 571.441199 
1170 4 454.522983 713.750095 468.496870 712.465943 469.525275 712.642968 492.513935 708.578824 
1172 2 277.532152 777.298060 231.427155 769.957529 
1173 2 451.380569 798.640665 465.436505 810.574784 
1174 2 463.464015 848.538566 436.560229 823.435451 
1175 2 338.054783 216.196886 347.643753 212.920753 
1176 2 211.894457 280.861128 222.263573 287.263298 
1177 4 351.473439 289.851863 359.578229 290.463659 359.104692 290.608900 364.116057 291.548269 
1178 12 239.402765 312.090954 247.424882 310.183996 247.683421 311.252364 248.878521 307.311530 251.909194 312.513220 251.924766 308.497769 254.242243 310.535239 253.668722 306.340218 250.307577 307.554157 249.378410 304.252774 247.531312 306.229946 245.564799 303.084723 
1180 8 259.301381 482.620161 255.840262 476.899129 255.833221 478.792476 243.313463 472.896072 242.587351 472.319204 225.494610 471.634559 257.690630 487.487784 257.766080 482.488923 
1181 2 150.991735 507.772813 157.729899 495.627548 
1182 2 602.419439 514.593477 586.809757 501.140583 
1183 2 577.414923 550.309955 591.315216 544.087231 
1184 2 292.458292 719.901256 267.519845 717.309079 
1185 2 226.957302 763.044108 182.334215 749.027802 
1186 2 568.547332 870.444100 555.550977 859.439795 
1187 2 106.834627 925.152859 84.938011 904.045609 
1188 2 518.621956 0.460992 518.496771 22.534010 
1189 6 319.543797 137.223552 309.418471 136.876138 310.460054 132.751752 300.396087 131.154899 338.105417 129.885280 316.192133 135.240141 
1191 2 217.584376 253.207293 216.091238 262.979141 
1192 2 327.537890 272.485256 300.500907 271.475708 
1193 2 446.607682 285.170310 431.828439 287.544511 
1194 4 345.570922 306.621302 339.968218 298.885128 339.930935 299.381532 334.156684 297.635124 
1195 4 180.308124 508.947609 177.954095 513.197630 182.736289 508.156027 180.080790 509.112490 
1196 2 405.523698 549.946096 391.506571 549.346405 
1197 2 103.879444 669.229729 98.752797 662.032218 
1198 2 645.646919 751.308999 657.052267 760.082071 
1199 2 378.535326 790.653085 366.484747 793.433901 
1200 2 128.191224 886.823245 138.914272 897.066316 
1201 2 359.207137 941.025993 369.390826 946.696080 
1203 6 348.537709 142.770197 342.502153 142.458341 352.705186 138.890503 345.357463 138.312749 357.713002 136.372122 350.286909 135.628766 
1204 6 493.729848 179.040679 468.534491 166.432707 508.330679 193.866189 492.507370 180.323028 519.178394 206.894975 507.243341 193.512598 
1206 2 272.298190 272.703281 287.821969 268.771095 
1207 4 314.379327 282.547074 330.624548 284.419304 328.836044 283.236902 334.866203 285.542017 
1208 2 243.960708 464.382076 235.623557 468.736563 
1209 2 279.211337 500.455978 283.848245 501.140292 
1210 2 281.498198 574.530612 307.467062 576.059472 
1212 2 452.762073 805.187673 474.535511 823.457679 
1213 10 348.093880 194.654362 358.261695 192.417006 357.758995 192.709145 363.793293 192.001698 363.072647 194.952884 368.757375 196.624996 369.516768 194.476503 373.775312 197.515504 370.655584 199.671297 374.052746 202.120391 
1215 2 478.607960 478.552056 479.128050 467.482524 
1216 4 455.591107 501.359156 450.241927 497.898959 450.500157 499.790740 432.500703 499.800467 
1218 2 177.571591 537.375981 168.656154 532.229490 
1219 2 25.960987 704.095918 48.508616 724.490474 
1220 2 718.687069 862.268813 701.567661 848.416381 
1221 2 710.434905 951.580823 697.664635 941.295587 
1222 2 627.347702 951.702326 636.455978 958.558482 
1223 6 396.232826 261.739425 418.699857 259.565024 380.191227 264.650211 396.651574 258.669299 368.792786 270.216607 380.319970 265.506912 
1224 2 201.688334 287.932484 210.560275 280.572659 
1225 4 357.114642 317.000401 355.374914 312.183975 362.204735 316.912194 360.681032 312.124159 
1226 2 289.780592 315.680140 277.343096 317.280890 
1227 2 328.472633 489.764208 354.504083 492.460583 
1228 2 407.499364 495.443375 438.506684 495.095116 
1229 2 -0.663118 505.112360 21.025048 486.933365 
1230 4 263.134787 529.764522 260.504723 527.494527 260.401920 527.282961 259.719513 524.447176 
1231 4 454.971982 573.277396 454.232751 568.389188 456.596033 568.392124 453.867857 565.963456 
1232 2 355.500000 717.500000 377.500000 717.500000 
1233 2 557.225839 735.070351 546.502934 748.716525 
1234 2 533.439219 805.585383 513.078927 791.091503 
1235 2 61.302449 886.708673 74.648367 899.343280 
1236 2 278.858486 907.209330 269.907299 896.169751 
1237 2 647.688403 938.242699 636.714380 930.207221 
1238 2 428.578536 946.232319 422.243661 944.373698 
1239 2 139.625822 958.375265 108.760890 927.241364 
1242 2 345.482220 293.929860 363.903512 305.453523 
1243 2 260.287702 516.085255 274.567284 517.997581 
1245 2 8.590351 589.317161 -2.474224 602.045171 
1246 2 261.478262 732.753389 272.568221 733.704775 
1248 2 614.542142 780.447977 596.337291 765.700859 
1249 2 280.514510 782.327100 264.492220 782.128891 
1250 2 103.554118 916.445300 92.495575 905.504472 
1251 8 100.600601 187.555221 89.848889 207.142599 90.085879 207.103992 87.457934 216.488220 87.167965 215.544343 85.775619 236.518297 86.941519 237.242063 89.461951 251.327874 
1252 2 200.170400 249.077764 209.294369 241.955523 
1253 2 339.004270 263.591063 341.557333 277.489468 
1255 2 467.353821 480.524534 467.641748 470.504073 
1256 2 269.588892 491.542985 270.024008 480.520686 
1257 4 127.700478 529.727951 134.127044 524.075934 135.020421 524.172299 138.304389 519.366337 
1258 2 631.989850 721.184604 642.252533 728.832093 
1260 2 283.453422 763.723314 260.412899 758.917595 
1261 2 608.722613 819.239217 623.325360 831.704584 
1262 2 85.951565 886.011797 65.701852 867.281771 
1263 2 288.277145 937.745116 278.322850 928.694846 
1264 2 459.107540 17.677929 482.794061 -0.423741 
1266 6 302.082899 265.107823 308.920524 257.835639 307.473359 261.429528 315.796085 258.283214 300.618975 268.576427 302.988990 264.886984 
1267 2 99.677203 311.526861 104.212482 281.608002 
1268 2 443.587185 448.930383 452.232412 447.179070 
1269 2 342.615460 451.539132 306.448303 453.586987 
1270 2 228.758431 497.411677 209.679360 495.050633 
1271 2 715.640144 677.246604 699.576189 668.362242 
1272 2 606.388207 718.646921 624.052652 732.087914 
1273 2 649.434071 743.585896 624.525178 724.467197 
1274 2 270.432984 738.951808 316.603798 745.800214 
1275 2 28.280068 951.705831 35.040816 958.929744 
1276 16 532.814112 95.622134 533.300525 90.388521 529.817169 90.875822 533.139081 88.072339 533.463613 99.389072 532.856319 94.113630 534.296195 103.283664 533.009061 98.546545 539.236941 106.037383 535.351853 99.848506 546.362435 108.726539 538.612822 104.020636 553.958179 113.629799 543.738324 108.248837 557.605841 114.454436 553.646414 114.053630 
1277 2 448.664303 158.511767 442.642633 153.538002 
1278 2 394.200131 316.826216 418.668852 312.442482 
1279 8 545.001605 335.210932 534.005006 365.054556 535.382292 364.146163 510.849501 386.951709 512.989920 389.464505 489.712290 400.930961 545.635551 318.798029 542.662302 335.166185 
1280 2 522.770708 460.726781 514.396718 457.795004 
1281 2 377.503745 475.095405 368.495260 475.012015 
1282 2 173.884288 511.192349 177.685261 503.592658 
1283 2 214.310873 506.291960 259.862360 517.170080 
1284 2 2.247179 726.749603 19.637550 744.364201 
1285 2 576.255932 755.803272 597.793007 773.135917 
1286 2 579.149634 774.963147 594.463643 786.548060 
1287 2 87.545866 900.455562 74.754630 887.253298 
1288 2 718.064405 912.829157 699.642756 897.330323 
1289 2 446.588864 53.142689 453.240015 36.182363 
1290 4 303.507972 219.339418 316.521095 219.428802 298.701579 215.042845 305.669609 218.115349 
1291 2 661.958291 263.740295 627.005300 248.474282 
1292 2 280.337038 264.754752 290.715458 262.485317 
1293 2 320.592385 313.963984 337.518667 310.593752 
1294 2 220.479631 417.540176 189.354317 401.759746 
1295 2 247.127211 419.218403 226.085180 408.299401 
1296 2 297.066275 425.142771 256.404581 420.301408 
1297 2 354.225937 486.211732 287.495576 475.527630 
1298 2 229.440834 552.774931 244.393932 555.992874 
1299 2 127.751107 642.199672 120.678655 636.286326 
1300 2 693.504484 646.492510 676.582726 636.361818 
1301 2 193.441251 693.668722 172.538205 686.390278 
1302 2 257.511221 751.755187 246.498655 751.589279 
1303 2 81.557876 906.435546 92.121737 915.921257 
1304 2 321.765320 59.737594 235.349499 8.438059 
1305 2 373.877393 147.116974 348.279692 162.774666 
1307 2 289.615402 266.353771 294.771587 270.422987 
1308 4 281.156883 481.858258 304.677446 485.280405 260.630110 473.038206 280.986422 478.773557 
1309 2 107.153153 603.044276 120.477464 611.535363 
1310 2 709.342419 638.745372 692.759639 628.095712 
1311 2 708.522741 649.466570 717.000767 655.233879 
1312 2 604.640859 682.594390 615.138856 666.928098 
1313 2 313.517320 721.316102 302.520684 720.280387 
1314 2 559.390248 738.353056 577.656715 724.709821 
1315 2 693.473891 720.529710 706.759336 732.204896 
1316 2 710.381413 736.766308 697.302969 730.942466 
1317 2 27.707162 743.263677 39.449768 753.557303 
1318 2 0.310486 802.699104 16.195937 817.819449 
1319 2 448.815031 809.115374 461.987702 819.904558 
1320 2 113.670429 929.318528 128.626894 943.364884 
1321 2 0.331356 928.670573 18.433148 946.567617 
1322 2 501.866761 25.477925 502.205513 0.414924 
1323 2 234.876766 11.962913 219.093940 -3.262216 
1324 2 566.140336 146.091098 522.483418 119.527253 
1325 2 713.950783 275.748778 677.189672 266.770643 
1326 4 252.384676 291.668277 256.541596 292.078620 255.468275 293.389201 258.522904 293.301960 
1327 2 363.789121 307.445615 394.571429 315.886374 
1328 2 189.808132 401.072858 174.153496 390.529681 
1329 2 356.655704 474.592225 289.404445 463.057096 
1330 2 472.592146 471.489714 472.490057 480.499887 
1331 2 688.330094 697.745695 706.588533 710.371975 
1332 2 336.501824 709.468808 314.518542 708.182995 
1333 2 185.023996 709.834467 197.423577 719.597066 
1334 2 675.913069 853.039867 653.788672 833.178437 
1335 4 475.497654 843.503293 483.639059 849.304857 482.603355 845.368122 491.091881 852.020746 
1336 2 87.645543 923.358076 72.836776 908.171600 
1337 2 606.415601 124.301107 567.451444 125.084303 
1339 2 284.516097 309.482230 268.488474 309.228730 
1340 4 339.006052 318.426659 334.054662 320.705272 334.541695 319.793048 326.803474 322.532504 
1341 6 165.947987 388.655799 155.660895 383.196804 158.847229 382.373190 151.402792 379.778947 169.951692 389.796509 165.554220 386.973010 
1342 2 5.640748 399.262134 0.367811 398.662591 
1343 4 272.447683 454.412681 280.097977 449.829011 258.472007 455.242055 271.642464 453.812756 
1344 2 439.544111 475.380655 402.517570 476.249110 
1345 2 291.496506 683.533505 260.520551 680.302945 
1347 2 130.032994 732.942122 118.787926 722.198632 
1348 4 332.508671 793.674772 359.541357 792.333597 315.485955 792.741243 331.489930 793.672975 
1349 2 226.228434 835.799284 235.643237 844.342143 
1350 2 59.375785 891.641456 49.267293 882.765007 
1351 2 79.438191 926.564868 67.654964 915.337366 
1352 4 453.872848 36.365434 456.079357 32.865223 454.320343 33.342212 462.095377 31.098118 
1353 2 346.027789 72.149567 323.075259 57.230354 
1354 2 579.590620 89.879991 619.156011 71.749334 
1355 4 622.356530 161.504307 621.933045 147.396944 621.946924 149.241937 624.722351 143.609566 
1356 2 303.486294 549.704505 289.482177 548.765931 
1357 2 115.546669 559.419536 133.789685 570.000546 
1358 2 463.505209 676.420862 476.514664 677.277244 
1359 2 317.422733 745.335377 370.539088 747.571508 
1360 2 61.732248 777.242167 50.686741 767.292688 
1361 2 17.406587 796.594167 2.346499 781.654741 
1362 2 325.642810 789.616206 314.568208 791.033116 
1363 2 435.272468 52.973634 443.719895 49.322071 
1364 2 174.645741 160.961733 156.554314 166.672076 
1365 2 219.753287 165.566971 203.483218 169.429304 
1366 6 718.315656 175.017435 667.974890 181.276857 668.459837 181.281444 649.831510 177.042987 651.982385 178.708954 630.289402 160.754448 
1367 2 30.113523 208.449554 14.298408 211.430458 
1368 2 20.355634 391.187577 12.229345 377.662619 
1369 2 148.563528 383.308664 136.457740 382.957710 
1370 2 256.399438 419.955932 247.929244 418.087713 
1371 2 370.329525 471.532754 370.725316 461.508897 
1373 2 233.881018 497.397844 228.955330 496.505057 
1374 2 468.500000 699.500000 484.500000 699.500000 
1375 2 258.497320 717.517264 279.457940 720.770952 
1376 2 271.533826 724.372534 287.472845 728.602326 
1377 4 366.500074 764.501753 379.476667 763.950613 360.500000 765.500000 365.500000 765.500000 
1378 2 628.682495 834.295166 610.700854 818.274561 
1379 2 684.389361 923.630246 694.638725 932.336691 
1380 2 284.869231 927.129964 299.885543 942.113617 
1381 2 669.661824 66.059435 650.649296 71.559073 
1382 2 370.147067 85.336986 344.225977 74.406815 
1383 2 536.635892 91.551111 581.388274 90.347122 
1384 2 382.640929 93.266468 372.241086 86.380708 
1385 2 374.455768 137.126456 356.264032 135.841993 
1386 2 306.312020 159.193794 324.009234 148.329509 
1387 4 191.339470 197.713556 169.239662 202.224589 170.500524 201.321274 140.499641 201.307948 
1388 2 438.496630 279.380882 447.498957 279.391412 
1389 2 257.195559 287.686113 273.410664 291.848057 
1390 2 215.152848 301.462728 214.068633 311.561052 
1391 2 10.290053 378.658292 -0.064096 364.925307 
1392 2 237.765377 424.958018 220.998739 416.510145 
1393 2 458.445541 415.051872 443.184816 416.906449 
1394 4 282.762390 468.559462 283.673425 464.539301 283.471493 463.692066 288.398343 457.420144 
1395 2 36.122643 480.400168 43.749050 500.541626 
1396 2 84.357593 738.643301 72.820152 727.177838 
1397 2 283.276792 777.503018 277.347870 776.183618 
1398 2 463.841828 812.089802 453.513917 803.483300 
1399 2 205.698002 949.699168 200.627929 942.080334 
1400 2 349.084574 164.452311 331.474260 171.435085 
1401 2 392.736341 215.899855 410.890032 223.048903 
1402 2 676.048036 265.928647 664.105624 261.763529 
1403 2 422.507608 275.418717 436.664381 276.743780 
1404 2 675.757913 282.748962 658.756261 270.535298 
1405 2 449.852533 278.731543 450.817289 285.595951 
1406 2 532.762117 286.829994 540.758720 301.893515 
1407 2 539.814668 301.993867 545.265359 320.077779 
1408 2 485.502887 405.516537 470.438255 408.146293 
1409 2 216.164628 471.799763 241.564522 459.634719 
1410 2 180.379341 500.793220 224.694007 519.028532 
1411 4 361.570469 531.500658 361.617318 526.482424 362.365535 526.414685 360.600349 524.225362 
1412 2 4.369872 583.162373 1.225883 587.291271 
1413 2 109.204724 588.973608 125.215784 598.955869 
1414 2 652.674970 631.254584 668.482477 642.524578 
1415 2 519.488995 665.091921 501.502076 665.576981 
1416 2 645.406065 675.648776 654.549393 681.421771 
1417 2 363.495588 695.647040 347.480001 695.166434 
1418 2 46.517614 890.483375 54.280162 898.707499 
1419 2 129.472860 941.528537 116.155159 928.862585 
1420 2 511.709887 62.032702 483.521093 60.950547 
1421 2 142.163862 177.187767 114.909829 204.938278 
1422 4 332.348336 287.299005 338.627054 286.506115 337.741927 282.798607 348.192586 292.183148 
1423 2 278.667358 326.055985 259.470309 325.465836 
1424 2 442.495373 416.140808 434.509580 416.243681 
1425 2 387.500220 546.549894 396.504445 546.510274 
1426 2 522.500939 650.676620 506.501391 650.761684 
1427 2 116.374947 892.631720 105.096917 881.924575 
1428 4 638.058730 15.609886 666.164205 18.627515 663.952344 17.377669 676.414638 28.779348 
1429 2 711.521285 108.542284 689.556468 119.598779 
1430 2 635.253657 187.012077 611.466802 175.569009 
1431 2 246.837134 196.855961 237.929955 180.269113 
1432 4 448.345320 220.605910 452.738170 227.021626 451.888116 227.454735 452.313704 240.506075 
1433 4 429.502189 235.504627 421.418772 239.328279 432.106948 231.145236 428.190923 235.171933 
1434 2 366.119717 461.396066 364.131017 468.672462 
1435 2 323.588681 476.372797 346.603577 478.183451 
1436 2 617.106816 699.941416 625.540970 707.454005 
1437 2 170.091087 737.530388 158.231243 730.300480 
1438 2 566.410816 792.612358 583.657325 806.301795 
1439 2 459.853690 30.581799 496.061925 27.444340 
1440 4 546.358168 57.396639 559.753485 50.124850 535.466159 57.926479 547.439114 57.668980 
1441 2 358.464724 234.154543 332.476538 233.600459 
1442 2 718.759424 276.056060 713.660048 275.758374 
1443 2 138.068349 374.140466 129.338038 368.256554 
1444 2 383.411999 460.815236 407.527765 457.716044 
1446 2 360.508626 646.277203 388.505376 647.361143 
1447 2 12.397216 740.605972 0.716554 729.276728 
1448 2 37.637444 128.044291 70.065445 108.829622 
1449 2 209.160993 146.585881 178.549940 157.938202 
1450 2 115.659022 172.693902 106.355532 180.323844 
1451 2 166.629545 244.209933 180.531596 241.673153 
1452 2 97.892532 273.970799 89.673350 263.365651 
1453 2 100.610567 280.970634 97.255232 274.629517 
1454 2 428.480241 282.108827 436.504244 282.369245 
1455 2 125.452612 361.031278 110.580112 355.292388 
1456 2 358.505194 457.853516 367.517940 457.721102 
1457 6 586.656515 510.597040 584.479966 514.107582 584.672215 512.522844 584.651295 514.512107 584.492652 514.162856 587.743627 519.007555 
1458 4 663.092863 623.165825 670.413159 627.642018 671.287715 627.714577 674.303741 630.698378 
1459 2 451.499790 707.141161 422.499800 707.158098 
1460 2 339.499929 733.512138 352.499482 733.588390 
1461 2 279.530967 786.208284 308.522733 789.285849 
1462 2 599.644167 918.343992 610.561887 928.433029 
1463 2 -0.285337 135.883452 37.869832 127.598020 
1464 4 231.720563 177.342525 238.761596 175.499262 239.472193 176.532295 247.465593 176.302608 
1465 2 107.708729 337.416073 100.297272 318.983601 
1466 2 376.270616 461.466506 374.656199 472.522808 
1467 2 383.488642 728.867853 402.501392 729.454903 
1468 2 177.558010 157.347874 173.895783 159.444701 
1469 2 247.045171 173.160018 268.614933 165.838607 
1470 2 242.745950 318.238293 221.564764 316.641121 
1471 2 7.683152 415.973654 2.292017 414.097704 
1472 2 519.534917 686.775730 532.579006 685.123885 
1473 2 15.628259 946.364882 3.823437 935.159267 
1474 2 80.316137 112.438047 81.389983 126.584262 
1475 2 425.603581 148.570277 422.122263 147.062885 
1476 2 402.469699 201.675383 424.480235 201.309857 
1478 2 174.537254 390.238909 170.997153 387.327158 
1479 2 470.315554 408.409793 459.453104 413.048470 
1480 2 356.505620 694.048359 366.504072 694.172781 
1481 2 138.599495 785.386314 151.412520 796.599957 
1482 2 71.535762 870.459248 91.262711 887.770403 
1483 4 550.507786 894.484519 563.693192 901.115869 548.192375 890.810221 552.209107 894.793347 
1484 2 372.514187 912.483341 382.838994 921.276174 
1485 2 675.539392 38.374784 637.493154 39.174201 
1486 4 633.206492 66.547492 640.443731 64.317394 636.490486 61.871221 656.502201 61.951516 
1487 2 431.111708 208.546177 433.864599 231.694489 
1488 2 115.878952 268.196684 105.144052 254.784904 
1489 2 315.896632 258.732844 321.060179 255.740939 
1490 2 207.167255 480.098276 203.396484 484.303807 
1491 2 212.462450 723.641616 227.468079 727.620386 
1492 4 530.824781 218.832893 532.736455 228.453013 530.412758 223.506250 531.700759 241.485618 
1493 2 174.044275 405.062959 165.929975 394.957719 
1494 2 438.497117 412.618322 428.478698 412.374202 
1495 2 596.499167 682.499272 609.557149 667.549919 
1496 2 482.833906 77.748307 474.378657 76.136575 
1497 2 567.218061 121.545197 557.022458 117.800031 
1498 2 299.507252 132.310870 282.493922 131.658511 
1499 2 187.506571 181.642804 164.509253 182.701069 
1500 2 97.477380 320.486208 97.364515 312.487801 
1501 2 490.314078 402.730968 485.001631 405.006185 
1502 2 188.377906 540.886353 177.514722 537.453413 
1503 4 167.454142 685.603513 182.585510 692.306984 152.858584 675.011627 166.725291 685.193166 
1504 2 3.933407 736.049526 18.737405 750.292626 
1505 2 86.452041 931.545675 96.701786 942.307822 
1506 2 350.504846 133.265476 340.467804 133.058070 
1507 2 339.434422 245.166373 357.445882 245.875186 
1508 2 133.405190 358.719592 126.413299 355.700812 
1509 2 348.484878 214.095442 359.506857 213.683442 
1510 2 453.454045 239.668897 452.050437 247.597445 
1512 2 95.961954 815.998782 76.718549 798.262875 
1513 2 208.766933 897.132978 203.236242 890.727746 
1514 2 682.515084 124.254706 668.506564 123.393253 
1515 2 105.609210 353.458869 106.302460 338.444706 
1516 2 117.592812 343.502934 117.570155 336.496539 
1517 4 151.286739 379.568414 146.807857 377.744156 152.303734 385.942372 148.685038 384.336873 
1518 2 431.036843 417.667198 420.850553 423.332229 
1519 2 283.490769 429.632637 272.474531 428.865961 
1520 2 452.529148 717.768823 474.487846 715.387909 
1521 2 282.563368 221.994292 295.605420 220.322317 
1522 2 118.097721 351.653728 113.125770 338.643009 
1523 2 249.343536 433.020461 236.318207 429.104717 
1524 2 466.958736 825.949625 481.219797 837.836178 
1525 2 267.999699 204.121241 282.191217 208.500620 
1526 2 168.025614 252.689431 165.099268 247.181605 
1527 2 52.090002 203.892448 40.608956 208.757143 
1528 2 310.607263 300.426811 304.458159 301.138466 
1529 2 619.648230 703.256774 635.314534 712.804327 
1530 2 483.917043 60.748664 475.824473 62.249533 
1531 2 525.571532 104.643625 524.444005 89.504170 
1532 2 376.223025 918.806367 363.544736 907.344399 
1533 2 449.441523 166.709716 435.529281 177.537622 
1534 2 687.456081 188.830746 675.403032 187.230254 
1535 2 454.431032 691.076187 468.491624 691.691429 
1536 2 259.485679 849.515895 247.392128 838.619726 
1537 2 125.162583 762.811038 113.669758 750.343514 
