1 593.293431 147.043087 513.251016 203.439772 536.595269 165.847009 57.730911 33.069894 -0.303590 5.962951 2.126498 
2 136.208839 172.988173 137.177604 172.956523 190.539754 165.245604 80.828746 53.709951 1.313017 3.000038 2.998084 
3 593.090455 162.982078 516.090632 203.821180 594.748303 217.043405 80.850939 53.604171 -0.003180 4.681733 3.308134 
4 289.470161 274.523217 274.069928 352.947184 390.276619 308.690210 124.959310 82.997258 -0.259413 3.468378 2.777706 
5 275.548169 349.431494 292.293552 338.194077 224.837926 308.673050 80.689944 53.622508 0.000857 0.677024 0.412525 
8 414.113187 126.114036 416.078928 125.181514 373.969319 73.014365 80.093687 53.023602 0.258548 0.923460 0.891677 
9 487.905678 97.342839 593.333389 146.931098 513.053044 145.340979 79.256347 50.271294 0.004275 4.229786 0.019804 
10 502.890267 201.478490 487.791148 97.332929 504.895762 148.528046 71.704566 51.483752 0.022637 1.608653 4.389943 
12 99.056723 419.058024 226.370986 404.213600 168.614064 431.648283 73.402317 41.219354 -0.036602 3.320659 5.839735 
13 242.971815 466.970751 99.054933 419.464714 171.887030 442.255588 80.850899 53.579372 -0.018159 0.334612 3.444863 
14 226.073649 403.774572 245.329484 464.120406 202.561552 442.067574 48.359179 43.074640 0.120466 5.263043 0.476081 
15 567.983433 494.240026 569.874911 493.497237 593.953653 443.009308 80.142090 52.936070 -0.000421 2.039970 2.015811 
16 464.894041 102.657111 570.738620 108.486780 512.528156 214.095291 120.892898 120.892898 0.000000 4.308446 5.216146 
17 108.822594 479.188933 95.014967 422.007831 132.972704 442.613047 43.559459 43.559459 -0.000000 2.154360 3.638927 
18 244.916512 419.051180 246.980865 463.990392 208.298965 443.206817 44.226568 44.226568 -0.000000 5.700040 0.493036 
19 437.123620 46.894577 367.968320 128.290075 367.479426 69.134111 89.343181 57.323769 0.308502 5.974090 1.562532 
20 332.948008 18.667418 374.010372 16.590637 359.213053 151.338097 135.269675 135.269675 0.000000 4.516944 4.821766 
21 374.035691 16.842041 434.167055 43.770148 359.899591 128.366750 112.211298 112.211298 -0.000000 4.838470 5.432860 
22 455.479295 188.547486 439.901343 122.927711 475.599428 147.559704 44.266074 44.266074 -0.000000 2.027122 3.745582 
25 525.944098 475.037916 553.919261 394.813380 573.648262 443.060173 61.432061 50.013683 0.006521 2.551055 4.324218 
26 367.030046 127.890378 301.724886 88.229474 378.582002 33.663018 94.109505 94.109505 -0.000000 1.692784 2.524205 
27 576.342854 112.663772 595.244701 149.977187 550.145779 150.164673 45.188958 45.188958 -0.000000 5.322156 6.279028 
28 601.056235 388.425029 662.879370 413.134870 601.014122 480.360702 91.644671 91.644671 0.000000 4.712847 5.456285 
29 665.250955 470.253343 609.078828 497.353262 603.325191 410.949988 85.958289 85.958289 0.000000 0.763770 1.504304 
33 589.902683 498.589703 559.894779 493.637598 609.719229 300.812946 198.562166 198.562166 0.000000 1.670660 1.823658 
36 675.821916 434.993846 669.657497 464.840478 625.894259 440.978356 49.973252 49.973252 0.000000 6.163891 0.499193 
38 557.812812 492.472264 526.168635 474.766408 572.945100 430.841698 63.264947 63.264947 -0.000000 1.811566 2.387625 
