1 735.585227 235.802244 731.057503 284.051698 681.352336 257.836344 57.485298 57.485298 -0.000000 5.897271 0.485340 
2 211.132638 194.470129 168.808806 196.468174 188.495081 85.816835 112.051024 112.051024 -0.000000 1.365388 1.746867 
6 244.814484 199.294835 306.433684 206.787493 260.823182 318.041063 119.995807 119.995807 0.000000 4.578383 5.101460 
7 185.175281 270.964527 179.712257 257.056230 198.485305 260.475990 17.954424 17.954424 0.000000 2.474201 3.321780 
10 -0.004685 318.031403 68.164706 345.149847 -2.660446 419.550449 101.336311 101.336311 -0.000000 4.738543 5.473172 
11 715.001516 318.718524 754.485873 323.982143 723.436606 420.813886 102.275291 102.275291 0.000000 4.629956 5.022683 
13 1004.012524 317.869618 953.922072 305.184854 1002.332637 212.765032 104.726069 104.726069 0.000000 1.554815 2.053311 
15 291.640874 361.603756 436.327707 388.114774 365.865273 364.644732 75.667649 47.129338 0.124779 3.182540 0.321528 
17 919.775931 434.398603 968.848745 423.905558 973.537085 579.865052 155.493007 155.493007 -0.000000 4.358381 4.682337 
20 534.158538 472.740671 521.983386 514.986652 491.012197 482.498369 44.873884 44.873884 -0.000000 6.060773 0.809300 
25 600.971005 436.853000 693.834884 480.251884 640.028915 464.775238 54.425560 27.249008 0.273006 3.762244 0.280077 
29 755.760284 323.566629 795.942470 377.965309 493.809387 467.599758 321.334043 106.268461 -0.362207 5.780459 5.994784 
32 1003.773413 409.231733 983.038722 377.344493 1028.610965 369.795259 45.900037 45.900037 -0.000000 2.132848 2.977429 
35 859.705108 324.663198 910.043096 316.850440 905.444024 442.917428 125.922018 125.922018 -0.000000 4.343327 4.748854 
40 906.628756 229.533700 871.896071 289.845631 745.756444 219.220247 164.689302 82.910724 0.180970 0.064022 0.510411 
41 28.270421 297.725155 0.285581 274.835050 62.097128 236.084551 72.812040 72.812040 0.000000 2.072697 2.581618 
44 975.886311 425.035024 998.341869 429.290263 970.885871 532.637449 107.596201 107.596201 0.000000 4.758827 4.972058 
46 66.754236 425.587407 132.727073 427.128318 97.626273 550.340004 128.336348 128.336348 -0.000000 4.469797 4.989919 
47 193.078583 241.029234 244.405836 199.153208 230.524657 225.006240 40.231057 20.433881 -0.430321 2.737272 5.205140 
48 919.062104 251.021658 892.613908 287.399459 861.766370 234.946346 60.240958 60.240958 -0.000000 0.273535 1.039175 
53 178.080589 265.387590 153.048711 304.047414 127.693334 261.791212 49.166738 49.166738 0.000000 0.071254 1.030348 
54 314.447764 209.733732 350.214309 247.480575 287.092090 273.825622 68.209667 68.209667 -0.000000 5.115800 5.887799 
56 213.454941 523.408673 192.336868 482.235422 235.848810 483.508048 45.475701 45.475701 -0.000000 2.082229 3.170832 
58 315.702877 310.160243 256.921484 314.701144 278.916305 199.922312 116.733176 116.733176 -0.000000 1.248714 1.760129 
60 310.604234 410.459718 279.369832 383.570406 345.429533 340.070286 77.339939 77.339939 -0.000000 2.030237 2.559267 
63 857.365136 109.090357 870.162401 86.090360 1002.934210 173.210828 158.512996 158.512996 -0.000000 3.556503 3.722291 
65 134.923165 68.040599 168.945212 65.315893 162.172810 209.125919 143.307993 143.307993 0.000000 4.521595 4.759447 
68 124.011405 315.071920 54.850065 311.735992 97.363196 181.356059 136.511822 136.511822 -0.000000 1.374084 1.885997 
69 397.516237 449.640747 481.040137 443.802654 446.659954 558.771100 119.695725 119.695725 -0.000000 4.289268 5.002965 
71 591.350457 325.309363 616.126429 353.923253 567.582932 379.755145 55.314243 55.314243 0.000000 5.123990 5.794158 
76 736.918495 507.718937 706.143755 485.439326 750.675436 468.560293 46.143860 46.143860 0.000000 1.908640 2.779290 
78 758.311303 221.325141 902.899309 221.161616 829.453699 236.765441 76.559488 46.634800 -0.058183 3.355312 6.073844 
79 365.232153 266.567406 337.695334 302.780184 305.590335 248.736350 61.869506 61.869506 0.000000 0.290511 1.034760 
81 399.345869 197.541059 279.460414 151.765614 341.137220 169.197099 63.861956 24.267671 0.354172 0.453143 3.417035 
83 795.829397 377.382950 757.996683 411.993764 745.672293 357.565891 54.222639 54.222639 -0.000000 0.376275 1.348116 
84 0.714665 468.660681 0.061625 505.246497 -22.892236 487.969642 29.961425 29.961425 -0.000000 5.597602 0.645213 
85 834.292986 409.452425 809.271854 379.258547 849.351507 369.555038 41.380536 41.380536 -0.000000 1.931697 2.904058 
86 921.033762 420.191626 837.933785 411.088107 891.503538 304.379464 119.838597 119.838597 -0.000000 1.321133 2.036058 
87 345.994145 69.229012 383.072176 70.176992 361.518185 181.744223 112.713412 112.713412 0.000000 4.575282 4.903231 
89 455.565086 365.008350 464.683768 339.527971 500.281231 366.918796 45.784975 45.784975 0.000000 3.184291 3.797432 
90 67.334174 346.389894 71.274238 401.423955 -11.861568 366.840191 95.359794 53.508730 0.149555 6.030481 0.394215 
93 234.119855 91.754886 216.466471 183.041866 186.056219 128.375445 72.129475 55.834043 0.226317 5.632100 1.063139 
94 452.163454 122.963270 452.879735 146.120654 377.345577 138.784510 76.720502 76.720502 -0.000000 6.074792 0.096820 
97 664.050828 111.984256 672.316523 96.122714 695.778732 119.260407 31.849630 31.849630 -0.000000 3.367024 3.920027 
99 726.103882 451.152451 778.093588 427.335968 786.008825 516.996734 88.838871 88.838871 0.000000 3.974187 4.624337 
100 549.208111 465.109884 571.420543 445.348666 592.352996 490.704272 48.686715 48.686715 -0.000000 3.677012 4.279998 
102 161.861170 323.302023 192.933006 323.832794 170.404518 452.486059 130.222566 130.222566 0.000000 4.646352 4.885741 
103 910.217821 317.095505 971.979987 349.191268 933.330983 339.271332 39.354227 17.281118 0.376128 3.906297 0.251244 
105 647.845776 119.040839 632.134133 172.186485 597.048972 131.526062 53.719687 53.719687 0.000000 6.042175 0.858871 
107 575.004931 202.052552 499.235190 182.717363 566.004677 83.828389 119.213868 119.213868 -0.000000 1.494814 2.164681 
108 530.363215 238.441708 533.443629 278.681237 497.412606 261.886960 41.091936 41.091936 -0.000000 5.664765 0.436167 
109 454.505951 369.390269 439.480127 401.412285 407.442395 369.038677 46.057233 46.057233 0.000000 0.007470 0.790613 
110 966.987070 385.984430 928.371896 409.859089 911.276279 337.269148 73.674605 73.674605 -0.000000 0.718508 1.339502 
111 477.337731 161.364704 470.106537 137.998407 518.523119 134.336728 49.326452 49.326452 0.000000 2.560835 3.066108 
112 745.886129 218.898148 763.432447 199.281251 801.168067 250.105059 62.384720 62.384720 -0.000000 3.655504 4.073719 
113 725.874389 206.283515 736.781039 235.013483 667.613687 234.230642 68.875392 68.875392 -0.000000 5.835917 0.011318 
114 347.008688 298.615879 442.256999 330.567699 332.475507 490.078957 193.389994 193.389994 0.000000 4.788150 5.315176 
121 623.908973 207.391489 688.215832 215.466600 643.181196 321.193682 115.158322 115.158322 -0.000000 4.544632 5.115065 
128 1023.535788 491.688111 956.981275 514.729607 956.027785 412.899156 102.270800 102.270800 -0.000000 0.862356 1.561433 
129 95.366926 356.369558 133.047889 322.126869 139.905615 368.216189 46.518827 46.518827 -0.000000 3.401559 4.564681 
131 481.772624 443.440592 503.090428 516.334871 461.226595 483.279641 62.396820 42.261373 0.117179 5.188538 0.668361 
135 972.007879 186.045720 898.542817 178.726172 941.721558 79.184608 109.970992 109.970992 0.000000 1.294621 1.980077 
136 544.865986 302.447767 611.488526 326.094651 516.566826 480.699878 181.331695 181.331695 0.000000 4.869834 5.263011 
137 190.246778 69.330382 234.605397 91.503696 170.102963 173.879387 105.471945 105.471945 -0.000000 4.902730 5.376695 
138 419.274539 210.280046 488.030033 207.802508 455.386452 320.019567 116.362787 116.362787 -0.000000 4.394481 4.995473 
139 688.565709 214.632779 714.638303 232.527007 647.736771 301.508226 95.224800 95.224800 -0.000000 5.151726 5.482483 
141 468.614944 357.219133 487.100375 340.435437 488.816933 356.524276 19.246213 19.246213 0.000000 3.107211 4.606099 
142 336.184185 290.327593 313.582121 303.035362 278.117462 214.076199 95.306952 95.306952 0.000000 0.919965 1.191444 
145 640.970470 394.045965 632.707095 377.093024 682.080336 365.840267 50.655084 50.655084 0.000000 2.540253 2.917508 
148 395.771559 299.849982 370.499556 277.177517 424.121660 248.746254 60.800227 60.800227 -0.000000 2.077284 2.654066 
152 934.299362 292.882569 918.703070 260.342652 969.429240 257.655365 50.195835 50.195835 0.000000 2.354811 3.088666 
154 534.120587 279.069086 507.603078 304.797098 486.343134 252.043840 55.485156 55.485156 -0.000000 0.514778 1.187700 
156 1.914202 98.173306 43.036822 128.034218 -35.601344 194.667323 103.214564 103.214564 -0.000000 5.083191 5.580239 
160 205.511759 499.812156 243.627730 449.991306 363.996622 526.468760 167.124649 66.131668 0.293735 3.308229 3.707606 
161 366.180372 470.076349 388.974237 444.918312 406.277791 482.791515 42.126879 42.126879 -0.000000 3.448669 4.283827 
163 145.745625 432.893027 178.158126 459.101249 122.855907 494.571929 65.615317 65.615317 0.000000 5.067746 5.712882 
165 982.329882 379.911461 954.770707 407.659173 919.860309 345.201852 71.392469 71.392469 0.000000 0.507151 1.061109 
166 798.959207 403.250239 839.308862 415.483269 742.423811 673.682934 276.799316 276.799316 -0.000000 4.918476 5.071364 
167 953.108244 306.413300 933.839121 294.254969 966.015220 262.632805 44.442627 44.442627 -0.000000 1.857486 2.364877 
170 921.752275 295.713667 974.512700 321.670723 895.042989 428.541075 134.001746 134.001746 0.000000 4.910825 5.351787 
178 616.906735 353.263427 601.908746 401.913197 581.249525 369.153554 38.163123 38.163123 0.000000 5.863967 1.008159 
179 868.540974 118.865128 1020.389059 77.517942 951.147321 111.145645 81.509843 52.060410 -0.153639 3.048414 5.831078 
183 833.464305 433.890018 853.304940 445.831937 800.233512 512.291130 84.629576 84.629576 -0.000000 5.113290 5.386249 
184 687.760866 500.665312 643.974631 521.221433 637.144003 455.847396 66.456497 66.456497 0.000000 0.724709 1.466689 
186 18.945816 257.114958 20.436457 215.600174 35.717878 238.779319 32.003086 23.968949 0.293493 2.311687 4.129521 
187 921.557931 250.165950 954.232056 206.311421 1001.297959 278.068482 85.542236 85.542236 -0.000000 3.478195 4.131873 
188 722.042819 278.033269 685.571604 309.311226 666.491724 247.403117 63.181122 63.181122 -0.000000 0.503907 1.271837 
189 252.636203 399.268507 228.314018 416.647713 213.874262 367.645843 50.675588 50.675588 -0.000000 0.684312 1.284230 
191 839.273439 100.536941 818.658030 168.635282 790.045742 128.185122 56.053650 48.668460 -0.423809 5.771450 0.955157 
193 638.570976 347.238694 659.805379 325.763436 704.813958 398.001844 84.331805 84.331805 0.000000 3.795455 4.155189 
197 45.416435 126.522583 53.970574 169.658266 5.378809 161.940962 50.280746 50.280746 -0.000000 5.558929 0.157504 
199 757.718865 411.905493 720.979813 418.865717 711.991099 264.098654 154.628185 154.628185 0.000000 1.270761 1.512783 
202 853.203278 446.820550 847.264130 499.283227 729.847329 477.328157 134.565969 60.090724 -0.076371 6.040737 0.184849 
203 506.066898 413.778290 454.964628 368.008276 503.462529 361.877051 49.829914 49.829914 -0.000000 1.520659 3.015837 
204 602.299099 194.872961 575.883220 202.882694 574.541358 147.652202 55.178678 55.178678 -0.000000 1.039374 1.546505 
206 702.411384 534.447719 731.788332 533.950030 706.517397 582.782235 53.631745 53.631745 -0.000000 4.627643 5.189943 
210 180.407802 241.914885 188.625382 217.514118 217.133564 243.352835 39.040108 39.040108 -0.000000 3.180726 3.877911 
214 545.506267 503.576230 537.062032 491.554780 590.911575 461.860949 61.596457 61.596457 -0.000000 2.398525 2.637658 
216 483.071854 320.520997 436.894025 320.257520 462.807985 163.332332 158.876552 158.876552 0.000000 1.442589 1.734455 
219 22.055232 456.863215 29.003709 436.566743 63.078893 461.383486 41.462719 41.462719 0.000000 3.251337 3.771056 
224 280.804118 342.229343 290.702550 329.953797 354.053354 393.904904 89.653173 89.653173 0.000000 3.755984 3.931706 
232 91.732767 175.824070 169.629846 213.608360 45.226265 373.959345 202.924254 202.924254 -0.000000 4.942936 5.372211 
234 345.041322 516.053067 308.765504 531.510502 307.708934 485.573175 47.507018 47.507018 -0.000000 0.684689 1.547800 
236 363.222393 248.958698 356.781965 218.201581 1215.083436 -5.651653 888.345352 888.345352 0.000000 2.851157 2.886466 
237 724.435599 253.884126 721.539370 277.793461 687.507535 261.265825 38.027257 38.027257 0.000000 6.085892 0.452104 
240 53.828867 168.737293 8.806059 208.236179 5.661758 157.425641 49.971255 49.971255 0.000000 0.230662 1.508992 
242 271.405379 343.980828 273.186565 356.877930 237.948297 360.561045 36.739987 36.739987 -0.000000 5.823091 6.179043 
250 162.525588 250.031863 149.996195 292.251689 125.676841 263.424273 38.161577 38.161577 0.000000 5.934585 0.870018 
253 697.473452 503.652179 732.943037 514.135055 517.039442 1249.225708 767.384370 767.384370 -0.000000 4.949831 4.998065 
256 662.223496 140.080138 647.755336 171.691913 600.949178 129.954500 63.116296 63.116296 0.000000 0.163771 0.728215 
258 95.555585 408.390492 137.159019 419.660156 61.813192 621.450226 216.169661 216.169661 -0.000000 4.869455 5.069745 
261 69.786256 402.666384 46.724178 414.294116 33.996334 359.807551 55.654610 55.654610 -0.000000 0.875037 1.341315 
262 894.056723 505.932285 876.093850 483.956256 913.969282 470.373364 40.296972 40.296972 0.000000 2.081275 2.797259 
267 397.099445 520.744099 365.635591 491.855658 413.800434 471.874043 51.844833 51.844833 -0.000000 1.900096 2.748343 
271 468.996360 181.035144 525.781543 203.636835 436.070556 343.011049 165.742930 165.742930 0.000000 4.912932 5.284301 
274 533.796100 472.969503 529.330009 436.194067 660.392959 437.435714 130.198012 130.198012 0.000000 2.867949 3.151066 
276 660.705258 381.395367 647.345569 355.860201 665.301855 360.422711 19.301221 19.301221 0.000000 1.786556 3.390417 
278 557.482263 238.257152 607.589539 201.905989 626.813299 285.657073 84.793275 84.793275 -0.000000 3.741278 4.486763 
279 666.025855 412.942929 640.761197 394.330541 692.066818 354.408866 65.055744 65.055744 -0.000000 1.989389 2.480339 
280 150.164025 292.683261 118.724913 305.676419 113.883774 254.703307 51.881398 51.881398 0.000000 0.808283 1.476106 
282 958.984614 521.904814 928.140223 518.112012 951.439483 406.019161 115.876850 115.876850 0.000000 1.505780 1.775735 
288 1023.206535 148.296130 974.941915 174.800615 963.744430 95.533530 79.358570 79.358570 -0.000000 0.725772 1.430462 
289 632.115948 173.019456 601.090627 190.164002 568.825530 98.256785 96.702501 96.702501 0.000000 0.868308 1.233176 
292 705.648574 461.065180 701.528182 436.041331 955.386981 401.169477 256.500041 256.500041 -0.000000 2.906205 3.005080 
294 75.209195 512.356128 41.600559 500.924259 259.475368 -96.189835 635.737097 635.737097 0.000000 1.864818 1.920665 
295 274.505597 109.574065 281.829727 79.834067 480.064871 208.789233 229.562967 229.562967 -0.000000 3.591272 3.718331 
301 660.011983 108.948102 657.198909 -0.108309 1306.326493 45.668789 648.835573 648.835573 -0.000000 3.043996 3.211997 
304 914.582393 516.924857 932.096420 528.816770 888.121177 584.756507 72.721248 72.721248 -0.000000 5.084333 5.378608 
305 319.254574 415.305906 349.440475 429.269377 298.176430 501.975089 88.985042 88.985042 -0.000000 4.950960 5.326523 
312 668.846409 175.528899 726.634218 217.156821 646.867260 286.328627 112.209371 112.209371 -0.000000 4.908215 5.568805 
313 498.396081 183.601390 476.940229 162.055334 546.474275 112.801999 84.532768 84.532768 0.000000 2.167341 2.525295 
318 749.467144 242.140627 753.194868 229.757627 782.898696 246.455417 33.683994 33.683994 0.000000 3.269947 3.653711 
321 73.756898 117.072381 70.406953 63.079438 130.330171 85.354181 63.948074 63.948074 -0.000000 2.630604 3.497486 
322 768.688652 294.484880 739.636444 265.925135 791.710241 241.649271 57.217148 57.217148 0.000000 1.981713 2.705364 
326 732.983137 514.214791 772.548283 533.677912 719.675945 588.573958 75.643668 75.643668 -0.000000 4.889473 5.479011 
328 723.781057 492.242270 727.449157 450.975726 752.677249 474.569462 34.471073 34.471073 -0.000000 2.592690 3.893527 
333 29.722355 437.268484 51.959745 422.908583 66.040287 470.868871 49.741662 49.741662 -0.000000 3.888143 4.426826 
341 732.985484 286.742676 752.753101 290.361370 716.311544 410.487395 125.066193 125.066193 0.000000 4.846327 5.006926 
356 197.691392 177.146438 169.522003 177.734423 184.185611 178.669750 13.903268 7.429860 0.124825 6.170870 3.205292 
364 840.039773 415.904444 868.903792 433.103879 805.501403 511.667569 101.964452 101.964452 0.000000 5.058533 5.391395 
371 258.259402 289.584058 208.502671 259.402645 327.604924 112.626917 190.434327 190.434327 0.000000 1.944281 2.252485 
372 260.264260 324.533738 268.659643 338.089012 254.619014 336.733073 14.346081 14.346081 -0.000000 5.145795 0.096274 
373 773.968193 523.214170 759.979698 521.136699 800.613242 291.545420 233.191805 233.191805 0.000000 1.685307 1.745965 
374 438.890833 190.725922 475.036610 194.512571 438.859714 450.606858 258.003981 258.003981 -0.000000 4.712509 4.852724 
375 767.027535 262.925500 750.202236 242.521870 787.106482 230.545374 39.487701 39.487701 -0.000000 2.125865 2.827787 
387 1000.225510 309.515733 962.726523 300.605755 1004.527553 192.722787 116.361701 116.361701 0.000000 1.607614 1.940451 
397 14.693968 439.989573 16.656411 463.029821 -100.863629 490.221020 125.045105 125.045105 -0.000000 5.873138 6.055811 
403 143.007629 518.739627 108.990618 519.090523 122.647519 380.707249 138.845941 138.845941 -0.000000 1.424350 1.669167 
413 653.869404 173.412043 668.482098 176.208629 624.237616 345.151955 174.472741 174.472741 0.000000 4.883246 4.968526 
414 262.042714 331.976611 269.972681 346.508085 -481.216555 520.804807 772.419941 772.419941 -0.000000 6.034395 6.055192 
426 205.886358 186.232051 192.875317 188.157445 185.148910 95.037471 93.298433 93.298433 0.000000 1.347201 1.488013 
439 82.254078 11.029534 84.829507 -1.174532 139.262102 15.722165 57.719901 57.719901 -0.000000 3.223723 3.442577 
440 914.162874 294.759150 900.422305 292.689549 915.881327 229.580277 65.492566 65.492566 0.000000 1.597155 1.811022 
447 142.578027 177.372288 96.337353 144.796860 155.174517 109.630470 68.564698 68.564698 0.000000 1.754645 2.602873 
466 79.725482 45.141178 82.349311 11.059264 138.342612 35.339763 60.679189 60.679189 0.000000 2.975915 3.550752 
471 441.058571 195.343640 468.988286 196.331274 448.507358 372.812765 177.320431 177.320431 0.000000 4.670441 4.827924 
477 137.454726 156.772979 92.393699 115.200498 180.847756 67.307626 99.863372 99.863372 -0.000000 2.022393 2.645342 
478 785.841137 56.527930 838.857444 84.402101 779.002527 143.808116 85.939212 85.939212 0.000000 4.790582 5.501551 
485 720.525680 225.543745 734.513012 248.830162 697.978478 254.903344 36.727045 36.727045 -0.000000 5.367290 6.118460 
489 194.000060 176.999329 178.864955 173.220718 191.004000 153.077847 23.781411 23.781411 0.000000 1.446200 2.113160 
490 872.818182 187.463176 911.882226 214.250116 856.839075 253.475086 67.399850 67.399850 -0.000000 4.949885 5.664038 
507 603.694227 509.649604 571.718348 494.598361 642.985842 386.736408 128.418951 128.418951 -0.000000 1.880200 2.154677 
530 302.359310 443.212934 352.639153 471.473804 256.665351 587.713764 150.798372 150.798372 0.000000 5.018659 5.402577 
541 802.950989 305.559318 782.127406 299.732489 812.901477 236.030570 71.165230 71.165230 -0.000000 1.712944 2.020829 
549 269.421112 521.395586 208.098948 476.995288 292.460476 408.989826 113.032713 113.032713 0.000000 1.772962 2.463132 
551 154.397407 221.536295 175.234415 263.007156 124.757419 264.566374 51.240391 51.240391 -0.000000 5.315572 6.252305 
556 55.713827 124.512605 69.117927 152.662556 12.461926 162.902730 57.453709 57.453709 -0.000000 5.557267 6.104373 
564 634.964323 195.247622 660.005633 195.645105 643.788370 301.273556 105.975139 105.975139 -0.000000 4.629355 4.864731 
567 497.993335 304.897487 447.867184 298.492450 517.022478 31.586312 275.607999 275.607999 -0.000000 1.640309 1.824321 
582 537.212654 513.326550 528.950306 512.124311 532.956182 480.441869 33.124358 33.124358 -0.000000 1.442076 1.696567 
591 906.043776 155.917564 886.056751 141.980020 929.811786 99.395330 61.277650 61.277650 0.000000 1.968855 2.369749 
612 963.470954 284.726191 947.484751 273.079895 994.657641 227.121241 65.347329 65.347329 -0.000000 2.067004 2.369232 
613 96.236179 406.935200 83.920439 407.674355 97.799331 277.176576 131.004735 131.004735 0.000000 1.582842 1.676752 
617 642.981161 91.014513 655.296403 107.001332 601.394702 136.472931 61.089598 61.089598 0.000000 5.453334 5.782829 
619 128.746029 401.304260 106.709411 370.113554 153.354264 360.785087 47.063129 47.063129 -0.000000 2.116583 2.944207 
622 676.361252 316.884148 709.451883 313.126198 703.617395 385.494502 73.653818 73.653818 -0.000000 4.334247 4.792837 
625 537.991687 64.084030 582.997056 63.675593 563.001060 181.703615 118.755136 118.755136 -0.000000 4.502880 4.880213 
636 499.451972 149.555732 493.058348 136.040625 520.075163 124.519654 32.542893 32.542893 0.000000 2.259846 2.738505 
646 689.840417 206.334209 719.654729 225.378423 644.677134 311.263673 114.313200 114.313200 -0.000000 5.118838 5.430084 
660 928.509869 164.413132 907.824467 156.290851 929.967725 128.424875 35.287517 35.287517 -0.000000 1.611283 2.242257 
663 822.024517 430.863964 833.033219 434.284652 814.367549 472.452725 42.371355 42.371355 0.000000 4.894461 5.167229 
672 4.093625 185.817802 0.059517 195.047016 -10.784052 185.364876 14.292901 14.292901 0.000000 0.030434 0.728874 
740 108.196934 195.539784 137.894016 208.247673 58.693874 351.895934 163.483024 163.483024 0.000000 5.019009 5.216266 
780 645.997062 515.977365 630.592366 502.932815 640.362138 506.818960 10.779482 10.779482 -0.000000 1.019222 3.520177 
800 673.546964 121.058499 676.373976 142.951710 513.644079 150.302743 162.437931 162.437931 0.000000 6.102297 6.238043 
805 633.055154 427.703480 688.070848 447.888765 626.275525 535.641522 107.504671 107.504671 -0.000000 4.775117 5.325927 
870 129.015753 56.099293 168.000000 53.000000 157.543985 167.103227 114.305782 114.305782 0.000000 4.460831 4.803770 
880 319.979921 448.067039 341.090304 459.872056 310.698688 483.923887 37.511792 37.511792 0.000000 4.965671 5.613712 
903 17.903289 495.980778 9.829348 510.868710 2.547960 496.625442 15.337866 15.337866 0.000000 6.241227 1.098216 
928 864.028880 182.886250 890.789132 192.454336 854.756612 255.980741 73.144948 73.144948 -0.000000 4.838568 5.228346 
993 470.137223 134.728851 474.092169 146.089973 471.602617 140.679582 6.828262 5.377191 -1.218745 4.470939 1.139540 
995 146.248568 459.106972 139.072290 472.876238 128.484750 459.070429 17.185656 17.185656 0.000000 0.002057 0.916573 
1001 912.873028 58.634530 931.138107 53.414683 1011.279443 341.310120 299.309312 299.309312 0.000000 4.377386 4.440893 
