1 296.410958 75.047383 295.396253 41.018003 424.889148 55.921749 129.255438 129.255438 0.000000 2.993815 3.256182 
3 423.987562 77.032856 404.621143 48.572691 431.558987 58.673059 32.456287 18.161393 0.010899 1.961939 3.500320 
4 314.001162 3.794307 337.274829 36.918573 318.732722 43.509639 40.111209 18.105227 1.537261 4.593811 5.941650 
5 300.006849 35.987895 335.012014 36.224790 317.655530 132.930327 97.240290 97.240290 0.000000 4.532308 4.889976 
6 44.841995 33.957458 69.960730 5.066042 68.360094 66.285624 63.963122 23.764493 1.482518 4.083457 4.738529 
7 300.009768 38.437547 335.014652 38.656391 316.020585 173.157572 135.103266 135.103266 0.000000 4.594099 4.852680 
8 426.284644 35.787703 433.124472 12.740169 500.251131 45.141419 74.073694 74.073694 0.000000 3.267384 3.591295 
9 341.055182 37.885719 338.652470 79.000681 331.453843 58.578906 33.310676 20.085832 -0.020796 5.146812 1.231898 
10 340.196823 42.004532 339.436771 75.010058 154.782481 53.445631 185.283863 185.283863 0.000000 6.221558 0.116256 
11 297.059405 76.786059 272.253583 64.072382 300.661957 38.377623 38.039635 38.039635 -0.000000 1.664319 2.406309 
12 297.175180 79.483944 295.241313 37.617936 305.603286 58.751588 36.262244 20.636325 0.028198 1.956910 4.256526 
13 168.135125 73.053632 167.185215 40.023432 346.285402 53.861121 178.792518 178.792518 -0.000000 3.034274 3.218702 
15 298.820861 76.059089 297.843947 40.031347 488.063996 52.326162 190.197837 190.197837 0.000000 3.016834 3.206138 
16 433.759232 12.798655 464.556544 36.585506 446.619137 40.432350 36.848950 17.531537 1.527640 4.276827 6.071926 
18 86.067852 38.833720 84.951019 73.887921 77.825313 56.186856 29.874501 17.252044 -0.010937 5.155828 1.188087 
20 147.128402 47.126459 166.954838 37.902922 172.069179 73.037323 34.791966 34.791966 0.000000 3.946065 4.567839 
23 41.866856 34.626223 75.491884 7.573556 62.721505 40.253232 39.941459 19.822842 -1.541172 3.405137 5.084917 
24 423.796198 75.026544 423.046368 41.021028 599.728250 55.778825 176.527254 176.527254 -0.000000 3.032622 3.224927 
25 42.527730 77.098125 42.701436 35.266195 59.719889 55.789748 44.782805 21.505966 -0.020599 2.249686 4.020086 
26 296.414142 36.120604 339.738196 37.078542 318.019237 48.750049 47.739435 21.319055 1.565205 3.670581 5.790077 
27 327.376499 104.222989 297.611193 80.138196 315.762776 81.465071 27.440057 16.553154 1.427283 1.098930 3.214563 
28 196.266461 4.337040 197.699375 99.872161 192.776481 53.430660 48.728560 15.954883 -1.569388 4.783358 1.465189 
29 467.806855 41.015988 467.133412 75.002644 282.101301 55.603353 185.549919 185.549919 0.000000 6.204795 0.104461 
30 338.017371 42.000530 336.977467 76.060375 195.301391 54.234542 142.777858 142.777858 -0.000000 6.197672 0.152853 
31 167.800319 74.462973 147.281709 48.217061 177.168286 56.788085 33.758472 17.586449 0.029984 2.058167 3.420882 
32 468.051254 37.881476 466.626145 79.039268 457.860184 58.615460 34.627172 20.273533 -0.020570 5.169226 1.165371 
34 423.948763 35.289722 467.386350 37.181630 445.491341 49.119357 48.182221 21.452677 1.569230 3.712300 5.784015 
35 336.312657 80.130658 300.832662 82.055002 317.863813 62.360472 44.445642 18.815258 1.564548 0.766663 2.283800 
36 169.179209 29.061096 210.180613 31.944741 189.608347 43.106237 43.095166 20.500633 1.561097 3.743884 5.786079 
37 188.086560 103.865245 171.660779 24.921878 187.134986 55.464706 48.239347 17.300365 1.538828 1.551138 4.243444 
38 400.050663 48.103046 422.123405 37.251002 427.884692 76.195214 38.052691 38.052691 0.000000 3.931606 4.565517 
39 104.059416 44.928712 84.343634 76.021667 76.430894 56.752562 33.545801 19.434324 -0.038760 5.878812 1.181148 
40 52.411644 100.841122 42.976442 76.395052 131.862394 59.620090 89.251046 89.251046 0.000000 2.662999 2.955062 
42 425.007265 79.981710 403.260568 71.343984 440.537749 9.398752 71.482843 71.482843 -0.000000 1.787377 2.112521 
43 463.831222 79.317243 427.636013 80.118320 445.483364 62.639097 44.253268 18.892884 -1.568379 0.737764 2.366615 
44 171.459362 26.227771 182.680964 3.840087 223.801348 36.959947 52.241877 52.241877 0.000000 3.343829 3.819640 
45 404.899434 47.777869 422.843366 39.654026 447.725489 117.104418 81.188855 81.188855 0.000000 4.159025 4.401539 
46 490.574181 56.932788 467.185564 76.458414 475.545161 64.430165 16.834909 8.294781 -0.512895 5.820450 2.178157 
47 616.064060 52.597934 602.039378 118.964135 614.211629 85.922851 51.573255 32.670174 -0.007715 4.767919 1.923764 
49 403.702486 70.338109 400.300957 49.158876 410.979536 57.908368 14.091735 14.091735 -0.000000 2.100452 3.828021 
50 362.897010 55.993436 339.245256 76.606180 347.877955 64.143972 16.945107 8.616797 -0.525101 5.785980 2.176613 
51 456.443752 103.248277 425.729368 80.059257 443.817980 79.906697 28.925930 17.337280 1.466629 1.074956 3.133159 
52 210.552913 35.770996 230.919787 66.068414 210.448206 53.800609 25.872661 16.112294 0.196408 4.718196 0.539875 
53 20.455959 63.290180 40.987636 37.973828 46.618453 55.326625 29.072348 16.755184 -0.047934 2.846115 4.398618 
54 213.495839 39.060311 212.847533 72.652693 197.915163 56.326762 35.534658 17.995323 -0.014068 5.446510 0.829951 
55 80.018431 77.601954 47.011295 77.981722 62.825694 -27.042542 105.152885 105.152885 0.000000 1.407955 1.720252 
57 465.863049 79.950904 458.598608 100.214598 409.611075 71.332186 56.098131 56.098131 0.000000 0.152034 0.532728 
58 184.009409 4.031951 197.018689 7.076928 189.406004 12.866189 10.316619 10.316619 -0.000000 4.164013 5.633013 
61 299.425892 36.050349 312.627874 4.725852 348.204777 37.454514 48.491010 48.491010 0.000000 3.170371 3.885316 
62 469.122588 40.742479 490.304114 55.789375 466.930254 70.414459 28.301191 28.301191 -0.000000 4.786141 5.724081 
63 73.289039 100.252182 53.170816 100.753913 63.294805 93.041835 12.350288 12.350288 -0.000000 0.624978 2.490606 
64 41.894120 74.261767 23.991691 67.020543 59.977090 6.341972 70.177980 70.177980 0.000000 1.831000 2.106090 
66 426.187426 75.050624 425.237017 41.021309 556.433550 53.875309 131.338562 131.338562 -0.000000 2.980424 3.239256 
69 199.462655 101.133102 180.050755 100.935579 189.501966 93.176519 12.243278 12.243278 0.000000 0.674008 2.454202 
70 42.473533 73.046643 41.464251 40.016370 228.341170 46.309497 186.749712 186.749712 0.000000 2.998722 3.175255 
71 85.524544 40.012705 84.797773 70.019322 -72.917603 51.665581 158.173307 158.173307 -0.000000 6.209771 0.115851 
73 147.438040 67.616023 147.127980 45.107002 156.666656 57.157105 15.362391 13.645617 0.396213 2.293784 4.042800 
75 585.116778 120.057432 549.460716 41.906026 576.491902 73.967819 46.723191 29.944965 1.399689 1.385803 4.011916 
76 334.019225 78.302859 301.013177 78.578398 317.752308 -28.426965 107.432779 107.432779 -0.000000 1.419548 1.725971 
78 333.005406 80.498852 301.002215 80.614271 315.688405 -92.299411 173.023340 173.023340 -0.000000 1.470915 1.655527 
85 27.181156 117.544040 26.141074 107.456680 24.370753 113.238390 5.152995 5.152995 -0.000000 0.992508 5.009518 
96 138.304244 120.684509 137.330471 108.127143 142.588569 114.559145 7.216549 7.216549 0.000000 2.181146 4.027074 
114 44.980977 37.476798 81.110110 37.697146 61.878623 108.029720 72.322015 72.322015 0.000000 4.477314 4.979301 
118 614.773697 53.938885 594.733262 115.687659 550.687090 69.166373 64.869033 64.869033 0.000000 6.049903 0.812720 
120 590.959922 115.073133 570.749952 69.757554 590.448365 88.435789 27.578518 23.968140 0.657447 1.551594 3.900414 
121 613.061837 60.000699 591.307444 115.333763 567.850020 77.088032 44.792147 44.792147 0.000000 5.921840 1.020630 
122 588.948855 115.244284 611.009677 51.077660 610.720487 85.745681 48.761854 34.008247 -0.003040 2.206610 4.720730 
123 556.259347 29.245334 615.058683 51.540950 582.099945 63.064730 48.609504 33.148939 1.506267 4.059940 5.946829 
