33
56.9602 250.0472 23.6833 33.2189 86.9687
131.5361 193.4671 17.5916 27.5347 87.8194
12.7763 219.6635 20.8893 27.4526 79.2754
53.9476 148.3537 15.2715 23.4910 79.6332
84.8182 140.3787 16.9077 25.5099 91.2600
165.7346 134.7592 14.3028 28.1860 93.8696
179.2836 106.9988 12.5391 18.9953 87.7890
157.7430 84.0493 11.7465 21.0165 90.2030
142.4886 164.6693 14.7483 22.7300 95.0764
106.3897 227.0335 23.1184 30.4375 90.3149
20.0507 193.2216 22.6002 26.5527 67.4889
165.6625 194.0904 18.1026 21.7552 63.6881
59.7056 121.2391 18.2239 28.7218 85.0353
88.3508 90.7022 12.5631 22.3583 75.9412
26.9853 64.4692 11.3608 23.5706 89.8188
160.6615 35.0833 11.2667 21.2399 89.8047
58.4986 199.9890 16.9464 26.4308 82.2241
107.3864 48.9421 9.0595 17.4783 90.4730
90.0430 67.1117 11.3824 22.5760 88.3717
79.5001 24.4021 8.3014 19.2080 93.7015
21.8361 98.7262 11.5170 21.7921 84.5964
-98.7164 172.4329 33.2186 123.6038 67.3714
25.0690 20.9330 7.4075 20.3221 92.0564
111.2448 191.4969 17.3823 32.7122 96.3100
76.5531 158.2586 18.7823 26.5977 94.4269
116.5368 90.8377 11.3301 18.1117 80.5544
94.2279 6.1270 8.0423 17.8157 91.6301
121.2630 120.7868 11.8703 22.9144 88.6375
44.9105 89.1674 10.8380 21.5487 78.9591
26.1802 40.9005 11.0580 22.0702 87.7731
113.5734 28.0501 8.0640 16.1166 79.8758
162.9478 57.7880 9.3420 19.8914 91.9568
114.1056 137.9597 14.7461 22.4447 86.3735
