15
302.7968 354.2527 109.2631 109.6402 175.7627
301.7692 353.1767 99.0423 101.2780 102.1393
301.6072 353.3995 86.7659 88.4704 93.8060
465.0080 248.0766 81.1885 83.2354 94.8775
464.2229 250.0770 75.3378 76.8806 105.0706
464.0824 251.0409 50.9855 55.1283 122.5843
304.4536 134.4751 109.2337 110.7425 140.1155
305.5244 135.7145 97.4910 101.9239 128.8538
303.7534 134.0822 73.8707 75.2986 146.8161
303.5919 135.4956 78.5435 79.9452 133.3173
128.5232 245.6192 90.6576 92.2775 114.5199
129.6770 246.6624 81.5069 84.2631 134.5487
129.8399 247.1132 61.0355 63.1968 112.7765
301.6931 355.1336 36.9826 39.3576 91.4210
301.3565 353.7195 24.8555 26.6404 10.8921
