55
126.8949 140.6569 10.1731 11.8186 138.2969
110.6972 55.5778 9.1746 11.6654 74.7593
134.4528 61.7339 9.0556 11.8649 75.8782
117.6492 76.1998 9.6074 11.2502 59.7022
142.7934 81.0465 9.6030 11.3767 176.3286
112.7605 98.1370 10.0996 11.4945 149.2357
141.6216 103.7764 10.2931 11.5026 131.2466
161.0913 98.0205 9.1058 11.1443 135.8370
168.2386 77.3395 10.2091 10.8261 163.6669
188.5131 69.8403 9.8462 11.7392 113.3372
92.9435 116.5482 10.3291 11.3109 95.6321
115.8404 119.4001 8.3465 11.8244 83.0547
88.4017 95.7901 9.8150 10.6630 73.7823
68.8321 105.5452 9.6751 11.9333 135.4422
90.5145 72.3525 9.8413 11.3932 136.6762
69.3734 84.9553 9.1961 11.2049 102.8231
87.4801 50.9263 9.9582 11.2453 46.8438
68.0513 63.2222 9.2250 11.6913 42.0573
184.4279 106.1774 10.1646 11.4831 95.3357
188.7185 143.2636 13.6645 26.2503 174.2551
165.3818 118.2821 9.9479 10.8281 91.2457
145.4477 124.7812 7.0008 9.6081 83.9066
177.1650 50.2410 9.7381 11.8593 162.8399
198.6991 47.1143 9.3792 11.6647 40.5219
98.7125 136.0832 8.8475 11.1325 63.3805
62.9771 124.6395 8.8929 11.0431 107.3300
41.0230 135.2374 8.8708 11.1110 93.1487
39.4455 115.4572 9.4137 11.5606 69.7178
18.1324 128.6053 9.5610 9.7295 36.7685
3.6869 110.6385 9.8780 11.3262 39.7831
27.1527 82.7324 10.2887 10.8727 56.9910
47.9944 73.4279 9.8466 11.0117 80.2378
4.2937 82.7279 9.9855 10.4414 68.3113
26.2313 60.4264 9.7392 11.0926 45.8690
48.4911 52.5364 9.6808 11.3769 85.2161
59.2680 33.2671 9.6025 11.4707 139.2731
79.5339 24.6714 9.0501 11.1213 45.4912
105.2707 37.4392 9.8145 12.7633 101.8147
122.9302 23.7276 9.8226 11.0164 88.8673
138.3931 40.7114 8.7238 12.2996 129.4547
156.0980 58.5664 9.2177 11.8528 35.2992
158.8511 33.4152 9.8271 11.9564 77.0854
179.4585 25.0676 10.0132 11.1907 174.6801
102.1651 15.2535 9.0307 11.3011 23.8523
124.9980 1.5626 9.7183 10.3905 127.1799
146.6929 13.0941 9.3138 11.3757 57.1917
43.6710 15.3995 9.8151 12.6389 136.8001
63.1126 5.7790 10.2635 10.7976 107.1418
85.7297 -2.4865 10.4355 16.5193 1.9070
20.9625 8.8565 9.5603 12.4971 63.3048
-1.7500 35.5000 8.0140 10.1386 34.7220
31.3584 36.4703 9.4624 12.0827 74.1206
0.6969 58.4226 8.9306 11.0004 26.4504
192.4025 9.1475 8.8754 11.2524 109.0933
169.0707 2.4090 10.0322 11.0836 95.9195
