16
223.0877 255.1936 82.4098 85.4400 8.6782
345.8721 183.7912 81.2182 83.6467 79.3977
308.7696 349.7309 78.7552 79.9257 124.8233
377.2094 424.0068 84.9136 86.0633 81.0487
197.1463 480.8472 81.9517 84.5054 152.1022
122.6424 345.2471 79.2488 80.6347 91.5214
75.0622 189.3002 75.7927 80.2539 174.4278
196.7790 101.6085 80.5106 82.7843 24.6325
398.1700 444.2186 28.1062 35.2386 48.7251
304.3370 330.5564 30.6968 33.9851 70.3770
200.0143 483.6450 35.2458 36.2796 93.7112
138.1883 325.2567 29.4548 34.0144 119.6240
113.3874 185.3004 23.3821 34.1575 173.4141
221.3224 270.6632 33.4603 35.7031 90.0883
320.6239 194.9896 28.6165 34.8480 153.5702
226.6149 111.3135 28.1134 34.8818 23.3163
