12
492.2374 245.9327 136.4722 138.3494 174.0578
484.0038 248.9922 167.7260 168.1494 153.2969
324.6837 18.2346 65.0244 68.0465 16.5633
136.0833 134.9301 77.1873 80.8313 21.8328
86.6625 389.9554 81.7382 87.2313 152.2096
106.7660 387.0255 103.9868 108.2158 168.0310
126.4529 387.2649 133.5185 139.6034 170.4241
471.4459 745.4133 128.2994 133.5306 119.0605
467.5513 742.0992 158.5966 162.2052 107.4923
48.8639 759.7554 125.9611 132.5977 136.8074
41.4548 754.2985 149.2945 157.6852 143.9695
181.4941 -56.0889 55.5245 84.4206 2.5863
