20
558.5547 409.4377 132.1495 133.0346 76.6605
658.1304 295.5317 130.7443 131.7311 132.4854
415.9046 374.4927 129.3380 132.3265 25.4890
417.7324 377.0685 113.3804 117.6687 92.8777
667.5328 175.8524 109.7866 112.1520 95.6193
644.2261 568.1083 131.8358 133.3423 53.1534
510.8262 640.6240 127.9784 130.4475 71.6232
383.5553 614.3657 123.9549 124.6552 30.0172
385.1394 613.8234 83.9974 84.9162 18.5252
383.9331 614.3461 94.2360 97.0613 74.5100
257.3216 578.2013 126.6368 129.6738 141.5150
52.1029 731.2902 113.5821 120.5884 167.9311
171.8011 458.9555 114.0604 115.0406 83.4696
172.1080 461.6183 135.3525 136.7002 10.8285
148.7107 339.2386 94.2517 96.4800 172.5623
145.9773 336.6924 130.0990 132.3345 31.4814
216.2743 190.4582 123.0220 124.0370 46.6154
345.3457 107.6585 126.9122 128.8460 80.7093
-31.5551 116.0754 105.0849 106.7777 16.0294
-37.2762 114.4220 132.3228 134.7881 62.6069
