12
789.2798 370.9360 30.1500 82.6952 92.7397
777.5797 509.9449 40.7960 97.4003 93.4250
591.2286 421.9450 33.9633 85.2557 91.2073
587.6430 563.7659 45.3623 99.6590 91.3315
384.0399 476.8962 39.3794 89.5160 90.2886
385.8844 477.6700 33.4939 77.6386 90.4152
382.2475 625.4872 53.3099 109.8776 90.5786
132.0707 540.7307 40.5504 99.0204 85.2944
132.5977 539.9800 35.6817 87.3031 84.3556
142.0591 702.3386 55.4735 113.5266 84.2422
788.5052 370.1357 24.1994 70.6204 93.0895
590.7958 421.1871 29.2356 73.4467 91.4974
