13
375.0000 148.5000 111.8000 111.8000 0.0000
180.5000 256.5000 110.4559 110.4559 0.0000
561.5000 276.0000 111.8403 111.8403 0.0000
782.9730 279.4576 108.0916 109.8936 59.7684
302.0000 302.5000 114.2246 114.2246 0.0000
535.0000 430.5000 113.5044 113.5044 0.0000
617.0000 524.5000 111.6076 111.6076 0.0000
331.5000 555.5000 114.5098 114.5098 0.0000
427.0000 653.0000 113.2078 113.2078 0.0000
365.8972 410.2252 111.4136 112.9526 96.0341
154.9072 503.9476 111.6494 112.7067 142.1516
145.3671 501.0807 95.9309 97.4323 8.2052
331.5000 555.5000 72.5155 72.5155 0.0000
