16
419.0000 167.5000 114.5044 114.5044 0.0000
499.9821 357.5593 92.8845 95.8338 59.1541
605.5000 238.0000 64.0488 64.0488 0.0000
323.0000 348.0000 79.0253 79.0253 0.0000
410.5000 90.0000 123.6457 123.6457 0.0000
638.6694 239.3697 145.8531 150.6384 95.4423
677.0000 366.0000 79.0253 79.0253 0.0000
779.0000 481.0000 127.0039 127.0039 0.0000
598.0000 504.5000 78.5064 78.5064 0.0000
644.5000 624.5000 65.1345 65.1345 0.0000
463.5000 676.5000 123.8729 123.8729 0.0000
374.5000 572.5000 152.5008 152.5008 0.0000
129.0000 420.5000 122.5653 122.5653 0.0000
213.0000 212.5000 93.5481 93.5481 0.0000
170.5000 162.0000 123.7588 123.7588 0.0000
157.0000 642.5000 110.5271 110.5271 0.0000
