19
349.0000 328.0000 190.1605 190.1605 0.0000
564.0000 596.5000 147.5000 147.5000 0.0000
16.0769 733.3324 88.2527 100.3715 56.9670
43.4018 714.0851 99.2262 103.4385 54.2299
504.5167 558.2923 25.6183 26.6815 155.7589
575.0000 560.5000 24.1299 24.1299 0.0000
631.0000 555.5000 25.4018 25.4018 0.0000
667.0000 592.0000 21.0950 21.0950 0.0000
645.5000 651.5000 21.5523 21.5523 0.0000
626.0000 608.5000 22.5000 22.5000 0.0000
576.5000 607.0000 24.0052 24.0052 0.0000
603.5000 647.0000 23.0489 23.0489 0.0000
548.5000 646.5000 22.5499 22.5499 0.0000
530.0000 601.5000 22.5000 22.5000 0.0000
471.0000 606.5000 23.5000 23.5000 0.0000
504.5000 638.0000 22.0057 22.0057 0.0000
511.5000 679.0000 23.0489 23.0489 0.0000
552.0000 691.0000 22.2036 22.2036 0.0000
597.5000 689.5000 21.2250 21.2250 0.0000
