13
145.5803 391.4428 28.5939 134.8233 89.2771
314.5783 234.5201 136.4009 138.1547 118.3168
313.4229 196.5556 170.3900 171.6483 0.9123
358.5557 454.2806 22.3242 91.4252 89.6858
356.0894 530.7397 23.5921 91.9369 89.9327
355.2607 616.3605 45.2664 156.0457 90.2235
348.0441 630.3677 55.3193 200.6931 90.4652
165.2593 692.2499 21.9305 70.9196 90.3432
308.4015 715.0799 23.1451 74.9265 90.2654
615.1893 262.3874 14.9257 79.1477 88.9690
612.3837 327.9514 16.7382 81.0982 90.2348
613.8937 386.5684 31.7719 148.6107 90.9852
618.7092 428.5730 37.4445 169.5773 90.0771
