11
399.8456 401.1324 384.1033 390.0864 85.8163
400.0108 398.8751 355.9379 361.6318 105.1445
401.0407 401.1438 338.4998 344.5550 100.2462
399.5098 402.6040 319.1954 324.8276 102.9364
399.0415 402.3899 304.9272 309.3239 90.4277
399.8574 403.1929 295.2126 299.3435 96.1097
399.8198 404.6885 283.7534 286.1229 102.3457
399.8408 403.6368 266.1855 270.2158 90.8216
399.6251 403.1928 249.8748 253.6862 102.4574
400.1543 404.3162 234.0342 238.5440 114.3776
400.3299 401.7354 226.6969 228.9550 98.4482
