2 310.591664 535.642922 274.466644 453.507114 536.205744 384.997531 270.622705 270.622705 0.000000 2.552866 2.885588 
4 346.832025 583.154524 294.846531 513.506528 552.099814 376.149291 291.425991 291.425991 0.000000 2.351980 2.651165 
5 634.032411 548.543222 633.026177 546.976333 630.935649 555.148117 7.851248 7.215801 0.308435 5.150815 4.962840 
7 741.927834 596.173897 740.713919 596.531455 735.073130 600.698406 8.085365 7.210226 0.699489 5.699771 5.646944 
10 691.890007 577.937470 691.695493 575.327090 683.465917 576.955664 8.057310 7.269427 0.527540 0.116024 6.087817 
17 438.043119 540.595582 430.287234 544.053484 436.953871 546.173499 7.680955 5.463876 -0.477723 4.905241 3.449484 
20 44.084327 937.862161 97.183250 868.061039 369.858382 1135.476656 381.473653 381.473653 0.000000 3.686851 3.917253 
22 154.022046 644.735116 146.275136 666.128485 81.499335 628.609145 74.699928 74.699928 0.000000 0.218798 0.524999 
40 543.970887 541.979050 526.551802 548.880843 535.568295 542.275993 12.183994 6.895777 -0.975718 6.247861 2.509367 
43 266.419365 365.853815 343.024999 221.024201 500.834614 396.303841 235.294561 235.294561 -0.000000 3.270767 3.979391 
48 386.687188 448.597378 355.782897 432.414601 432.106440 324.973821 130.885420 130.885420 -0.000000 1.922887 2.188453 
57 439.701083 536.509056 451.860541 530.178673 445.375979 532.935531 6.825846 5.185512 -0.275047 2.579615 5.881195 
65 711.536213 623.095093 297.846729 524.105767 553.462260 367.766631 299.959362 299.959362 0.000000 1.016451 2.592674 
72 -0.404055 320.230769 82.684841 360.477250 -66.782374 561.303851 250.078443 250.078443 0.000000 4.981076 5.352206 
73 265.965980 379.092766 267.221281 366.021250 372.792118 385.265141 107.180548 107.180548 0.000000 3.199308 3.321897 
74 335.727670 569.203402 310.953897 536.034434 783.637041 214.237446 571.509108 571.509108 0.000000 2.471445 2.543877 
79 97.705370 866.671052 128.821751 838.800988 337.042805 1105.690060 337.926429 337.926429 0.000000 3.926325 4.049852 
80 503.296441 551.653092 508.842175 535.631489 503.762179 544.475983 10.456000 5.364947 -0.798268 1.635598 5.233748 
94 -0.303052 314.821440 66.753155 343.481838 -59.858365 546.786348 238.932248 238.932248 -0.000000 4.963704 5.269382 
120 109.724021 389.190204 101.027368 413.023408 86.073366 395.352265 23.198050 23.198050 -0.000000 6.028307 0.868490 
127 445.035197 167.126498 635.948344 167.172004 541.474031 450.175615 298.733046 298.733046 0.000000 4.384010 5.034584 
130 343.938975 220.115850 360.423595 206.370420 414.381692 291.160745 99.884872 99.884872 -0.000000 3.931247 4.145655 
132 359.602658 207.617166 812.328271 326.322478 550.529540 387.539861 272.731944 239.666805 0.171242 3.897327 6.053479 
145 361.074883 214.109231 402.704978 185.569657 515.778663 385.485241 229.409781 229.409781 0.000000 3.978076 4.197642 
148 90.330065 429.154015 99.870238 413.903051 122.113858 439.459582 33.121847 33.121847 -0.000000 3.455137 3.996188 
152 107.108693 860.130291 150.761199 823.713750 678.938697 1498.619980 856.809917 856.809917 0.000000 3.982011 4.048352 
157 102.832091 414.573262 93.175094 431.168990 85.746103 416.101189 15.797052 15.797052 -0.000000 6.193997 1.112734 
158 120.269413 401.045977 109.329429 424.368634 96.102311 404.724402 23.728012 23.728012 -0.000000 6.132137 0.978192 
166 554.034843 841.941062 637.802155 958.590360 336.066825 1088.110439 327.827329 327.827329 0.000000 5.437101 5.877720 
198 636.027582 167.932411 665.085509 179.790463 569.739740 370.399683 212.840821 212.840821 -0.000000 5.028790 5.176209 
200 402.982203 185.961656 439.915850 168.818703 647.951151 628.257877 504.753917 504.753917 -0.000000 4.206589 4.287207 
232 579.021205 354.016157 591.367555 359.845819 583.834518 357.456910 6.844122 6.844122 -0.000000 3.762210 0.307092 
233 630.830405 407.348554 593.831568 389.346164 724.427111 180.136098 245.581425 245.581425 -0.000000 1.961549 2.128843 
235 817.543935 488.811738 755.244242 588.031772 597.568929 416.583665 231.273545 231.273545 -0.000000 0.317256 0.827221 
249 826.751647 412.334097 823.936477 459.991502 681.022994 423.939694 147.083173 147.083173 0.000000 6.203715 0.247108 
250 25.099298 744.926866 30.111690 760.011892 19.730146 756.030688 11.157515 11.157515 0.000000 5.162783 0.366192 
251 121.771916 731.587980 47.052833 812.201312 -192.053998 518.561936 378.855533 378.855533 0.000000 0.596358 0.887404 
254 397.342000 762.754363 552.625001 843.457398 343.377260 1054.423790 296.067136 296.067136 -0.000000 4.895340 5.493697 
257 537.195277 511.461882 516.636616 504.001364 537.813701 480.379733 30.915996 30.915996 -0.000000 1.590690 2.301681 
258 546.404981 501.015294 515.384818 493.558298 533.441656 484.715051 20.221431 20.221431 -0.000000 0.898937 2.686183 
261 810.003664 326.711922 828.776699 401.036679 601.193747 413.786543 227.042972 227.042972 0.000000 5.888107 6.227221 
267 172.362210 517.933892 172.797314 580.072418 -95.049645 547.937344 269.620320 269.620320 -0.000000 6.171453 0.119405 
272 99.381997 699.104153 87.044686 694.981896 93.500742 698.259675 6.306474 4.110400 0.496489 0.142613 3.611386 
284 135.365560 833.502416 198.804007 792.667074 414.542532 1189.852488 452.184575 452.184575 0.000000 4.047831 4.214806 
288 548.259736 661.805456 497.923836 656.425255 590.198547 20.375376 642.678122 642.678122 -0.000000 1.636087 1.714866 
290 219.542767 784.735074 397.099003 763.415271 345.342383 1067.061574 308.417321 308.417321 -0.000000 4.293215 4.881217 
293 174.683194 615.205608 162.013334 657.304964 -359.190465 471.228250 552.876908 552.876908 0.000000 0.263418 0.342909 
299 116.811568 387.145366 162.563008 464.380377 -24.382790 525.139272 196.347244 196.347244 0.000000 5.509250 5.968946 
316 398.331713 885.093394 406.233812 870.337742 422.263498 885.539275 23.457361 23.457361 0.000000 3.160222 3.900480 
334 503.520353 939.986531 496.444854 950.482826 484.541514 932.081471 22.059386 22.059386 0.000000 0.394666 0.996622 
357 463.588615 898.154713 468.319387 882.223727 483.462095 896.803251 20.946736 20.946736 0.000000 3.073694 3.908045 
378 576.422420 225.087588 577.569982 244.055207 556.115374 235.914374 22.387624 22.387624 0.000000 5.793367 0.362661 
392 631.361296 391.943976 626.101520 376.986359 648.864709 379.428405 22.573910 22.573910 -0.000000 2.520847 3.248464 
400 342.044781 853.000350 342.130727 842.001021 761.832104 843.445422 419.844014 419.844014 -0.000000 3.118835 3.145034 
432 412.893762 629.169566 380.465859 608.852540 566.892102 348.071818 320.196935 320.196935 -0.000000 2.071984 2.191437 
434 633.316215 227.497064 629.822474 243.917278 617.365914 231.826505 16.638317 16.638317 0.000000 6.018138 0.770498 
451 270.104973 889.162907 270.074839 864.860260 303.135135 876.409145 34.929775 34.929775 0.000000 2.773105 3.477669 
494 610.865686 572.406348 615.495575 590.054368 602.002876 583.224213 14.602345 14.602345 -0.000000 5.398773 0.468604 
510 21.629790 767.260350 32.880256 774.489507 28.757650 801.964537 37.310808 10.801394 1.444742 4.509817 4.861327 
587 508.939711 570.772029 510.120025 587.029727 492.023593 580.663503 19.251869 19.251869 -0.000000 5.754064 0.338273 
595 559.612314 199.945439 553.105454 219.633947 534.628106 200.205436 25.238773 25.238773 -0.000000 6.272779 0.810486 
607 267.993291 905.080603 269.309328 888.862806 314.285123 900.229085 46.166338 46.166338 0.000000 3.037171 3.389130 
612 369.702163 858.107118 366.182250 881.180357 245.082216 850.086160 124.424025 124.424025 0.000000 0.064275 0.251335 
667 372.667507 881.927598 370.244814 893.053310 358.063045 885.060142 14.270378 14.270378 0.000000 6.071894 0.580692 
683 541.131340 538.012762 533.064218 551.944608 526.827159 537.862759 14.486728 14.486728 -0.000000 0.010486 1.153850 
719 788.372606 603.476314 812.336630 620.526877 746.809794 689.850565 94.869169 94.869169 0.000000 5.160879 5.469639 
720 560.321870 635.431329 560.292626 648.525771 552.012329 641.754617 11.101717 11.101717 0.000000 5.632702 0.685467 
746 339.978431 841.035929 340.381251 808.114156 357.520540 827.117627 23.276234 23.276234 0.000000 2.470875 3.978523 
762 224.620281 809.996337 224.508083 790.997000 289.418245 800.631326 65.235507 65.235507 0.000000 2.998060 3.288942 
766 347.895452 877.986325 346.078180 891.879422 322.598706 883.447348 25.022686 25.022686 -0.000000 6.070570 0.344781 
778 459.818075 597.016399 452.966429 610.173562 450.489827 601.190922 10.016166 10.016166 0.000000 5.862401 1.301770 
781 304.397432 837.974438 305.942925 862.003671 263.994026 854.077042 42.382414 42.382414 0.000000 5.903933 0.186757 
784 482.853203 885.899933 495.354809 867.560194 500.837930 885.598754 16.997436 16.997436 0.000000 3.124848 4.417297 
798 591.523487 629.286934 595.766233 645.910867 584.857969 641.210095 13.030603 13.030603 -0.000000 5.222146 0.406888 
814 274.343301 844.942136 278.223411 867.962344 239.321450 865.422734 39.098810 39.098810 0.000000 5.754021 0.065190 
859 207.448223 819.982297 208.077607 835.917944 160.377696 830.274605 47.774115 47.774115 0.000000 6.067916 0.117762 
903 518.869763 919.231923 532.977471 902.984764 532.382721 917.557830 12.803124 12.803124 -0.000000 3.018333 4.753178 
943 487.884039 599.022563 482.997379 622.997398 485.247173 611.603669 9.785726 5.157062 -1.454337 4.918988 1.765747 
986 349.567289 835.027250 348.462722 858.022227 230.983593 842.813973 118.283979 118.283979 -0.000000 6.217615 0.128739 
1039 408.095026 429.801921 446.625786 452.261931 364.572533 559.537531 136.131772 136.131772 -0.000000 5.036062 5.365347 
1228 570.248109 954.145333 586.141775 943.617627 592.055641 971.676465 28.921166 28.921166 0.000000 3.818709 4.504663 
1305 471.484365 242.626485 474.562341 254.858497 450.423234 255.121177 23.864504 23.864504 -0.000000 5.747738 6.272304 
