1 2 275.351455 455.525927 269.216166 420.374999 
3 6 271.398542 448.527860 279.689812 478.722473 279.346073 477.992957 294.666724 513.855975 267.036999 419.418829 271.308889 447.680045 
6 2 269.060206 411.524345 268.394901 399.505818 
8 2 268.465728 392.498717 268.877071 381.514120 
9 2 162.575734 625.514531 165.273134 611.456470 
11 2 172.305323 556.501528 172.132536 534.487187 
12 2 166.872931 606.559349 171.187130 579.450209 
13 2 36.728084 952.075764 40.568805 945.087402 
14 2 172.635109 570.495185 172.169876 557.440490 
15 2 32.490771 959.081256 36.570145 952.127822 
16 12 398.277564 431.948425 408.691422 437.114099 409.229628 436.915647 427.362775 448.710959 427.053267 447.727904 434.983935 463.273432 434.346034 463.256572 433.626057 469.627260 392.526482 429.441138 397.807299 431.816954 386.715030 426.959542 392.238535 429.157165 
18 2 40.998799 945.226828 44.627330 938.569399 
19 38 628.208935 948.669604 610.596387 918.443835 611.051403 918.814552 593.836733 894.263886 594.407266 894.440707 582.377264 880.466534 582.646666 879.392440 546.765098 842.243943 546.534710 842.687801 518.904110 820.233249 519.863540 820.512898 477.773203 794.065209 477.106402 794.371440 443.240172 779.075268 442.832236 779.389378 404.658557 767.969965 404.372666 768.255963 377.462403 763.723208 377.544550 763.295200 338.479676 762.505857 337.560124 762.040765 286.414090 767.727304 287.085885 767.937498 244.184055 779.307905 243.573224 779.679059 207.125389 794.583940 206.646725 794.762337 169.090403 815.767664 168.512930 816.154116 142.849074 834.975967 142.389326 835.373944 104.569319 868.578953 104.358844 869.374947 77.155715 900.080913 77.687479 899.895546 53.812636 931.988653 54.337639 931.781508 37.456598 959.091303 
21 2 632.461586 958.932382 628.174173 948.635670 
23 4 351.542466 427.420101 390.240605 447.988046 275.361066 380.730062 351.406991 426.654014 
24 2 465.184567 550.301013 476.723251 532.009997 
25 2 508.549439 549.876466 526.204344 522.962024 
26 2 378.303747 422.922601 386.412564 426.688279 
27 2 449.030121 489.053708 494.987296 505.898774 
28 2 601.475208 470.352532 616.553398 467.817622 
29 20 354.441031 755.015840 404.698783 760.761116 403.919801 760.942778 435.762308 769.526987 436.155124 769.334114 477.525167 786.439132 477.120226 786.138619 514.558162 808.402197 512.964586 807.199112 546.798232 833.110587 293.391303 758.946569 353.516756 754.739461 248.252744 770.502398 292.508334 759.533623 201.981020 789.232035 247.535426 770.586553 155.028626 816.700713 201.410101 789.347563 110.035589 852.928079 155.749594 815.807374 
30 2 424.400789 472.641446 421.518227 450.240296 
31 2 397.900627 494.202593 431.303708 475.155756 
32 4 440.551699 480.779160 426.478774 483.385387 426.609680 484.780093 407.759100 492.161672 
33 2 518.382048 550.419806 526.806640 538.028595 
34 2 582.482840 546.945205 592.113164 529.289006 
35 2 417.050771 552.211580 431.885615 529.105544 
36 2 787.109044 611.737460 776.519619 638.897539 
37 2 487.734768 549.666346 496.737910 536.960017 
38 2 427.048209 532.207354 414.240683 551.979775 
39 2 524.669254 520.606890 512.954918 539.155759 
41 4 398.491026 435.518247 366.387334 419.729080 366.857256 419.918651 285.311618 369.806548 
42 2 140.296815 681.821722 146.138307 667.353963 
44 2 477.291376 550.352723 485.938548 538.103646 
45 4 340.417389 401.643148 377.697537 423.157711 296.488040 374.519552 340.080645 401.185547 
46 2 83.880085 765.006703 104.888987 738.605285 
47 2 355.732683 432.123340 305.682455 401.204648 
49 2 523.465817 367.318215 503.422369 371.087155 
50 2 685.340181 626.256215 698.559149 617.590225 
51 4 285.610128 390.327455 361.379960 438.688074 361.707695 439.149739 392.101328 457.172329 
52 4 363.315272 454.803151 293.891296 412.498923 293.440937 411.591372 267.352620 394.728003 
53 2 99.286799 869.285326 107.314233 861.312950 
54 2 498.637277 547.610224 506.166903 538.232546 
55 2 289.130552 407.099907 358.356904 449.732358 
56 2 572.486637 471.388646 598.510827 471.779988 
58 2 483.451816 537.464493 475.508740 548.243353 
59 2 276.211772 402.940709 383.221447 472.925917 
60 2 493.438494 537.147624 485.248267 549.016355 
61 2 156.501127 644.946331 160.727616 625.996847 
62 2 165.968662 490.642451 159.746478 467.433919 
63 2 131.038577 411.087354 121.916251 399.181077 
64 2 96.648034 866.654703 109.950466 853.925710 
66 2 650.386242 640.232834 667.174642 633.084434 
67 6 316.670894 391.224894 366.195901 421.989539 366.503622 422.493669 401.816108 442.695437 288.511588 373.481448 316.291741 390.833419 
68 2 120.205117 717.911923 127.902789 704.735306 
69 2 147.419140 436.556411 136.637371 421.101806 
70 2 104.093964 379.963734 83.285835 361.744599 
71 2 532.724431 340.978705 539.684352 330.623911 
75 2 524.567949 537.291457 515.513036 549.509661 
76 8 806.553221 490.515474 812.382532 470.465847 813.004442 470.773495 818.123708 442.613385 818.148218 443.459637 819.293697 433.476329 819.816880 434.633982 818.420720 427.515549 
77 2 801.861769 503.603830 805.613312 490.532521 
78 2 472.795597 533.688944 467.261191 542.347355 
81 4 372.525850 436.455389 344.623462 420.286937 344.262400 419.897814 278.447053 380.588649 
82 2 787.793784 528.285637 796.429477 514.064415 
83 2 269.548885 380.419941 285.206492 389.980678 
84 2 121.020751 396.993620 106.302284 382.703644 
85 2 130.947320 700.212114 137.554234 687.528250 
86 2 255.063912 407.113184 328.103315 459.057780 
87 6 459.098865 476.815170 437.966685 449.919023 437.639474 449.274348 417.801284 437.012556 417.114176 437.338986 380.119933 420.326467 
88 2 374.526155 459.446256 362.463155 453.575711 
89 2 502.145769 495.284513 460.132373 476.314180 
90 2 95.947797 383.233117 87.191400 401.350852 
91 2 12.493468 828.488976 23.266551 822.105989 
92 2 500.827327 348.271874 516.231130 339.834852 
93 4 790.500427 649.004117 805.500416 649.017024 770.493484 643.524994 791.377544 648.969699 
95 2 532.994386 539.133109 526.432219 548.176451 
96 2 588.298435 532.093487 559.252517 522.228689 
97 2 493.587547 374.053075 470.491825 375.354978 
98 8 743.658867 635.153649 709.126565 619.314138 708.756481 618.989275 697.164573 613.167928 785.050613 651.682718 742.285186 635.433510 815.525337 651.579851 785.493248 651.945700 
99 4 168.891335 498.389372 166.575145 490.196064 168.724926 505.509928 169.035243 498.479486 
100 2 84.775188 373.626991 76.902956 390.685953 
101 2 563.508277 525.478646 586.536784 534.405103 
102 2 348.800402 442.004939 330.322471 430.792567 
103 2 329.641972 430.271513 268.871596 392.511340 
104 6 786.312384 289.956618 772.589480 269.440149 772.969930 270.587084 763.949638 257.891021 797.251215 310.178130 785.520105 288.575146 
105 2 601.385880 531.816664 689.477249 563.563130 
106 2 395.379694 447.746976 373.268103 436.976061 
107 2 30.023269 815.302345 42.346868 807.265198 
108 2 154.316271 451.025220 148.706212 441.380058 
109 2 106.223488 394.664321 99.240879 405.330365 
110 6 298.639278 524.429583 284.514698 496.492569 284.253261 495.587665 273.983709 466.683436 273.908606 466.415613 266.491526 430.501750 
111 6 811.061736 345.292736 800.975187 317.955700 817.145515 372.351933 810.911972 345.176124 820.531036 408.586312 817.302289 372.339458 
112 2 47.760779 348.550338 45.419856 360.677560 
113 2 754.537007 588.425155 786.607581 604.282422 
114 2 755.592294 571.745275 766.970991 558.060148 
115 2 68.132488 402.638977 77.141058 361.640861 
116 2 543.486697 329.562374 559.810550 333.043935 
117 2 114.947626 406.166824 103.785665 424.672305 
118 2 331.139968 452.507463 268.422870 412.068707 
119 4 808.469623 638.553023 784.361674 624.741447 817.276810 646.761750 808.609655 639.371401 
121 2 820.110831 426.483176 819.697244 411.467025 
122 6 124.078591 418.197729 116.964451 428.115858 116.898862 428.056820 114.220051 434.786618 114.632072 434.472176 114.667919 438.507392 
123 2 363.479451 450.536034 349.472453 442.548305 
124 2 86.236895 384.631201 88.714393 370.716217 
125 2 57.229396 381.865756 52.819432 390.660179 
126 2 97.510656 394.700087 100.100445 381.618875 
128 2 585.346430 535.863528 554.380739 522.782314 
129 2 707.621609 570.090137 720.933257 574.039772 
131 4 80.176175 404.747154 83.667411 395.195674 76.236375 410.279832 80.750822 404.874319 
133 2 573.381787 336.946262 593.803095 342.355801 
134 2 35.413165 354.577780 36.865139 337.531101 
135 2 379.743429 420.076692 282.648838 364.241179 
136 2 57.432309 392.483000 60.445093 380.486211 
137 2 121.617441 437.952421 132.210785 411.787777 
138 2 461.386804 486.855876 500.558674 499.315534 
139 2 89.923496 405.754443 80.207811 421.925264 
140 2 46.450487 386.495620 48.947130 358.274158 
141 2 689.820195 563.599744 700.847859 567.521965 
142 2 92.190953 401.212153 97.970560 395.006879 
143 2 368.710428 426.161315 339.270204 407.869859 
144 2 122.252033 448.805863 114.002236 459.874338 
146 4 616.622693 395.289534 586.835318 377.924797 587.321986 378.857772 572.506826 371.486281 
147 4 619.093100 468.487583 629.741709 465.310010 630.415494 465.401910 640.685306 456.554344 
149 2 130.283693 431.751421 121.012510 446.815426 
150 2 540.340077 304.276488 528.544941 305.124840 
151 2 696.552797 614.223686 663.263453 595.930459 
153 2 48.947375 357.568851 50.948070 344.568958 
154 4 133.646323 443.954701 139.124353 430.144316 127.762938 448.832089 135.600312 442.626694 
155 2 279.271716 432.529460 280.827709 444.586759 
156 2 763.353241 257.779282 746.755136 238.129174 
159 2 136.428906 445.878043 124.283692 466.793720 
160 8 331.637699 461.290842 347.630989 471.819988 347.362084 472.123286 378.445335 491.587297 378.281735 490.970485 391.813519 497.886580 392.411865 498.616592 411.451109 500.119407 
161 2 125.167139 571.577631 136.527613 564.544603 
162 2 42.410299 404.749146 47.157031 387.406130 
163 4 108.020173 436.678257 111.095524 427.704079 101.100040 441.894689 108.272397 437.155539 
164 2 143.270515 458.354480 130.662572 478.237205 
165 2 776.189968 549.791777 786.592393 530.549949 
167 4 135.772491 461.254761 141.677956 457.804597 127.680636 475.597713 135.542529 461.063945 
168 2 434.994178 468.673696 441.661581 476.359835 
169 2 533.452124 654.491911 548.561723 655.221192 
170 4 121.969907 461.724903 127.761076 449.624954 114.428523 466.370359 122.254856 462.055368 
171 2 454.475988 439.577280 482.560992 448.303706 
172 2 136.369950 503.408079 145.967017 489.830093 
173 2 67.148401 344.421632 96.431948 365.018500 
174 2 61.037506 380.464274 62.815515 357.447126 
175 2 801.018935 317.746345 797.348049 310.577811 
176 2 785.535096 621.428333 807.624564 632.245634 
177 2 148.174594 492.232535 132.490592 511.314208 
178 4 564.495941 396.718406 555.999939 385.892438 555.761719 386.079849 548.474685 381.540640 
179 2 126.508723 613.413845 135.517621 614.325954 
180 2 632.851633 645.555763 649.952958 639.859987 
181 6 63.946643 415.245061 69.207565 403.825985 59.275814 421.283133 65.813262 414.806783 50.320594 426.196162 59.183041 420.963203 
182 4 115.229190 449.397148 119.716440 437.582203 109.419442 453.377789 114.980583 449.712020 
183 2 746.459262 238.580687 733.718796 226.311190 
184 2 612.185781 352.208372 603.034791 362.068237 
185 4 25.202656 830.070056 -0.129636 847.589579 35.918715 821.007392 25.551660 829.562601 
186 2 733.072517 225.810536 710.221432 206.835471 
187 4 89.917035 415.251630 95.012298 403.292216 84.084236 421.023077 91.033543 414.964927 
188 2 560.480259 655.045524 578.663138 654.255707 
189 2 549.585282 353.267055 536.414545 354.731391 
190 2 132.914851 511.953606 123.767494 521.749777 
191 8 179.214138 572.511993 179.919527 530.507045 179.207027 529.529751 177.266706 510.422143 177.488683 509.502922 164.268642 458.301539 164.321456 458.585802 146.889868 422.312643 
192 2 652.672732 590.025483 557.182602 538.241281 
193 2 338.539784 407.437252 320.726255 396.143141 
194 2 132.238923 489.326281 141.918799 474.778666 
195 4 662.649922 596.574873 652.351216 590.423222 662.686809 617.601389 660.292922 598.401138 
196 2 479.435621 644.749594 492.592061 648.143084 
197 2 31.595200 398.767775 35.568555 382.516762 
199 2 107.653810 425.906314 96.642940 441.600286 
201 2 347.774851 228.753606 338.652219 238.640453 
202 2 703.615886 621.788440 678.631172 631.826487 
203 2 362.210872 441.950129 278.645230 388.273900 
204 2 122.473473 496.600936 128.609047 489.595507 
205 2 720.746017 574.206451 749.717665 587.007371 
206 2 511.932804 539.769022 506.504190 548.502604 
207 4 823.221869 636.458875 822.021496 644.577109 822.355248 645.296937 815.823139 649.953310 
208 2 45.586764 813.608256 36.081973 821.226126 
209 4 679.438400 187.604656 671.311082 182.820964 670.715640 182.965317 667.441573 181.644871 
210 2 348.587319 453.368656 284.379051 410.681928 
211 2 119.359050 517.368499 131.427747 504.432591 
212 2 709.993290 207.226857 697.022671 198.184710 
213 2 33.327223 381.443421 28.702415 395.566285 
214 16 181.695869 519.483113 182.402202 569.501381 182.120587 570.442223 175.241946 615.612984 176.279183 491.363297 181.053900 518.578266 167.722381 462.433972 176.091551 490.621274 157.756096 439.389458 167.538128 462.051902 141.508162 411.495182 158.158239 439.701739 121.130922 385.991652 141.217668 410.921758 97.954341 364.019628 120.578100 385.417425 
215 2 546.513091 833.485231 555.028065 841.032449 
216 2 320.321695 395.781482 291.488983 377.517392 
217 2 452.231448 636.374543 470.925305 642.114987 
218 4 547.526714 364.596394 532.824481 368.670854 535.053214 368.072559 517.233937 373.649954 
219 2 66.808832 439.629745 74.586605 421.116270 
220 4 174.796142 601.547810 177.547162 584.507614 166.250589 639.443132 174.665293 602.537688 
221 2 113.031188 490.279314 126.289972 474.325452 
222 4 518.526382 518.614867 504.509029 518.197068 504.116912 518.184775 480.724717 505.098316 
223 2 109.242431 540.398736 132.940223 520.822373 
224 2 265.229816 390.493190 265.481709 380.499539 
225 2 78.130659 439.858391 87.444676 423.468560 
226 2 701.201917 567.464253 707.807225 569.506175 
227 6 27.316714 819.356137 30.458035 816.359468 29.068002 822.200144 35.849690 816.698400 36.095697 816.284633 43.578624 810.603562 
228 2 452.067426 410.535711 451.252506 423.484424 
229 2 145.186555 476.280913 131.341792 496.088385 
230 2 518.613105 509.217871 534.469990 515.574857 
231 2 696.773482 198.054402 679.520976 187.465822 
234 2 500.486816 499.524549 516.656421 508.208751 
236 2 129.954582 530.964344 117.828477 542.835530 
237 4 126.025506 701.647736 127.214156 697.419640 127.340913 697.038543 133.173444 687.931291 
238 6 51.639586 413.562852 55.308830 405.413921 55.241349 405.899435 58.535775 393.509513 47.288657 413.938820 52.464551 413.238141 
239 2 550.576423 523.320369 584.769098 537.867492 
240 4 72.443004 733.553841 66.618528 727.388034 66.886524 726.543296 67.562663 720.507019 
241 2 582.407308 655.068134 597.977816 651.726225 
242 2 565.526900 353.207834 549.493901 353.019677 
243 2 556.480323 538.594801 546.495368 536.522316 
244 2 592.606068 317.310077 576.915239 308.547057 
245 2 117.635686 547.688582 136.317787 534.246751 
246 2 446.536723 484.227881 461.533503 486.251746 
247 2 1.554792 798.401341 3.951170 775.442714 
248 4 321.683649 258.621642 310.042460 276.196943 306.714829 274.340756 307.779568 282.463353 
252 2 481.715587 350.052169 511.151989 364.222911 
253 2 535.584341 354.277482 520.570694 354.989872 
255 2 46.990060 746.884568 56.033554 754.085777 
256 2 306.568766 446.402304 279.570972 427.399170 
259 2 136.535228 553.589125 147.480182 554.012426 
260 4 34.785965 743.338310 38.511838 749.927887 33.748374 726.485103 34.824114 744.420582 
262 2 42.692788 937.617094 29.871961 958.725917 
263 2 165.475930 471.506417 169.723866 487.440318 
264 2 499.559529 504.360231 475.639473 494.172527 
265 4 18.171919 765.651859 14.240106 757.157427 16.666049 773.338660 18.121849 765.813771 
266 4 562.346983 516.916409 591.458176 527.613817 555.158329 509.835344 562.592215 517.409492 
268 2 667.475062 640.445504 698.404689 626.291722 
269 2 22.303376 373.569075 23.939702 354.537806 
270 2 637.379915 422.042665 619.907769 418.176301 
271 2 97.693062 472.886021 111.133709 455.221299 
273 2 464.435841 388.232547 449.571557 391.798295 
274 6 517.439508 374.195330 501.473277 377.365410 501.481376 378.271999 485.425140 379.583554 485.539533 380.311275 468.458654 379.743218 
275 2 306.315606 509.609042 320.896349 534.265618 
276 2 70.329386 721.783341 81.495700 728.507141 
277 2 822.853724 464.841981 817.152008 487.412089 
278 4 56.640293 761.325435 48.610865 761.942531 48.465774 762.527523 41.714251 754.131875 
279 2 175.979414 583.576734 171.665884 610.526551 
280 2 95.462174 455.743915 104.898981 442.790669 
281 2 650.921531 645.967037 663.737997 641.130700 
282 4 160.537092 567.823972 150.440458 568.979935 150.280896 568.328956 147.689773 571.648146 
283 2 16.099107 756.705811 11.349284 724.375228 
285 10 519.704105 377.949925 525.432528 375.351266 525.887598 375.625896 530.665600 373.981036 530.151479 374.215817 539.545165 371.666420 539.201509 371.445615 550.543257 369.797722 548.746729 369.411039 562.258360 380.582806 
286 2 173.584084 580.669237 172.188721 589.607517 
287 4 146.417056 690.568740 130.338389 719.409903 157.219238 667.367639 146.165864 690.813911 
289 2 401.587068 496.873253 431.656400 494.966770 
291 2 59.676686 360.570281 55.009034 372.304706 
292 2 627.707231 261.913049 632.317784 248.437656 
294 2 114.623449 720.573565 125.421564 702.453259 
295 2 554.880409 531.780396 579.791201 544.949147 
296 2 496.544270 567.510402 498.927884 557.365576 
297 2 177.792273 560.519377 176.335718 582.489108 
298 4 171.974414 593.386190 164.745589 626.769718 164.769688 626.277996 156.495051 653.498496 
300 2 79.072429 396.778150 73.007112 409.260500 
301 4 607.844816 254.306051 610.808240 244.295224 610.989715 245.620285 610.179388 235.445891 
302 4 636.348058 266.944167 640.927659 258.200238 640.174999 259.184190 643.268219 246.206408 
303 2 654.461665 279.358401 662.840212 260.211285 
304 2 579.080537 593.386847 576.566242 580.487089 
305 2 631.641971 646.497277 631.238679 625.466658 
306 2 796.339144 513.832512 800.099973 504.341489 
307 2 778.463985 555.475302 788.192629 541.289209 
308 2 322.184727 877.510378 321.755091 864.458685 
309 2 433.864117 900.051473 441.703168 888.937945 
310 2 360.340583 216.343296 351.418490 225.419877 
311 6 613.647622 408.079448 629.767530 413.737848 629.937675 413.030766 635.754909 414.061878 598.163141 398.091838 615.302442 407.847096 
312 2 445.790808 906.679595 452.194108 896.311090 
313 2 598.684099 249.526353 600.547766 236.506837 
314 2 559.569581 331.483106 572.865417 337.721146 
315 2 595.022587 389.496896 582.306184 382.872030 
317 4 467.497517 923.498425 474.934225 911.775460 473.110232 911.665279 476.343292 899.728403 
318 4 617.518972 257.508376 621.127376 249.335483 620.968593 250.501645 620.954624 237.498437 
319 2 586.432001 344.769274 601.719736 348.629854 
320 2 602.831507 610.483698 602.044176 594.473240 
321 4 572.903547 351.588093 566.877978 353.822826 577.688936 355.152975 572.152318 352.138600 
322 2 488.602893 390.074719 475.659689 392.391961 
323 2 163.593620 550.100871 150.445385 552.149469 
324 2 520.289822 574.362841 521.645311 562.403131 
325 4 398.515449 861.694976 400.659124 850.530553 401.593417 851.756046 404.359790 848.384942 
326 2 334.584864 876.609333 336.001712 862.550563 
327 2 361.165366 877.474709 362.217445 863.554223 
328 2 410.824952 889.621417 415.371943 877.452152 
329 2 450.491029 884.495362 456.033217 873.775678 
330 4 423.686082 894.556568 427.085546 883.374007 423.758891 906.556368 424.345817 893.448320 
331 2 564.908123 593.540275 564.158453 582.523241 
332 2 808.994409 631.887847 819.089561 645.047739 
333 4 477.887823 931.786779 485.018365 922.143851 484.046544 923.048836 485.469537 915.310509 
335 2 9.120819 388.461836 10.326506 376.482538 
336 2 815.925148 625.895699 788.452434 606.567609 
337 2 372.863782 879.602856 376.899263 865.330147 
338 2 439.367165 876.633294 442.462790 856.494280 
339 4 508.130654 931.217941 514.199735 923.270696 506.686965 936.762327 508.255107 929.666884 
340 4 566.965212 243.412820 568.737875 232.538778 567.978362 233.872957 565.439558 223.514814 
341 2 588.782612 247.508606 589.330245 229.525283 
342 6 650.591805 255.559937 655.290402 248.363159 655.146961 249.533847 654.946338 241.513850 656.349474 241.545740 655.514927 238.799333 
343 2 21.129391 392.584983 22.906983 379.419929 
344 2 508.508060 570.501045 509.816151 560.411342 
345 2 557.022554 576.529269 556.347002 565.509379 
346 2 385.754675 882.288332 389.657756 868.544802 
347 4 456.908467 915.714768 462.955590 904.213754 462.588050 905.491943 462.617531 898.496281 
348 2 656.040050 238.862632 660.594104 219.522158 
349 2 602.626289 406.187006 579.889506 397.013053 
350 2 533.005134 575.466191 532.205539 563.519709 
351 2 549.432906 662.228063 579.563777 661.610205 
352 4 669.502251 269.202193 675.566505 260.546594 673.739486 261.596000 677.885319 251.253600 
353 2 649.209981 359.523451 647.757426 341.560046 
354 2 114.398116 590.286193 134.580462 580.668852 
355 2 412.494019 865.717293 414.971381 854.384444 
356 4 283.514172 884.679269 281.273830 872.359282 282.338174 872.450949 283.616883 868.232318 
358 2 677.737652 276.716680 684.400345 269.409139 
359 2 313.881897 526.856045 303.106904 508.150406 
360 2 592.006495 591.389342 589.367533 579.310464 
361 2 780.686954 633.109375 814.191435 649.144719 
362 2 313.828460 856.544987 313.019233 844.465216 
363 2 296.199597 881.663746 294.649720 869.355228 
364 2 666.483308 245.827655 671.581678 230.527216 
365 2 645.147574 274.758866 652.453871 256.481560 
366 4 686.014791 284.989944 692.338119 278.345932 691.658436 279.115799 697.226788 266.918738 
367 2 573.644768 345.105926 557.281527 339.094708 
368 2 570.679583 340.832780 586.351710 345.050954 
369 2 613.464256 650.497215 615.012975 630.617870 
370 2 308.562096 879.516119 308.774983 865.488997 
371 2 662.546387 285.526534 670.983509 270.776572 
372 2 94.968008 367.047864 116.286965 387.749224 
373 2 472.479930 649.597947 490.541209 653.298892 
374 4 370.926891 855.527133 371.694586 843.448808 373.614441 845.562575 375.988678 841.220416 
375 2 425.260866 872.430267 429.068121 859.374062 
376 2 348.301549 876.490286 348.936345 863.521358 
377 2 434.944170 917.583480 435.818342 902.460597 
379 2 562.595379 381.313021 597.638560 399.188747 
380 2 11.020084 429.859596 16.703013 421.640367 
381 4 760.865561 575.829696 773.211026 562.141267 773.321678 561.397961 777.079183 554.831420 
382 2 497.586334 587.514335 499.444218 576.324702 
383 4 551.332773 594.512045 550.396095 581.507484 549.683071 582.393680 545.886461 575.856316 
384 2 471.834905 845.600228 475.652238 832.844833 
385 2 632.299485 227.404195 636.340729 218.946105 
386 4 692.918261 242.810816 698.404034 235.428686 696.491660 236.833039 701.426356 222.139428 
387 2 524.176227 591.544635 524.903482 580.526632 
388 2 104.492724 616.385466 119.622251 615.424271 
389 2 486.095791 909.924702 493.045172 900.175782 
390 2 492.721364 933.599444 502.418247 912.014040 
391 2 49.028775 793.891760 60.260156 785.190418 
393 2 398.569227 444.377207 372.753968 429.823286 
394 2 589.202455 606.560864 587.355085 597.529643 
395 2 414.956461 628.315354 471.633409 650.153765 
396 2 465.261260 906.223326 482.346289 891.480757 
397 2 546.340736 240.498188 546.454520 230.499482 
398 2 677.431015 299.668181 687.126005 287.208980 
399 2 544.719596 576.509038 545.214317 564.488243 
401 2 557.068789 242.489060 557.373026 230.496779 
402 2 695.372517 293.077708 705.629847 277.585974 
403 2 381.387859 836.493570 382.130838 823.536172 
404 2 620.369846 222.437626 624.234703 214.372862 
405 2 478.532750 385.828186 506.651896 383.022131 
406 2 378.424483 473.615351 367.516763 466.474395 
407 2 177.500000 532.500000 177.500000 558.500000 
408 4 327.700438 854.548270 328.185410 842.487350 329.458161 843.486017 333.367237 831.789847 
409 2 486.861268 941.825500 493.926803 933.983554 
410 4 708.192542 311.248476 717.568074 302.573572 715.715806 304.646430 721.324268 296.380761 
411 2 390.019276 459.606929 367.059766 446.257133 
412 2 604.703148 587.251112 602.479988 576.504140 
413 2 374.012692 598.235111 409.840873 621.985790 
414 2 740.256034 604.908133 730.246177 598.924622 
415 2 425.631436 848.536680 428.696149 837.554739 
416 2 530.007786 224.557681 528.953852 215.564001 
417 2 631.804140 596.751917 628.459989 587.514485 
418 2 95.418331 645.160814 101.449794 645.906235 
419 2 686.628407 260.986867 694.067676 243.744931 
420 2 360.500000 757.500000 339.500000 757.500000 
421 2 455.611557 837.553932 460.477357 827.489054 
422 2 384.269188 858.447704 387.001816 846.387124 
423 4 258.465445 895.237451 255.220227 883.304137 256.108243 883.530068 256.852819 868.468007 
424 4 35.523418 424.515514 41.036856 416.193173 40.666083 417.517923 40.617031 412.498856 
425 2 431.573148 491.649768 446.838887 484.193861 
426 2 580.879075 574.569428 579.529173 562.496738 
427 2 568.946490 576.460047 567.776580 563.385769 
428 2 376.852070 593.975171 388.828972 602.009602 
429 2 617.456918 602.507076 615.511555 590.662341 
430 4 618.077678 619.655812 614.675790 610.435144 629.028171 626.823772 617.694065 617.971215 
431 2 664.629283 631.477808 662.709282 620.292424 
433 4 621.169916 204.411347 623.308539 196.448578 622.798567 197.548087 622.428250 184.445502 
435 4 669.624044 291.626280 676.186084 285.180426 675.758120 286.356417 676.726983 281.350391 
436 2 702.532589 302.258142 714.368490 286.137658 
437 2 33.867700 381.025033 37.838882 355.552833 
438 4 44.207449 432.293982 49.631056 424.592291 48.993775 423.723279 52.300789 416.409919 
439 2 364.449289 486.592734 356.186100 482.074016 
440 2 557.112746 519.251812 553.906277 511.335441 
441 2 486.643366 578.490782 485.610641 562.428591 
442 2 632.385170 618.521899 630.071690 606.390973 
443 2 516.086314 909.297345 523.665044 903.724448 
444 2 8.962898 366.263119 12.035934 359.295331 
445 2 400.714746 901.554028 402.490109 894.497511 
446 2 709.397816 326.390666 721.824177 314.776891 
447 2 103.975293 483.653552 115.595286 468.792591 
448 2 376.046183 812.556528 377.193765 801.468306 
449 2 396.015764 838.622175 398.642409 827.533734 
450 2 467.488180 868.492241 472.964725 860.148657 
452 2 354.058344 892.436883 353.140171 884.314589 
453 2 517.142237 942.286082 524.989317 935.874937 
454 4 517.419726 227.541259 517.960977 215.475820 518.569503 217.520566 522.237055 205.126286 
455 4 670.435113 227.115973 675.007048 220.175285 674.054993 221.189249 675.305749 211.348215 
456 4 720.978197 296.037795 726.315232 291.292205 725.853923 292.733855 729.270536 285.393199 
457 2 27.531150 417.796554 32.770754 399.577867 
458 2 341.389806 567.667357 350.081549 576.955811 
459 2 659.024681 619.564797 660.113616 627.552673 
460 2 425.902887 823.550871 427.192814 813.334946 
461 2 494.570662 888.199298 500.645479 870.211414 
462 2 473.773555 949.830954 476.947719 937.616347 
463 2 560.332862 229.903723 571.108849 208.811053 
464 6 648.961559 382.723781 650.848434 370.400238 644.901709 390.171881 648.777928 383.103996 633.567006 395.651326 644.614865 390.759410 
465 2 19.736460 435.691375 25.930032 428.038705 
466 4 365.393216 833.487031 366.604616 823.512706 367.539348 824.695445 369.690607 821.025542 
467 2 356.338552 854.628897 357.185513 842.548060 
468 2 635.231147 208.549455 636.726113 186.447654 
469 2 647.605581 214.648917 650.455071 193.493948 
470 4 727.735835 306.772688 734.214364 301.169728 734.155456 300.223773 741.774652 290.720194 
471 2 731.645385 336.661908 750.061435 320.125242 
472 2 14.349325 415.420818 8.521164 426.511122 
473 2 286.203573 466.617218 294.124615 486.648440 
474 10 602.677370 622.440599 599.363554 612.545696 598.793418 614.261074 595.638798 610.386978 594.797743 610.238729 591.013838 605.926609 600.577463 626.633794 601.249649 621.220563 598.152006 633.407588 599.772141 627.306711 
475 2 609.494298 656.449336 633.527507 653.744402 
476 2 471.345244 653.126821 497.480407 659.579358 
477 2 299.267273 857.570855 298.684503 847.431917 
478 2 509.244829 959.504532 518.718111 943.049851 
479 2 610.034630 218.500730 610.061930 198.499402 
480 2 716.838627 282.084525 727.891716 264.489675 
481 2 650.072022 630.203667 645.549771 621.474216 
482 2 410.116070 818.519392 409.352732 803.406421 
483 2 351.788895 832.110124 344.634768 808.459234 
484 2 485.774394 853.674486 490.836461 845.713954 
485 2 455.019067 932.585985 457.678865 916.529630 
486 2 527.432291 956.138130 537.001026 942.158465 
487 6 658.622424 219.584484 662.717628 213.650183 661.485373 214.251512 663.702227 196.278259 648.309766 227.273761 657.522729 219.527031 
488 4 705.617415 277.151740 713.124407 264.280933 712.329474 264.932671 714.672328 260.098845 
489 2 694.258574 340.092521 708.581875 327.459067 
490 2 475.686670 373.513012 476.519104 361.571038 
491 2 375.588568 493.275263 365.909544 489.460801 
492 4 170.832658 491.416943 173.593971 502.476538 173.789272 503.459813 177.681210 531.474826 
493 2 176.500000 568.500000 176.500000 534.500000 
495 2 359.374826 585.649117 373.989332 597.917071 
496 2 436.671966 878.155861 427.255091 900.813823 
497 2 513.305358 922.414951 518.670051 910.137354 
498 2 607.437793 200.476312 610.937433 191.285781 
499 2 680.934366 240.656341 685.446306 228.120744 
500 4 515.042549 243.443518 513.898956 232.458467 513.974597 233.398167 517.104694 228.259222 
501 2 704.470681 251.029689 709.402247 241.992345 
502 6 25.365000 758.734198 29.665385 761.213090 22.188050 753.190918 25.476203 760.510690 22.930163 746.515592 22.711653 752.543919 
503 2 441.847478 829.644379 442.834915 820.428737 
504 4 481.151883 876.920739 486.267206 868.995171 485.127126 870.232027 487.035382 853.334598 
505 2 467.177275 881.597799 468.935969 869.418553 
506 2 552.952973 224.526712 552.797319 215.512133 
507 2 717.220749 255.839827 726.164674 236.870405 
508 2 550.499184 463.046384 522.499274 463.096780 
509 4 462.588979 565.554080 463.282526 551.588523 459.492014 570.492917 464.671944 564.652499 
511 2 439.919009 805.676033 443.882932 796.240759 
512 4 392.662397 814.667569 394.115345 804.588707 388.208319 818.279635 391.468093 813.964899 
513 2 410.951485 842.609180 413.401864 832.476268 
514 2 244.628646 899.671575 242.413210 875.507957 
515 2 523.895860 934.774074 531.336799 918.331212 
516 2 583.928508 212.619713 586.478011 203.493857 
517 2 554.490999 349.373029 575.597600 347.876832 
518 2 13.706223 414.383807 21.140921 404.236901 
519 2 56.611795 472.630681 63.617550 466.637408 
520 2 431.675526 496.062813 448.589738 490.787739 
521 2 313.212292 532.721637 337.621070 564.406733 
522 2 648.143802 608.773558 642.536321 601.472106 
523 4 2.189631 762.482983 2.684591 753.455294 3.631597 752.919799 0.914679 747.299538 
524 10 271.470788 865.507937 268.665705 855.183292 270.704572 856.539622 270.500865 852.450144 270.812415 851.641506 271.912708 841.436678 275.863759 866.826685 271.868776 864.668389 276.586869 869.279530 274.514574 868.463012 
525 2 410.398518 868.468990 404.940999 886.329187 
526 2 445.219725 925.578800 446.878103 910.431911 
527 4 730.180380 285.351145 732.450434 280.476916 730.847627 280.954054 737.191543 276.097108 
528 2 695.903399 324.935959 708.888902 312.920292 
529 4 680.899878 625.425197 678.810302 614.254888 681.380589 614.627957 675.180702 608.842149 
530 2 279.642429 903.522988 282.575432 885.350774 
531 4 234.131857 909.604276 230.801915 897.847988 230.747045 899.380478 229.845352 882.428440 
532 2 411.325673 906.411558 415.167632 898.838712 
533 2 675.996164 207.818680 679.880737 189.581096 
534 4 688.306009 214.794369 691.676884 205.564601 691.246134 206.253906 692.947029 197.587738 
535 2 683.835225 307.811738 692.497080 298.497285 
536 2 61.084841 448.185123 66.281092 441.333969 
537 2 354.219359 481.148108 340.971335 475.411506 
538 2 385.862199 499.541971 376.361399 493.726432 
539 2 74.248695 510.821152 84.345740 507.083298 
540 4 257.883575 819.423337 260.378726 799.360550 261.024783 799.774247 259.633311 792.289314 
541 2 441.286123 854.578797 442.794583 839.529528 
542 2 284.013584 867.539007 284.425650 851.549626 
543 4 529.853263 881.989696 536.218938 864.398294 533.724368 864.732389 540.345403 858.339876 
544 2 363.719253 893.050069 371.520961 879.512080 
545 2 491.553864 899.213132 494.776646 888.583879 
546 2 594.695550 197.542844 596.714510 188.327902 
547 4 644.202037 232.778454 647.008882 225.701841 646.624538 224.663048 647.964361 215.422337 
548 2 687.432097 319.436250 702.942531 302.915467 
549 2 312.406403 415.716729 331.695623 424.047026 
550 2 274.956701 812.576417 279.107582 787.768987 
551 4 359.390428 810.493264 360.006654 800.469670 361.934499 801.183870 363.688466 798.046331 
552 2 452.553501 861.249843 459.159151 851.969160 
553 2 256.592471 913.505322 257.631546 895.450021 
554 2 245.361783 918.503830 245.441808 900.495298 
555 2 464.503973 940.735391 468.320384 924.457887 
556 2 596.587210 215.522946 598.996088 206.367418 
557 2 541.249613 224.503833 541.111879 215.505941 
558 2 496.429755 228.526386 493.425352 220.528040 
559 2 483.373531 234.493854 484.444792 212.448723 
560 2 535.810334 240.502893 535.894317 231.494353 
561 2 727.904009 264.184720 737.093247 246.813829 
562 6 474.351974 570.507760 474.506876 553.500063 469.327320 578.182969 476.988143 568.902972 455.198935 592.213223 468.374886 578.380824 
563 4 396.910083 805.098708 404.240122 794.323218 406.220983 795.476882 407.050689 785.462773 
564 2 271.846374 841.324195 274.485718 816.498482 
565 2 302.490613 835.088629 307.720011 809.545042 
566 2 285.175558 851.732217 288.416153 828.349788 
567 4 502.319757 912.110728 508.066566 894.686867 506.242517 896.333713 512.071818 891.142048 
568 2 549.019911 949.910481 556.085015 940.961882 
569 2 536.789440 199.591813 542.146101 182.704949 
570 2 461.091241 220.536037 460.527523 198.499296 
571 6 698.469371 223.468824 705.021917 217.031237 702.884633 217.772353 705.280558 209.160727 687.661848 229.752633 697.477232 223.464461 
572 2 524.754267 244.509545 525.241570 231.527837 
573 2 708.964617 241.676958 714.713993 226.581503 
574 2 697.142722 267.305747 704.818687 251.656314 
575 4 5.724953 406.626652 10.348412 398.414654 9.705974 399.716084 8.965030 393.564435 
576 2 79.421906 519.823276 92.478825 518.316509 
577 2 579.708398 645.314744 583.687975 628.309964 
578 2 343.448828 803.896719 353.983117 778.701998 
579 2 241.600166 824.557999 242.659918 804.455713 
580 2 300.007784 847.404588 302.358282 835.278688 
581 4 218.579918 906.595425 216.803623 889.468510 217.836318 890.901099 213.842638 884.292925 
582 2 539.632104 901.036973 545.767690 888.101284 
583 2 207.108041 915.784505 202.551143 893.489547 
584 4 536.891544 941.692607 541.040710 933.257899 538.525659 933.548468 545.647324 929.778288 
585 2 685.639838 228.317798 688.520957 214.716262 
586 2 508.403653 381.105956 519.475270 378.398858 
588 2 486.964615 600.414720 488.232128 592.457331 
589 2 288.204320 828.235055 296.336309 788.466528 
590 4 319.918956 824.631499 325.493706 806.870280 326.624854 810.660350 324.754663 800.453339 
591 2 256.590313 840.415956 258.239229 822.568296 
592 2 356.245793 857.569428 354.466458 876.683062 
593 2 340.103671 891.747839 346.590472 875.947697 
594 2 361.032131 880.411136 358.361183 894.473634 
596 2 506.658244 226.564314 506.038950 218.458822 
597 2 677.915968 250.659018 680.966813 242.678455 
598 4 736.956714 275.170862 744.328863 263.002149 741.489787 263.483011 747.221802 260.037222 
599 4 738.499470 314.360469 749.115309 302.029735 741.362565 302.947507 753.600324 299.903307 
600 4 287.529769 421.406279 300.492475 425.523692 300.301489 426.911795 307.155024 430.215626 
601 2 358.926107 460.409172 349.067053 454.185883 
602 2 448.404599 565.866973 451.897950 557.255763 
603 2 477.424104 636.501526 477.041349 617.469003 
604 2 499.487610 864.230862 505.311769 856.360704 
605 2 423.768675 873.219130 415.120090 895.738150 
606 2 335.779979 878.522051 334.677956 892.514016 
608 2 213.920598 942.055891 209.917986 920.239841 
609 2 554.790586 190.507481 554.997079 182.487052 
610 2 493.359927 247.494524 494.103148 228.484485 
611 2 226.680925 854.553681 224.910415 827.538640 
613 2 315.812282 894.307999 320.432172 877.760249 
614 2 545.624214 887.553312 552.667571 871.142725 
615 2 746.434028 259.082622 751.538125 250.900008 
616 2 657.438342 264.461321 650.792172 275.055970 
617 2 722.081096 314.136194 727.696348 307.670523 
618 2 719.352918 330.196246 728.212525 325.906306 
619 4 5.778457 417.538382 7.168423 407.454296 1.363877 424.385513 7.790521 416.744344 
620 2 49.651133 464.408265 57.405730 458.378759 
621 2 406.046839 535.445793 417.595332 516.558289 
622 2 445.890261 583.690044 449.412357 576.457321 
623 2 513.768672 874.715281 518.651548 868.621432 
624 2 525.998540 891.277695 529.990052 882.273932 
625 2 572.477878 209.499470 572.693297 200.504629 
626 2 684.246127 263.633803 673.594393 270.643438 
627 2 647.559477 259.879827 640.236431 270.985596 
628 6 732.449584 319.446490 738.123626 314.100528 739.508280 315.552783 753.631357 313.337400 727.421469 325.400008 734.326390 318.330433 
629 2 509.735120 386.204063 494.437444 391.312675 
630 2 28.445375 441.450456 34.636801 434.624077 
631 2 71.408852 500.320763 79.381262 496.266509 
632 4 308.725438 806.982118 314.418017 787.476074 315.615085 789.491276 314.931051 780.467325 
633 2 422.501525 799.500628 426.398060 790.045864 
634 2 458.661258 813.516578 459.004021 789.507196 
635 2 295.943686 870.213455 298.258740 857.639698 
636 2 291.593581 898.729094 295.014701 882.398335 
637 2 303.383385 896.468014 307.929854 879.892185 
638 2 459.954743 895.193456 449.196508 914.329377 
639 2 555.713193 940.015303 563.169093 927.912182 
640 4 204.075894 951.369947 199.584418 931.480936 199.639926 930.989537 196.081718 924.738078 
641 2 504.550365 243.643719 503.151614 234.401384 
642 2 759.099358 311.152396 780.988261 285.923624 
643 2 749.364826 337.436842 762.405990 325.398162 
644 2 19.875612 403.555280 21.358552 393.479182 
645 2 503.206806 855.661170 508.538163 832.280676 
646 2 387.743456 898.005583 395.333636 886.391278 
647 2 532.746291 916.613004 539.854223 901.121349 
648 2 619.958756 225.679898 613.854314 241.246799 
649 2 576.360047 382.710817 551.174114 365.990895 
650 2 759.511131 460.722815 774.523621 459.972830 
651 2 327.606358 803.529887 334.597369 778.651386 
652 4 241.260714 846.526877 241.864327 829.442211 243.217655 828.745463 239.020104 823.917209 
653 4 258.215789 847.602153 255.211722 839.244189 255.991739 862.594226 256.955318 847.339265 
654 2 328.666301 857.504118 328.243790 874.567938 
655 2 385.601532 884.521954 382.943981 896.812235 
656 2 195.786462 924.421616 191.365083 908.263289 
657 2 223.864565 932.342176 221.467787 911.619385 
658 2 174.246467 945.602368 168.752069 931.994458 
659 2 482.367564 958.813719 488.844793 940.901463 
660 4 544.980857 211.647976 548.786744 199.280507 548.898359 200.205848 553.737145 190.619703 
661 2 472.963941 216.525688 472.531363 207.498497 
662 2 737.300272 246.937531 742.068699 236.766623 
663 2 596.066103 237.430064 594.287360 248.465726 
664 2 732.455606 417.954215 720.472341 416.782991 
665 4 379.788585 802.249643 387.027310 789.806766 388.730678 791.531400 388.360623 782.464873 
666 2 322.777639 880.505660 322.533537 892.480299 
668 2 376.992138 895.639962 379.246708 887.712360 
669 2 448.849982 886.170615 438.538529 906.519524 
670 2 482.911200 912.067078 472.846924 925.755081 
671 2 542.992384 958.858270 549.221503 950.297359 
672 2 569.725304 192.452069 565.685046 173.460633 
673 2 508.292333 211.452549 513.268272 189.675546 
674 2 598.129028 231.689399 600.586960 223.526184 
675 2 631.512313 229.505317 623.703462 247.587864 
676 2 752.736497 275.330634 762.637249 260.592199 
677 2 744.308169 287.356940 752.918082 275.811789 
678 2 673.380288 280.397775 665.562277 289.553179 
679 2 707.630036 341.182894 719.829706 332.991011 
680 2 770.504155 406.776013 754.492730 407.017036 
681 4 43.737508 455.756779 50.002418 449.962045 49.181510 450.938866 54.992799 437.284141 
682 2 343.513223 472.452352 328.297457 468.229864 
684 2 501.498583 603.499839 502.521101 594.502398 
685 2 574.880151 607.631646 573.371310 600.527332 
686 2 68.478636 613.824583 83.495243 613.349605 
687 2 370.220154 789.492165 370.472705 780.471240 
688 2 396.028813 827.438963 394.648809 815.482824 
689 2 314.749964 859.493763 315.349025 883.503767 
690 2 328.349427 891.777040 333.642963 875.546627 
691 2 479.619617 890.523154 482.117317 877.619491 
692 2 397.358570 889.458618 394.505633 899.209052 
693 2 544.254949 927.786014 556.102975 907.125403 
694 2 234.807170 926.399457 233.577857 910.417095 
695 2 184.691313 934.431947 178.965234 918.334510 
696 2 522.890528 202.609604 528.458864 182.769110 
697 2 664.048071 255.642841 666.615769 245.790798 
698 2 639.070516 252.262898 633.204336 262.888837 
699 2 665.941138 272.904004 656.357026 283.369061 
700 4 751.879139 298.818301 762.336231 286.362510 759.426102 286.325255 766.440367 283.358986 
701 2 728.511930 350.539620 738.508849 347.529387 
702 2 775.929928 392.385158 814.806071 373.117557 
703 2 100.276349 504.298487 112.664561 490.549285 
704 2 460.936991 630.480943 460.632205 607.498247 
705 2 512.284812 641.551368 508.681509 626.456671 
706 2 352.947289 822.294410 357.559752 809.894192 
707 2 177.489520 858.654399 174.710654 840.467813 
708 2 197.344567 873.210780 190.644166 830.477395 
709 2 383.699650 861.541961 379.059994 883.617694 
710 2 287.077138 865.428774 289.689924 886.599973 
711 2 273.477627 868.335885 277.206598 890.549254 
712 2 410.317991 892.410420 404.984783 903.246423 
713 4 562.829451 958.731682 573.196480 943.989790 571.497157 942.479589 579.618172 941.348329 
714 2 583.265056 194.366526 579.790240 174.449364 
715 2 618.430396 242.475370 613.471236 256.489822 
716 2 765.352756 323.356061 788.588627 299.586637 
717 2 730.428524 428.894079 719.427668 426.898795 
718 2 592.562857 574.493885 591.291362 561.423019 
721 2 364.081444 797.758673 368.084722 788.760132 
722 2 342.426822 808.512375 342.368777 803.478451 
723 2 474.878155 821.526308 476.544590 797.572671 
724 2 359.080699 813.476744 357.971766 833.470702 
725 4 427.221153 836.519922 427.033532 824.476110 429.988144 840.118799 439.905647 826.802103 
726 2 395.339305 842.455872 390.392395 860.470451 
727 4 519.743088 852.666904 525.398385 844.430231 519.600134 860.702239 521.200530 851.996441 
728 2 552.316073 870.824660 557.257579 858.403557 
729 2 300.765343 860.478457 302.714183 884.482611 
730 2 182.994206 881.239610 180.060045 864.402403 
731 2 396.722472 866.285522 392.126047 882.948539 
732 2 562.082022 893.242930 571.764694 872.624302 
733 4 563.308291 172.547664 563.781868 164.516621 556.657861 183.036402 562.277985 172.827280 
734 2 572.795320 213.785906 569.124442 230.417106 
735 2 715.122696 226.688200 718.226873 216.417452 
736 2 575.243366 231.471071 574.006423 242.444362 
737 2 765.247506 282.070871 772.167486 273.009760 
738 2 8.518227 340.497971 6.954034 326.449447 
739 2 744.456913 338.487673 764.505718 337.634356 
740 2 755.453194 348.446978 768.151194 337.237678 
741 2 714.541464 359.693515 723.351267 357.805855 
742 4 750.744680 545.294243 741.105570 533.831684 743.533204 533.193600 732.553777 532.003766 
743 2 515.611472 560.509710 515.775370 575.507919 
744 2 92.231030 585.605785 106.172819 581.412256 
745 4 511.438996 611.466617 515.078175 604.816393 516.392167 606.498716 516.511062 596.512037 
747 2 321.334763 833.581597 306.679881 803.904990 
748 4 211.394367 863.569340 210.191769 844.393900 210.401669 844.813567 207.988391 836.360567 
749 2 342.631115 857.510318 340.826184 880.446976 
750 2 214.642755 883.599340 212.276310 863.178274 
751 2 273.327247 892.452122 274.141486 906.520749 
752 2 463.971873 926.154813 458.970166 933.807303 
753 2 194.538899 958.485871 185.788415 934.395238 
754 2 585.822599 232.400254 584.050672 244.433837 
755 2 673.665578 254.615203 663.045308 269.879405 
756 2 5.907775 347.064462 16.099858 333.205725 
757 2 782.398047 404.290784 806.517976 392.536888 
758 4 345.423021 486.256758 351.739786 484.257689 332.500472 484.494558 344.497028 485.534295 
759 4 647.198367 621.521621 646.261066 608.445447 658.013097 614.842203 649.022899 607.829637 
760 2 529.679684 643.443769 524.584042 627.160758 
761 2 102.205694 736.274382 114.743247 719.919865 
763 2 225.241336 827.518822 225.403803 812.488151 
764 2 314.881704 845.368466 317.614136 832.524281 
765 6 245.306490 876.615207 240.921135 869.249274 241.718754 870.539838 241.970690 856.508451 241.255032 856.966913 242.432329 852.009013 
767 2 432.402499 903.465593 428.710695 913.927241 
768 2 468.916992 907.137404 459.849231 921.717201 
769 2 473.309664 934.402399 468.614471 943.558699 
770 2 607.217620 239.445157 604.675542 252.534093 
771 2 752.201983 364.038820 775.014982 349.296932 
772 4 782.580680 375.629271 794.360884 368.277098 765.486701 375.658778 784.603859 377.260065 
773 2 547.864989 458.480478 562.290610 467.823304 
774 2 353.261368 497.890766 362.422595 494.302384 
775 2 397.136616 551.417398 405.553275 545.576772 
776 2 583.742165 576.436800 587.906610 592.393884 
777 2 568.779234 580.344184 575.973047 593.236034 
779 2 384.170080 826.325338 388.353844 818.422624 
780 2 489.173439 830.307340 494.403178 821.442878 
782 2 438.041614 856.318076 429.616589 877.546272 
783 2 451.377708 864.437535 441.611710 883.557060 
785 2 420.881377 898.647322 417.672932 906.953093 
786 4 576.656013 938.603117 586.292341 924.023701 584.800597 924.014999 590.581999 920.640485 
787 2 165.460340 958.520482 157.870941 943.824871 
788 2 638.071025 203.081095 651.914535 188.904804 
789 2 450.550480 231.492697 448.525639 217.496291 
790 2 628.439514 247.476556 623.873422 259.257142 
791 2 690.394904 295.370165 679.232860 304.405372 
792 2 745.500487 378.508019 734.419920 379.180490 
793 2 729.497930 385.873379 717.498299 385.806840 
794 2 359.498292 399.970015 369.501411 399.937784 
795 2 429.585979 510.701082 421.484325 511.281033 
796 2 526.969609 612.247311 535.253720 594.859088 
797 2 586.081368 624.592092 584.008275 615.168205 
799 2 320.229096 836.504765 320.668664 861.497034 
800 2 170.254373 894.563938 164.997869 874.370401 
801 2 201.580416 893.488906 199.223022 876.400258 
802 2 507.124130 880.237709 496.154840 895.956964 
803 2 500.651464 901.617771 488.861341 916.780961 
804 2 443.331500 910.420370 438.555617 920.526284 
805 4 22.819499 345.566504 22.302713 332.507807 21.284164 351.437394 25.052559 344.264916 
806 2 737.499337 382.504386 759.451513 385.820937 
807 2 771.469541 419.946619 755.475730 418.855874 
808 2 784.513481 425.973578 773.493944 426.287262 
809 2 814.483539 449.010506 789.486508 448.738102 
810 2 566.446463 636.700649 570.473241 617.706326 
811 2 207.533346 817.497724 206.238074 798.517875 
812 2 241.969856 804.170076 243.619959 791.515642 
813 2 375.485335 817.329722 371.975540 838.244170 
815 2 490.797736 889.724883 479.106897 905.203085 
816 4 190.093240 906.829438 185.563164 887.485208 186.538067 887.119352 182.796897 881.308839 
817 2 492.351842 922.648658 479.730244 939.670722 
818 2 585.555224 956.542049 597.188952 941.263160 
819 2 613.235033 192.036006 623.847662 177.482752 
820 2 487.625281 190.514443 490.154556 168.575462 
821 2 571.251610 184.369623 580.386846 166.965496 
822 2 496.886512 210.584636 497.444988 201.435600 
823 2 563.705306 231.485481 563.485805 243.499741 
824 2 651.516481 243.972620 643.869181 258.234179 
825 2 709.895386 289.447309 697.542966 294.602942 
826 2 769.856793 336.887847 795.940903 312.892241 
827 2 544.561359 349.027448 535.582892 347.861620 
828 6 732.422445 361.010088 742.486838 359.416857 741.252830 360.269056 750.628676 361.579038 729.962161 366.056118 733.141338 362.203994 
829 2 716.568684 369.898613 726.280347 368.225224 
830 2 573.387918 370.178262 586.685786 372.375717 
831 2 749.502713 401.370259 735.508834 401.077600 
832 2 97.991247 521.024793 121.259908 499.243513 
833 2 405.508544 784.730362 402.658307 772.463218 
834 2 245.198739 809.631571 249.827613 820.230390 
835 2 461.917786 828.843062 471.922315 819.976518 
836 2 415.021129 834.147247 424.520434 821.251686 
837 2 326.566371 814.472417 327.162234 837.508737 
838 2 289.886723 841.457284 292.020347 860.773891 
839 2 409.861911 845.615453 402.266280 869.425441 
840 2 310.582608 882.503009 310.109709 895.485784 
841 2 519.899617 891.834922 507.071552 907.140914 
842 2 221.423446 911.550944 218.350864 906.933776 
843 2 585.257956 186.355563 595.364534 169.419162 
844 4 529.099215 182.699290 533.091131 170.696601 534.167160 171.514592 533.771433 162.488100 
845 2 684.957683 218.829506 681.088526 224.203763 
846 2 596.281003 218.444153 592.862989 231.847577 
847 2 473.063937 242.469968 472.264548 227.459284 
848 2 608.056989 221.360458 602.644016 238.545363 
849 2 668.723378 229.650487 659.889897 242.762668 
850 2 552.921745 227.504454 552.763341 242.502781 
851 2 710.508188 263.509501 699.172181 273.279891 
852 2 683.217079 286.227469 674.388509 295.392603 
853 2 592.750673 378.476512 591.813144 368.470659 
854 2 739.592278 404.189743 760.525076 410.415690 
855 2 728.492806 439.531537 717.386400 436.997992 
856 2 287.294380 448.586910 281.516002 434.915910 
857 4 492.577210 640.517969 494.666908 631.538844 494.078160 630.594500 491.161714 617.575783 
858 2 60.479781 636.756789 74.550027 637.864623 
860 2 365.371821 836.482739 362.276307 859.469877 
861 2 380.397539 838.480678 376.071741 861.419238 
862 2 482.765899 857.052743 470.360158 877.414800 
863 2 285.339202 888.516336 286.566295 900.594858 
864 2 261.203531 897.422174 262.660501 910.592867 
865 2 453.507937 917.104143 449.379001 927.451718 
866 2 503.661381 174.538057 507.945983 156.369350 
867 2 607.459907 179.577829 608.036822 172.462446 
868 2 632.500132 211.156620 627.768112 224.935502 
869 2 524.388626 211.515222 524.097798 228.493110 
870 2 657.335568 222.405618 647.765549 239.078433 
871 4 583.797635 231.706432 586.645240 227.600734 587.390171 229.486691 588.479464 220.497512 
872 2 725.608189 323.817947 713.328627 327.996369 
873 2 779.300311 362.223935 807.179879 342.057442 
874 2 773.475949 379.048708 754.512383 378.217485 
875 4 72.911516 450.743155 78.843884 440.703192 67.870468 456.821968 74.084471 451.052458 
876 2 316.407796 462.646339 298.561696 451.402080 
877 2 420.711392 533.616735 428.505342 519.502950 
878 2 91.304080 550.138600 107.021754 541.617815 
879 2 527.135520 561.458877 527.514337 576.524784 
880 2 316.338050 781.090291 321.170954 767.383977 
881 2 298.650727 795.479791 302.110526 821.284063 
882 2 477.441437 880.828192 465.565256 899.541414 
883 2 448.513797 214.543937 446.994112 180.433435 
884 2 704.065565 207.180225 693.236913 216.183576 
885 4 703.974807 246.459437 696.761799 250.029015 698.865506 243.179822 694.633097 251.567163 
886 2 719.539474 272.544611 704.674878 285.697634 
887 2 771.152631 313.138693 762.478786 321.477935 
888 2 726.516328 364.736828 712.513940 365.702194 
889 2 757.838976 388.199421 775.947396 379.423127 
890 2 749.504314 389.649018 735.487112 390.054823 
891 2 760.486778 410.951765 767.510029 411.157319 
892 2 745.671156 460.868688 730.435446 456.738107 
893 4 378.547588 543.679493 389.568308 540.757648 390.001548 540.500667 394.615611 533.577046 
894 2 772.525199 546.471294 765.101156 539.954360 
895 2 493.932145 554.400963 491.304737 569.465945 
896 2 82.497065 565.266819 91.495640 565.153571 
897 2 279.133005 787.637961 282.227269 773.440559 
898 2 412.344783 811.388625 421.087701 799.204156 
899 2 426.018624 812.538241 424.986104 799.540824 
900 2 391.745010 819.347273 387.816719 838.766359 
901 2 228.652755 878.563508 227.230926 859.595127 
902 2 298.194005 885.495576 298.225356 897.500717 
904 2 563.711924 928.061389 574.812080 908.117132 
905 2 498.511933 200.640256 500.782005 184.261883 
906 4 484.517442 211.620213 487.005779 190.559759 486.069522 191.179104 481.684249 183.396185 
907 2 429.679867 248.465990 423.630866 216.475255 
908 2 739.068955 346.071371 744.554854 340.554546 
909 2 9.863228 359.494721 9.812904 346.498788 
910 2 589.611243 391.315634 572.725121 381.126900 
911 2 720.459712 390.038714 730.384011 389.171949 
912 2 130.127821 477.902450 118.746163 495.657797 
913 2 89.539546 537.948134 74.480326 539.277050 
914 4 505.785536 615.664419 503.667650 606.461419 505.126814 623.280216 506.556300 614.348957 
915 2 648.149387 637.525818 647.558084 629.495723 
916 2 335.689927 778.948418 339.735872 768.212042 
917 2 260.902109 791.560609 262.884695 778.407256 
918 2 491.644183 821.522672 493.816582 807.707022 
919 2 458.325359 827.526143 458.738723 814.475887 
920 2 310.104659 816.455087 311.820146 839.550498 
921 2 508.070821 831.604202 510.464153 818.493456 
922 2 334.490596 839.469765 335.131884 860.480714 
923 4 456.498146 851.499769 458.249345 837.468716 460.330495 852.344453 469.913197 842.920141 
924 2 148.199655 882.819469 144.382688 867.283141 
925 2 260.223142 874.345363 264.984274 896.610283 
926 2 176.979602 913.659121 171.712984 896.434876 
927 2 539.642758 917.860582 529.122666 931.964448 
928 2 154.786690 939.375026 146.708988 920.844818 
929 2 502.835631 932.949025 489.268659 949.308144 
930 6 472.921466 206.524154 473.499223 196.442647 473.660975 195.832631 471.540494 190.483946 470.684881 190.320666 468.715798 188.290676 
931 2 651.374066 208.365510 660.659741 199.670594 
932 2 423.722318 215.464371 420.678516 196.471391 
933 2 560.892524 212.579239 557.516779 229.301516 
934 4 436.990418 224.468110 436.023333 209.596023 438.411005 211.580581 435.069313 207.889969 
935 2 642.405451 235.454332 635.017587 250.749996 
936 2 695.864392 304.993288 685.571429 312.596696 
937 2 594.281920 363.358199 595.718362 371.279051 
938 4 769.534822 394.129493 757.516281 394.794325 773.407755 392.163864 763.460853 390.781733 
939 2 731.503978 396.351767 719.485798 396.029275 
940 2 753.571841 396.235978 779.552922 403.305508 
941 2 525.835104 527.715110 511.002120 550.822321 
942 2 573.823714 562.425970 577.065059 576.599467 
944 2 295.988676 789.791067 301.513085 770.221399 
945 4 442.311266 819.513164 442.156122 805.503808 444.729583 822.775601 456.408769 810.354487 
946 2 173.715837 837.462393 170.723164 820.286875 
947 2 437.346953 837.289663 430.790659 852.624271 
948 2 464.599270 872.020544 453.875153 892.167396 
949 2 246.652961 880.148483 253.106293 901.315152 
950 2 523.144895 924.160883 507.022182 941.043694 
951 2 182.390920 958.565276 174.730232 945.763802 
952 2 543.800887 182.883833 550.092581 161.560008 
953 4 450.021124 235.516863 450.119142 232.487676 452.079885 242.662876 449.665672 236.435770 
954 2 663.890202 247.757734 653.494579 263.496419 
955 2 741.531165 340.748229 727.501213 342.509664 
956 2 733.533800 371.152546 763.348937 374.052901 
957 2 42.226314 434.285911 32.986269 446.098137 
958 2 79.529986 494.526662 94.594586 477.584102 
959 2 444.778529 602.588653 447.169555 595.076534 
960 2 445.085176 623.578207 446.076795 603.479121 
961 2 633.669571 621.090718 643.778537 635.301866 
962 2 423.747407 827.586503 417.579564 845.227097 
963 2 513.092350 833.819933 521.182571 828.970445 
964 2 470.831812 858.558782 472.984274 846.408636 
965 2 435.231144 207.451538 434.043273 189.530273 
966 2 606.911197 202.399896 604.513615 216.502315 
967 2 612.014318 212.017064 619.991574 203.994449 
968 2 548.501065 213.500125 546.744303 228.410965 
969 4 645.653121 216.595629 640.936420 224.148027 641.082575 223.355175 637.556095 233.519462 
970 2 718.233698 244.853620 712.539188 256.009557 
971 2 710.729763 350.926083 723.725516 343.918207 
972 2 735.567625 344.812124 721.574503 347.843872 
973 2 775.983428 348.877316 801.602728 327.623831 
974 2 743.409364 356.378809 754.780263 347.874744 
975 2 769.514836 365.898209 751.465376 366.570679 
976 6 766.247916 370.097874 775.409070 364.354948 773.499928 363.159570 779.500037 363.160227 779.502489 364.452402 793.516456 365.185370 
977 4 416.372945 587.029316 420.551715 580.137715 420.205529 581.377539 420.955643 573.448502 
978 4 537.842962 626.539870 537.650006 618.520452 537.329033 619.493364 535.879840 616.326197 
979 2 368.759943 779.738598 364.492531 766.502408 
980 2 447.521010 784.508679 444.260661 792.401130 
981 2 263.141227 803.308000 269.597979 824.871812 
982 2 428.837825 816.991421 437.974009 805.096016 
983 2 408.498867 821.499673 401.563036 845.518203 
984 2 157.912817 853.607264 153.605579 830.028742 
985 2 523.048393 843.674002 526.964990 831.330245 
987 2 424.398380 850.462641 416.320963 872.434180 
988 2 512.077652 945.061149 497.795096 958.806626 
989 2 595.660007 188.320010 593.818316 176.450609 
990 2 472.256261 226.557152 472.943904 217.457975 
991 2 657.442712 206.887464 650.949814 222.684878 
992 6 606.461454 237.470477 609.501572 233.501204 610.042834 234.389273 611.928500 226.603784 611.010413 227.621301 610.252282 224.561375 
993 2 690.237864 245.284734 680.324817 257.356140 
994 2 615.775686 260.218857 613.021587 267.314304 
995 2 703.394100 296.243654 693.440374 300.355667 
996 2 551.582636 304.905290 541.963079 306.866651 
997 2 7.274770 351.459535 4.365033 367.655411 
998 2 806.678928 392.833366 816.109183 387.771857 
999 2 28.333032 404.393939 20.601902 416.564730 
1000 2 732.458151 407.111916 717.527982 406.090847 
1001 2 720.506896 431.691830 728.532473 431.403321 
1002 2 604.501756 474.099580 583.497775 474.007470 
1003 2 372.627375 781.088508 378.166234 769.342610 
1004 2 512.993549 912.053935 497.512729 929.630444 
1005 2 515.412979 183.718228 519.979308 164.614568 
1006 2 581.146139 196.465226 579.365475 214.585052 
1007 2 619.034371 207.425160 616.790470 221.385958 
1008 2 584.671087 214.540773 580.955436 230.131902 
1009 2 701.086568 253.134013 689.801698 265.881836 
1010 2 618.471167 365.908129 628.641890 365.412663 
1011 2 766.497258 381.477434 754.432355 382.943210 
1012 2 721.492303 400.418718 730.600024 399.556214 
1013 2 781.568271 457.250532 797.527184 455.798848 
1014 6 105.516720 528.520192 108.872152 525.741764 109.150170 526.171957 117.279791 518.305922 99.560068 531.705121 106.546610 529.659163 
1015 2 506.708018 577.451202 507.075867 586.557528 
1016 2 317.040558 792.538592 315.614880 812.508202 
1017 2 364.516084 822.731774 361.798261 811.194179 
1018 2 555.762091 906.628694 562.265235 893.384724 
1019 2 528.672444 195.355201 530.420569 209.509810 
1020 2 677.579667 239.882295 669.542362 251.857256 
1021 2 68.159308 353.537086 67.595432 363.561618 
1022 4 319.541691 370.417594 306.774091 363.958231 306.103146 363.532426 305.690689 358.484419 
1023 2 738.470230 427.997542 747.497744 428.537701 
1024 2 37.313331 448.957038 44.118167 436.847369 
1025 2 367.289890 521.026927 378.332357 516.122544 
1026 2 584.247905 557.565904 588.727673 574.701905 
1027 4 406.767121 572.583683 409.317466 564.442816 403.589875 578.557136 407.004892 573.185250 
1028 2 514.436263 651.881766 530.489657 654.561950 
1029 2 260.950057 827.406277 263.228691 838.348252 
1030 2 491.961929 851.426664 490.167708 864.591005 
1031 4 521.178057 872.865132 516.939306 880.736565 520.471427 879.831022 516.562351 885.841341 
1032 4 589.500945 918.859925 596.534614 907.881495 590.487626 921.180246 599.502833 921.344234 
1033 2 533.638383 936.520570 517.112041 951.058993 
1034 4 555.292935 949.025198 548.554651 959.198545 559.255316 948.172271 555.890894 950.684165 
1035 2 496.868090 189.422485 495.509090 200.501115 
1036 2 728.418494 255.407333 715.069973 267.148028 
1037 2 690.761540 272.754822 680.880473 282.896386 
1038 2 732.608780 296.285679 720.170912 305.414142 
1040 2 596.275590 575.986149 600.250084 585.996276 
1041 2 559.012970 611.542719 559.929604 600.535776 
1042 2 0.940600 743.496597 0.840210 730.497373 
1043 2 342.343489 814.499095 342.210483 837.504108 
1044 2 293.583817 819.341357 296.942727 842.288823 
1045 4 477.015271 843.539489 476.399919 851.568967 488.411913 834.709984 475.952360 844.100219 
1046 2 248.959660 902.416102 251.529316 916.494649 
1047 2 164.516830 924.801226 159.520502 908.493718 
1048 2 490.798467 168.559514 492.792695 158.558363 
1049 2 649.710240 187.531275 651.354476 176.478352 
1050 2 554.606714 194.494686 555.354336 209.507254 
1051 2 672.419381 210.452209 662.183351 227.719492 
1052 2 519.949954 229.452207 521.442721 243.506084 
1053 4 788.445559 412.301296 783.539825 413.645358 783.514366 412.740820 773.490384 413.338813 
1054 4 739.499041 416.576673 748.510140 416.689396 748.593724 415.773193 751.584759 414.747062 
1055 2 22.783773 422.669603 15.657001 434.593835 
1056 4 432.947189 576.139642 437.799805 568.695432 427.223152 578.856749 434.218533 575.846017 
1057 2 609.346397 591.201269 614.294132 605.219715 
1058 2 126.726550 716.640178 140.169510 694.914261 
1059 2 49.206889 815.130506 29.628300 830.661734 
1060 2 497.218869 825.180082 494.574803 835.768395 
1061 2 453.329698 841.421131 444.671683 860.116396 
1062 2 532.651318 887.575665 528.451061 895.975565 
1063 2 234.226296 887.271336 240.676620 907.759230 
1064 2 608.979010 191.466610 608.211107 180.450431 
1065 2 474.907683 191.515346 475.125926 171.495922 
1066 2 520.266948 177.337862 523.473502 192.505602 
1067 2 515.218488 194.571447 518.976641 209.379029 
1068 2 593.887977 203.371857 591.112419 216.628226 
1069 2 696.877895 226.721477 692.620990 233.984830 
1070 2 498.230194 233.349702 500.919194 246.413716 
1071 2 484.429943 251.511015 482.516295 239.340205 
1072 2 339.236310 268.779487 328.425126 258.579359 
1073 2 288.541677 360.425153 301.865217 367.844115 
1074 2 718.448650 379.792367 728.468453 379.065269 
1075 2 6.758462 394.607074 1.929442 406.263632 
1076 2 742.242761 559.685253 733.952773 548.173931 
1077 2 484.329939 552.403519 478.333594 562.972923 
1078 2 423.508002 791.380713 421.846506 777.340655 
1079 2 387.926543 796.659904 383.818073 807.619240 
1080 2 277.330575 823.333792 281.756054 845.448760 
1081 4 245.871707 834.430231 248.217602 846.928404 252.424686 844.807909 250.626179 850.209028 
1082 2 468.473299 848.487189 460.143300 865.849073 
1083 2 545.395566 900.983959 539.438643 912.007238 
1084 2 132.836535 932.345573 125.174981 915.649143 
1085 2 548.684067 933.641781 540.981759 943.641346 
1086 2 663.866135 194.552594 665.615697 182.372973 
1087 2 501.574837 217.511233 501.438991 230.509813 
1088 2 651.011517 281.110223 647.116343 285.991801 
1089 2 717.545698 314.623695 708.326266 318.029740 
1090 2 324.469263 345.552305 313.978522 339.387391 
1091 2 412.936700 503.132094 402.106643 506.029894 
1092 4 736.475931 522.861993 746.508142 523.039285 746.532387 523.474885 757.489849 534.510080 
1093 2 768.348433 539.356310 777.418283 540.961677 
1094 4 390.150091 568.309800 396.359514 563.325000 380.481547 571.448733 389.405230 568.236709 
1095 2 662.634434 566.151405 675.629940 571.163058 
1096 2 546.912784 643.720591 542.014855 630.682248 
1097 2 390.767201 783.657852 398.092007 771.258972 
1098 2 405.260865 800.375428 399.882801 810.699412 
1099 2 230.736141 863.410506 239.157022 885.629984 
1100 2 245.673261 856.454374 250.741274 875.699800 
1101 2 206.144437 933.381348 208.768715 947.634642 
1102 2 548.773343 175.541166 549.789792 193.483583 
1103 2 476.935702 201.348010 482.454044 217.167193 
1104 2 464.078488 223.190806 470.400368 235.018766 
1105 4 747.154513 394.236240 752.405911 396.700505 738.482584 394.361245 746.729215 393.326133 
1106 2 802.561370 434.987501 792.466628 433.778690 
1107 2 760.756995 435.071029 772.968615 442.386977 
1108 2 498.845398 450.550135 484.874560 445.469938 
1109 2 435.489984 565.491044 426.966753 575.023194 
1110 2 429.700565 594.914087 433.609683 589.580388 
1111 2 639.945087 589.336898 642.238646 595.595773 
1112 2 350.296425 780.572306 345.208820 766.248242 
1113 2 354.631782 778.561622 359.365952 768.437318 
1114 2 472.534947 825.572451 463.377682 834.409487 
1115 6 448.871329 824.670358 445.143757 832.795342 446.972751 832.531124 445.344748 836.435261 453.219469 820.348495 450.441644 825.977740 
1116 2 260.209072 851.327458 265.828324 874.420107 
1117 2 509.700160 859.926913 504.011459 867.866462 
1118 2 647.515028 198.424349 639.816769 206.877806 
1119 2 567.826118 195.476213 567.331300 209.494045 
1120 2 33.024456 427.231388 26.620810 438.568240 
1121 2 752.494644 485.587222 768.495720 486.569701 
1122 2 654.929401 531.983587 666.448561 541.561862 
1123 2 400.023181 596.636819 404.504384 579.501146 
1124 2 463.897877 807.544941 462.311258 821.591634 
1125 2 209.315317 904.037466 217.829412 922.804232 
1126 2 534.689196 176.583753 536.631095 195.383163 
1127 2 605.725544 183.336576 601.429317 203.696103 
1128 2 536.116028 211.526118 535.438890 227.497409 
1129 2 416.554643 227.443545 424.682915 235.311022 
1130 2 771.009328 523.024855 760.150801 512.873526 
1131 4 731.296978 561.644488 741.507840 563.455803 741.814960 564.364254 744.465780 570.514749 
1132 2 520.955133 577.527242 520.414792 586.554755 
1133 2 74.856128 674.183381 63.489511 661.398384 
1134 4 76.589694 702.384618 69.942425 697.217263 70.213198 697.169770 66.903294 690.810581 
1135 2 437.393519 812.995603 428.535766 828.965174 
1136 2 480.053543 816.350224 478.371938 832.590286 
1137 2 520.652604 164.877800 523.704487 155.567027 
1138 2 503.502802 199.499320 506.592980 212.234796 
1139 2 463.637570 204.432159 470.761377 218.877965 
1140 2 810.515488 404.754689 793.517535 405.788347 
1141 2 752.498962 410.506544 740.483980 408.601013 
1142 2 765.602953 428.725598 756.497988 427.515133 
1143 2 55.605637 437.101996 63.077434 420.311952 
1144 2 369.172160 547.982114 378.726049 534.662136 
1145 2 550.192207 559.489032 550.405743 553.496641 
1146 2 550.333284 620.665100 548.541903 629.706435 
1147 2 464.722800 792.805094 463.020022 799.629748 
1148 2 526.889719 849.301769 523.180525 860.721047 
1149 2 222.113717 896.267769 228.948583 914.330256 
1150 2 591.573134 180.374483 589.524375 195.503301 
1151 2 576.915240 180.458066 576.043751 192.610705 
1152 2 633.903172 193.823584 627.159112 202.226405 
1153 2 440.415060 244.511504 437.701033 224.472772 
1154 2 711.693187 248.584210 705.813627 262.072607 
1155 4 749.717197 262.047067 741.573791 276.121300 760.887409 259.424191 751.449827 263.380309 
1156 2 678.246870 317.339283 684.208432 307.949797 
1157 2 47.852310 444.965229 40.190697 454.244621 
1158 2 775.487954 485.250690 787.508209 484.669885 
1159 2 443.313860 606.471425 441.445040 618.645076 
1160 2 342.500769 773.500253 338.455454 785.813889 
1161 4 281.478764 799.499855 281.410335 809.513055 283.855894 809.684223 284.937705 819.338904 
1162 2 418.385761 808.473459 413.823534 828.110511 
1163 2 515.457874 822.480019 511.625680 830.559611 
1164 2 214.135653 848.264613 218.646422 860.445779 
1165 2 137.204853 902.613350 128.813580 880.763616 
1166 2 226.412713 916.303462 229.471047 930.506235 
1167 4 592.466145 924.470531 584.129518 934.047961 598.380056 924.154468 592.095900 926.335877 
1168 2 557.769934 157.563553 555.539199 167.038351 
1169 2 461.361865 193.503090 460.959357 175.512096 
1170 2 754.497749 387.522079 739.551129 385.998438 
1171 2 58.974141 408.315338 56.566293 415.172117 
1172 2 771.580602 416.752809 758.516872 415.343589 
1173 2 721.490585 420.588747 730.705139 421.566269 
1174 2 720.479421 506.587579 734.637608 509.914368 
1175 2 593.370467 528.831545 601.327902 531.940489 
1176 2 434.929965 628.913872 451.980616 635.788239 
1177 4 511.947558 840.304636 507.305517 853.431224 523.396229 833.089446 510.109671 840.581240 
1178 2 217.599668 872.886425 224.332008 888.572103 
1179 4 602.122991 943.083922 594.358769 951.367626 607.459063 943.136075 603.397963 943.592897 
1180 2 562.324630 182.496001 562.297045 197.501465 
1181 2 749.498180 363.926765 734.498453 363.862789 
1182 2 725.603931 450.168974 716.268320 447.237917 
1183 2 784.607333 450.738253 772.564621 449.041386 
1184 4 504.851102 558.346657 504.087780 566.554662 501.550883 562.506192 501.515566 568.500092 
1185 2 75.337837 579.809181 90.444383 576.263069 
1186 4 560.597414 635.442305 555.352792 626.587187 553.740446 626.567912 552.926273 617.461887 
1187 2 276.752382 774.395151 275.475958 783.496628 
1188 4 428.725217 794.495001 428.947557 804.512262 434.100296 801.085117 429.165128 806.148310 
1189 2 266.500599 837.342522 264.914598 847.407757 
1190 2 542.164013 862.359389 535.927868 877.260563 
1191 2 618.529038 189.264700 614.305012 206.695084 
1192 2 451.530527 190.484530 458.804763 204.838792 
1193 2 489.516116 198.495169 494.521860 215.193675 
1194 2 347.541967 257.455702 339.331785 249.677558 
1195 2 771.533859 404.170308 758.466285 402.828297 
1196 2 767.287131 413.320971 786.304986 418.252107 
1197 2 804.515902 444.146017 790.499779 444.491025 
1198 2 535.721034 567.400577 540.677705 578.420067 
1199 2 594.590310 594.061575 600.617564 609.050616 
1200 2 370.065360 792.582238 366.320296 818.328399 
1201 2 462.067926 834.498257 462.019491 846.506129 
1202 2 328.193203 874.505067 328.175258 880.502021 
1203 2 556.517003 876.511051 548.657819 888.602578 
1204 6 635.807067 183.513382 636.374436 170.494528 632.962932 189.059904 638.491836 182.312753 624.145389 199.196263 633.317851 188.487449 
1205 2 407.038270 234.990097 416.287558 244.753946 
1206 2 759.498492 362.544962 772.483883 362.980510 
1207 2 70.501606 369.500593 66.003527 381.685872 
1208 2 786.588364 420.149670 805.400455 424.894658 
1209 2 420.239985 567.728596 435.204330 557.084330 
1210 2 66.261815 684.836317 60.851042 681.004328 
1211 4 419.395372 781.085864 413.931316 789.436545 411.735674 788.491187 412.259876 802.508980 
1212 2 399.534743 815.500781 399.354599 823.519200 
1213 2 203.063763 822.464751 203.943496 836.534796 
1214 2 707.561123 325.701717 696.098516 329.175024 
1215 2 749.448444 433.746520 737.550562 431.258236 
1216 2 378.241877 531.056707 386.390478 526.311909 
1217 4 450.965303 797.688888 449.288288 801.820003 447.099113 799.472452 446.195871 812.616538 
1218 2 462.258914 805.221413 473.001953 795.924483 
1219 2 480.087490 945.311064 478.457865 957.494364 
1220 2 584.655114 168.433586 585.460693 182.444765 
1221 2 682.971338 202.747897 678.495533 217.796103 
1222 2 319.359209 397.794626 306.830806 391.807742 
1223 2 790.549515 424.167478 775.583549 421.938921 
1224 2 344.493343 487.602350 333.474912 486.885748 
1225 2 73.425797 646.832446 61.357427 644.138761 
1226 6 189.143857 818.528704 188.250097 807.439544 190.620853 825.467554 188.983826 819.370104 190.949810 829.871877 187.839655 825.270425 
1227 2 -0.377443 843.326353 11.474356 834.465700 
1229 2 109.196643 958.704163 101.144238 946.739432 
1230 2 607.296629 172.429100 606.405762 162.419387 
1231 2 338.434905 383.699058 355.565098 389.300934 
1232 2 719.013418 550.819020 702.439442 525.539704 
1233 2 106.511595 553.402665 93.458583 551.847668 
1234 4 430.864966 606.507611 431.073842 596.491113 429.071923 614.615021 430.541613 607.307256 
1235 2 675.313707 627.336379 659.134610 616.022517 
1236 4 359.572865 778.537566 356.499151 784.499562 356.863112 785.377397 360.504130 796.160960 
1237 2 255.513578 794.501138 254.008469 812.458803 
1238 2 439.208433 819.339601 432.514321 831.507878 
1239 2 141.334321 858.572949 136.834332 848.352792 
1240 2 643.705455 283.536989 645.337686 274.470778 
1241 2 322.364995 357.761371 307.669944 350.170986 
1242 2 67.413297 474.315892 56.482778 479.463431 
1243 2 511.539735 497.410044 501.324318 492.897725 
1244 2 681.382206 529.713399 692.774878 536.002022 
1245 4 748.378484 537.671116 759.569283 538.832288 760.713784 539.301593 767.443278 546.552642 
1246 2 89.478475 549.905953 75.517726 549.165702 
1247 2 633.669512 583.103183 637.532704 594.488904 
1248 2 636.296295 650.884500 649.504358 646.513168 
1249 4 396.838422 780.655280 393.110477 788.780108 393.370680 789.297804 395.676470 799.226791 
1250 2 435.816757 785.614220 436.960455 802.468755 
1251 2 352.398252 794.302409 349.667282 809.530001 
1252 2 592.719998 169.461941 590.982188 159.416583 
1253 2 557.253141 166.568744 556.158615 178.560116 
1254 2 680.016387 224.950659 675.007383 233.639529 
1255 2 748.240682 277.242019 737.269185 288.270375 
1256 2 430.864939 537.356738 423.032951 549.834520 
1257 2 383.926703 808.708666 382.637956 817.520177 
1258 2 251.561125 820.501589 251.197388 834.492132 
1259 2 471.399194 172.426579 471.944093 186.521491 
1260 4 387.827242 220.168444 383.301262 215.701358 382.780620 214.579673 381.662285 204.482027 
1261 2 512.140463 214.410916 512.853161 227.535126 
1262 2 717.673526 298.914854 706.531516 303.575348 
1263 2 787.490097 437.563951 775.468671 435.702304 
1264 2 85.519659 449.183198 97.098960 431.901319 
1265 2 84.504791 515.524441 72.571249 517.863501 
1266 2 732.986840 545.890658 718.441044 526.783603 
1267 2 642.132320 639.909647 632.120159 630.923196 
1268 2 399.765875 775.480324 401.022542 792.461330 
1269 2 257.873107 779.461186 257.310360 788.550174 
1270 2 310.576110 781.847658 305.026938 799.024100 
1271 2 221.109515 792.473856 220.434046 802.562537 
1272 2 273.331246 789.478918 271.209368 806.463692 
1273 2 189.575498 890.456074 201.485575 910.926576 
1274 2 28.511048 369.847388 26.455996 375.828472 
1275 2 736.563759 439.079541 746.190746 440.539386 
1276 2 754.452016 447.654599 763.793610 450.554026 
1277 2 57.517568 450.512847 50.313933 460.363938 
1278 2 490.071792 624.468572 490.677590 635.490239 
1279 2 203.050778 880.759718 213.788913 899.332964 
1280 2 571.793516 160.453047 570.726042 176.515023 
1281 4 739.265369 251.390207 733.401376 263.921787 748.816646 249.140432 740.401624 253.301029 
1282 2 729.583979 269.546083 724.399657 278.993682 
1283 2 718.528635 354.666871 710.424088 356.057624 
1284 2 796.157698 366.548745 807.921146 359.171546 
1285 2 322.528552 780.101772 319.496383 787.498517 
1286 2 553.606182 842.380725 541.448624 831.557710 
1287 2 517.369852 867.710625 519.081718 860.640856 
1288 4 531.451117 215.486572 535.633344 200.261929 533.889519 201.345070 531.212413 194.614387 
1289 2 15.054924 382.371878 12.698662 390.557188 
1290 2 380.576471 511.423954 365.514119 512.670594 
1291 2 526.408462 160.600919 528.058553 178.448359 
1292 2 602.131413 163.249040 598.420638 183.485447 
1293 2 755.079966 289.144618 747.304513 298.334602 
1294 2 623.670361 589.722904 626.060296 598.618138 
1295 2 531.265586 868.522735 523.098950 874.636014 
1296 2 603.621809 923.606357 595.543858 931.544630 
1297 2 590.470384 939.538836 609.483439 940.080884 
1298 2 476.496460 170.651119 477.749881 162.386240 
1299 2 758.492732 469.545150 746.482014 467.611732 
1300 2 551.719033 564.501082 551.649877 578.495799 
1301 2 488.721441 844.545619 491.848627 829.365811 
1302 2 229.334568 840.561939 234.423637 854.154181 
1303 2 513.658186 167.480704 513.405122 178.520748 
1304 4 654.607037 191.361180 653.497303 198.499581 660.588618 195.597961 651.711557 203.628438 
1306 2 761.568832 341.018253 745.454638 343.158455 
1307 2 721.498240 410.609105 731.527894 410.770904 
1308 2 483.182794 613.583242 482.086987 622.571562 
1309 2 445.227192 798.290426 453.139254 787.991081 
1310 4 187.052505 908.599779 185.621804 916.521997 186.755168 915.896350 190.320125 922.595718 
1311 2 716.489773 215.488352 702.207526 228.027903 
1312 4 769.743414 294.409796 756.363437 297.989573 777.843230 283.968292 769.785360 293.921442 
1313 2 804.060622 339.941139 792.271709 349.209628 
1314 2 767.245791 286.320088 761.942632 293.813265 
1315 4 65.073753 459.121912 56.642855 468.626715 56.192946 468.723732 49.455923 471.388569 
1316 2 470.486166 516.531946 457.715781 511.001720 
1317 2 801.465644 401.255552 790.540898 402.790994 
1318 2 674.045611 612.377588 676.539053 623.491238 
1319 2 6.636396 722.625174 8.076585 732.561371 
1320 2 408.863499 787.006496 414.614652 779.588894 
1321 2 222.209358 860.480518 222.115665 871.496731 
1322 2 574.715399 908.168636 585.105202 889.282807 
1323 2 333.113001 808.432131 332.815331 814.515430 
1324 2 126.822712 874.340627 119.891882 860.306467 
1325 6 554.630181 917.962940 551.393039 925.865803 559.737585 912.735218 554.757758 917.765153 565.633383 912.387080 560.449852 913.166485 
1326 2 633.917436 269.695917 631.248727 275.382069 
1327 2 776.870513 445.322360 794.546472 441.728573 
1328 4 470.351021 813.016061 468.110363 818.335889 470.921493 800.506621 471.058942 812.516492 
1329 2 186.587858 833.586457 187.817994 846.564644 
1330 2 759.047167 274.189144 749.924740 287.478041 
1331 2 216.391010 925.372422 218.295365 938.672484 
1332 2 742.726205 306.208026 731.295522 309.859980 
1333 2 473.820161 621.488761 473.670866 630.519357 
1334 2 229.061154 792.664241 232.712501 802.420470 
1335 2 46.378079 807.303944 53.095599 801.002798 
