3 136.115136 587.654684 110.182718 552.604681 411.528130 350.141088 362.860217 362.860217 0.000000 2.429949 2.549999 
20 755.757793 351.993216 743.700248 457.387184 351.114731 358.768881 404.895366 404.895366 0.000000 6.266442 0.246110 
21 728.914836 232.034579 738.337452 259.123063 575.515424 301.738375 168.402234 168.402234 -0.000000 5.856683 6.027198 
31 639.976659 623.932916 589.982934 622.682111 621.686612 68.377422 555.172041 555.172041 0.000000 1.537886 1.627929 
38 79.976987 407.869599 67.835234 454.418154 10.399662 412.831678 70.189156 70.189156 -0.000000 6.211988 0.626688 
48 711.000209 429.947389 732.995890 430.034750 714.463929 897.454794 467.538318 467.538318 -0.000000 4.704980 4.752016 
63 739.814761 260.792155 748.569196 295.109898 447.764390 356.022979 306.725412 306.725412 0.000000 5.967980 6.083387 
71 77.789185 386.568869 85.973121 398.752365 58.487295 409.670919 29.067014 29.067014 -0.000000 5.408408 5.905058 
76 321.735849 23.360888 454.035565 16.843042 402.816307 383.013016 368.294218 368.294218 -0.000000 4.490655 4.851366 
88 58.754895 380.075202 148.106344 124.085912 391.370133 357.201531 335.940200 335.940200 -0.000000 3.072932 3.905691 
130 543.000585 397.958939 491.996688 397.232606 525.139266 -164.783478 562.646074 562.646074 -0.000000 1.539067 1.629699 
174 496.614544 27.439183 566.997117 55.010693 399.172358 374.619705 360.870194 360.870194 -0.000000 4.986016 5.195910 
186 668.999606 233.885144 625.000123 234.035889 648.625125 -113.028364 347.180142 347.180142 -0.000000 1.512133 1.638762 
213 447.027572 722.353198 297.377837 709.823681 401.411068 328.700175 393.879417 393.879417 0.000000 1.455431 1.837269 
214 624.996035 414.459675 650.994635 414.268903 637.155151 516.596190 102.353502 102.353502 0.000000 4.593899 4.846821 
229 181.063511 94.082242 222.828320 64.260916 422.147302 385.358147 377.917125 377.917125 0.000000 4.020995 4.156856 
238 19.808077 591.662606 -0.088539 615.927400 -59.485577 546.902271 90.219528 90.219528 0.000000 0.513899 0.860230 
270 709.077846 293.751039 745.996749 296.052154 716.231709 507.273520 212.960493 212.960493 -0.000000 4.678897 4.852386 
273 259.552615 44.847952 314.920638 25.716010 405.129069 367.873753 353.954663 353.954663 0.000000 4.288982 4.454609 
300 669.029824 230.959634 624.011149 232.358747 634.075324 -423.535303 655.421632 655.421632 0.000000 1.517440 1.586139 
726 30.070456 537.979456 34.259588 566.028329 -4.996126 559.091980 39.956235 39.956235 0.000000 5.741245 0.174891 
771 638.014670 392.190377 655.067528 390.876362 655.768197 493.839061 102.796545 102.796545 0.000000 4.539477 4.705584 
796 406.002671 472.092920 378.996239 472.869137 380.816874 142.182705 330.647525 330.647525 0.000000 1.494603 1.576302 
811 689.017750 412.145421 731.016324 411.527710 709.667595 580.798442 170.154446 170.154446 -0.000000 4.590556 4.837848 
910 319.004768 518.847258 368.019438 520.377307 321.017543 1219.029690 699.890882 699.890882 -0.000000 4.709514 4.779563 
987 436.978483 632.397190 409.006401 630.881841 440.675227 336.888545 295.465415 295.465415 0.000000 1.583305 1.678102 
992 457.993084 212.230776 399.985246 210.492311 448.865317 -516.909457 728.721396 728.721396 -0.000000 1.558278 1.637894 
1022 648.018200 466.334945 670.029082 466.937291 659.406336 525.884872 59.657471 59.657471 -0.000000 4.523434 4.890682 
1096 420.015575 502.528702 391.010473 503.440082 399.608759 399.907928 103.884861 103.884861 0.000000 1.374500 1.653656 
1103 325.991878 655.570769 348.002919 655.154265 343.765676 980.195867 325.008818 325.008818 -0.000000 4.657692 4.725424 
1104 297.392761 709.948079 228.029890 674.952934 346.804080 532.893153 184.245419 184.245419 0.000000 1.842946 2.267157 
1237 90.005308 483.926778 121.059598 486.177816 96.165892 620.033115 135.577826 135.577826 -0.000000 4.667157 4.896263 
1241 589.984169 578.290202 620.062729 579.044084 600.200392 699.220750 121.391849 121.391849 -0.000000 4.628109 4.876184 
1664 434.999863 462.962958 406.003947 463.069925 415.574224 247.013844 216.262518 216.262518 0.000000 1.481083 1.615063 
2009 661.975693 486.350308 678.963289 487.529058 654.576322 720.911295 234.587888 234.587888 -0.000000 4.743924 4.816505 
