4 127.054115 240.537611 129.033655 241.309577 133.463807 136.399886 104.387431 104.266947 1.161644 1.632269 1.613000 
10 150.068938 237.214898 230.941178 165.204684 133.369502 136.319220 101.611982 101.611982 -0.000000 1.406771 0.287823 
27 231.588893 165.744814 150.357111 237.198320 174.151862 180.787638 66.984441 41.587463 -0.742227 6.027037 1.969964 
77 133.685347 307.206512 144.809963 283.876940 216.439714 334.083020 87.343960 87.343960 0.000000 3.455621 3.752930 
102 79.917234 620.169496 119.018346 604.970992 113.292277 645.520365 41.966217 41.966217 0.000000 3.791194 4.852674 
105 425.356896 351.259892 470.909848 315.786051 482.439588 376.734920 61.311503 61.311503 0.000000 3.561351 4.525428 
114 70.024630 693.995444 70.194275 672.048466 98.486485 682.928206 30.507390 30.507390 -0.000000 2.770740 3.508709 
118 292.365298 696.148673 298.117715 710.558258 292.190937 705.011279 8.930315 8.930315 -0.000000 4.732060 0.752309 
142 120.047212 605.950688 136.909329 622.094705 90.827611 653.982368 55.277510 55.277510 0.000000 5.258918 5.677862 
145 154.183965 400.946599 151.510529 370.074093 220.855171 379.492004 70.235836 70.235836 -0.000000 2.830260 3.276580 
148 100.679809 613.415411 119.148584 606.549176 166.397208 759.138847 160.452767 160.452767 0.000000 4.288726 4.412107 
153 316.742245 224.210152 397.210826 240.882094 351.603013 239.802749 44.289061 22.344011 0.054012 3.562184 0.023661 
160 759.785734 249.449297 778.586952 227.375404 796.578471 261.598567 38.221679 38.221679 0.000000 3.460528 4.228384 
161 196.255064 438.371014 188.758000 407.010310 259.183118 407.992157 70.452482 70.452482 -0.000000 2.691836 3.155533 
164 69.660637 660.014253 74.735521 638.878650 89.300185 654.469214 20.199133 20.199133 0.000000 2.866415 3.960998 
165 72.358130 661.137524 79.146826 639.106278 110.335860 665.079203 40.899779 40.899779 0.000000 3.245012 3.835991 
186 422.302759 418.912567 421.456676 362.096922 500.512851 389.980270 83.459184 83.459184 0.000000 2.787274 3.480673 
193 586.170347 144.798649 639.796562 202.153798 380.191415 395.072818 324.172868 324.172868 -0.000000 5.401006 5.644099 
204 45.963239 202.597837 25.649231 152.027266 143.877134 132.292890 120.338971 120.338971 -0.000000 2.518869 2.976199 
206 129.646474 689.104106 102.670100 722.472675 114.393059 700.688450 25.430393 12.935059 -1.219299 5.633658 2.064488 
211 301.811010 235.820088 316.533691 225.110866 340.545931 272.937164 53.643479 53.643479 0.000000 3.905665 4.247085 
215 246.574776 471.615139 234.634768 446.088292 286.079122 435.856376 52.765839 52.765839 -0.000000 2.405920 2.945262 
234 293.987937 432.973279 319.255802 421.566651 412.633481 664.209406 259.573040 259.573040 0.000000 4.238322 4.345023 
240 745.730625 278.066322 758.074293 227.033595 876.024872 283.399856 130.990775 130.990775 0.000000 3.182504 3.587388 
250 220.645331 457.594360 209.793882 425.031065 303.478828 415.936249 93.793762 93.793762 -0.000000 2.675617 3.044817 
252 757.389750 346.121131 756.162497 313.932783 804.744966 330.098512 50.154761 50.154761 0.000000 2.815334 3.462816 
283 422.808305 101.718083 463.055392 89.561331 454.225854 127.245566 39.744303 39.744303 0.000000 3.823923 4.942541 
318 337.156574 435.235177 375.105537 418.825294 382.946786 476.189960 60.048963 60.048963 0.000000 3.871305 4.576540 
359 542.721668 734.289696 551.091936 713.438331 623.860273 753.103918 82.449986 82.449986 0.000000 3.369444 3.640661 
369 537.061371 626.067258 560.412668 610.873295 573.196790 658.342473 48.393246 48.393246 0.000000 3.870624 4.449316 
386 67.421949 663.233469 69.800160 644.883485 93.024710 659.153395 26.968403 26.968403 -0.000000 2.983561 3.692557 
430 435.292580 466.236738 412.989505 493.800649 337.573662 413.256317 110.044559 110.044559 0.000000 0.496813 0.818270 
432 771.891835 571.826439 798.146247 559.370538 803.214039 607.279412 46.992876 46.992876 0.000000 3.988773 4.607001 
439 180.204908 465.827832 170.156450 453.868547 259.831963 388.951679 110.594300 110.594300 -0.000000 2.373770 2.515000 
442 399.644380 437.619206 418.815546 423.854435 451.156221 484.810788 69.867363 69.867363 -0.000000 3.883249 4.224598 
471 178.110597 465.895471 164.779883 447.134959 226.199879 419.356540 67.006541 67.006541 0.000000 2.372577 2.716853 
499 474.395130 418.560178 465.364006 431.600036 401.862382 373.969819 84.859756 84.859756 -0.000000 0.551203 0.736965 
533 431.506904 474.469502 447.129250 490.876935 226.225619 690.413094 297.864436 297.864436 -0.000000 5.472480 5.548565 
550 402.223859 247.512928 422.346123 306.973041 348.024608 298.246312 73.879521 73.879521 0.000000 5.530805 0.116883 
556 208.996464 505.597841 251.116021 513.746910 215.218898 607.018428 101.621464 101.621464 -0.000000 4.651113 5.079782 
595 61.164182 52.810695 167.984067 31.028546 135.432077 140.926768 115.114652 115.114652 -0.000000 4.012065 5.000357 
598 569.686443 578.414556 592.073804 572.857867 587.511779 607.519872 34.286123 34.286123 -0.000000 4.162871 4.843251 
613 602.653393 340.127085 608.094124 361.992185 527.676133 368.691259 80.397293 80.397293 -0.000000 5.919190 6.200074 
615 239.016557 523.451934 219.902035 521.426553 233.326610 446.483371 76.966135 76.966135 -0.000000 1.497005 1.748046 
623 460.241833 489.229447 437.362457 513.343893 358.896380 412.927166 126.471041 126.471041 -0.000000 0.645350 0.907497 
639 753.850784 655.626767 771.040613 651.575275 762.162597 658.147379 8.844141 8.844141 -0.000000 3.436034 5.645942 
669 657.685848 321.091411 659.169321 353.090337 617.576604 340.266736 44.128500 44.128500 -0.000000 5.837229 0.299066 
675 321.044799 536.841971 301.801072 529.299743 323.277445 500.785442 35.618464 35.618464 -0.000000 1.632638 2.216329 
691 751.450154 543.355402 737.389856 552.718931 723.229204 517.155861 37.727562 37.727562 0.000000 0.748271 1.191856 
698 311.804950 518.328906 301.034533 511.941767 349.103026 438.460412 87.840299 87.840299 0.000000 2.007692 2.150090 
701 171.959272 660.993231 149.988537 682.941784 154.379975 664.207634 18.004042 18.004042 -0.000000 6.102332 1.801047 
714 748.062388 354.145876 744.148849 323.844311 977.686041 312.709041 233.352082 233.352082 0.000000 2.963059 3.093948 
741 501.977652 162.941272 478.480020 169.722295 364.848192 -229.007180 415.356563 415.356563 -0.000000 1.234241 1.293171 
748 152.839818 685.703934 115.892038 681.009280 158.948381 441.519611 243.300714 243.300714 0.000000 1.595807 1.748680 
754 653.315898 549.085435 647.934735 568.982349 594.873257 545.077419 57.866194 57.866194 0.000000 0.068473 0.423281 
761 335.962093 415.422175 359.974077 418.366934 335.052074 486.621707 71.320974 71.320974 0.000000 4.725170 5.062480 
784 231.807426 500.395208 216.378337 489.569261 241.000117 471.372553 30.432198 30.432198 -0.000000 1.877541 2.505137 
808 496.002192 725.942659 507.539134 741.508617 465.966170 760.291917 53.074887 17.660628 -0.631844 5.430896 5.858823 
810 632.164387 532.139446 665.212569 493.180318 1161.814282 945.817603 671.684952 671.684952 -0.000000 3.804666 3.880708 
861 550.652285 335.300531 569.942144 362.034424 509.417470 384.120033 63.608981 63.608981 0.000000 5.413762 5.933296 
865 449.874536 201.754006 470.991676 190.983680 513.986172 303.549450 120.081077 120.081077 -0.000000 4.150339 4.347539 
875 167.595932 660.563330 163.380294 674.118273 117.479032 654.162877 50.028872 50.028872 -0.000000 0.127023 0.410097 
897 734.594291 720.512385 743.171824 746.040176 706.757704 743.724990 37.388879 37.388879 0.000000 5.588120 0.063494 
940 577.914926 451.945563 562.661633 475.783487 450.355839 384.714942 143.968397 143.968397 -0.000000 0.485056 0.681351 
979 630.089031 556.104391 615.756341 593.301912 587.758599 565.206952 41.686043 41.686043 0.000000 6.071375 0.787131 
998 640.101747 526.215365 676.491694 484.555989 948.230813 755.357140 383.178429 383.178429 0.000000 3.781021 3.925262 
1042 629.816810 530.390204 672.549502 480.580729 979.144025 791.584737 436.391129 436.391129 0.000000 3.783625 3.934130 
1050 721.849782 701.201417 711.999824 712.023185 718.706917 706.994904 6.883248 4.935050 -0.509684 5.209442 2.498286 
1101 341.809067 439.740854 366.131235 421.820857 444.796780 547.137428 147.949948 147.949948 -0.000000 3.947944 4.151826 
1115 728.600640 765.945122 718.140967 751.956000 738.793978 750.824947 20.129115 20.129115 0.000000 2.163965 3.086883 
1134 24.107594 139.004250 30.970494 96.739462 161.806014 140.665991 137.797628 137.797628 -0.000000 3.153660 3.465506 
1140 584.037061 495.039531 615.005756 466.006139 883.005008 786.136200 417.051308 417.051308 0.000000 3.913652 4.015398 
1179 762.945930 564.012657 773.777498 565.014387 763.655102 586.834623 23.777177 23.777177 -0.000000 4.681325 5.146741 
1191 354.897204 538.685227 337.043178 532.929814 353.609374 507.306485 31.090648 31.090648 -0.000000 1.529778 2.144727 
1210 688.159610 460.269353 719.824977 423.847833 1057.318966 746.528960 466.657192 466.657192 0.000000 3.801175 3.904557 
1245 799.072218 502.980511 779.007773 524.921578 706.089806 440.236319 111.288613 111.288613 0.000000 0.593610 0.859924 
1286 715.995748 313.115623 673.979018 311.570616 717.330717 -171.851619 484.835533 484.835533 -0.000000 1.573549 1.660234 
1298 613.367406 564.636539 618.298060 583.186578 587.348007 579.566799 29.158045 29.158045 0.000000 5.762244 0.116427 
1311 733.755643 510.840524 720.047092 523.164711 683.843506 467.400654 66.158046 66.158046 -0.000000 0.716177 0.994964 
1366 790.439041 483.379533 764.476914 513.412273 594.104777 340.503453 242.236910 242.236910 -0.000000 0.629088 0.792788 
1391 727.661151 480.549633 778.211400 425.206550 1053.042235 728.078243 408.560593 408.560593 0.000000 3.791929 3.975491 
1397 719.853916 733.334561 735.261552 734.068395 726.768591 744.979439 13.243607 13.243607 -0.000000 4.176544 5.373809 
1431 712.025628 506.025694 696.003635 522.006239 616.916231 429.581216 121.594734 121.594734 -0.000000 0.677025 0.863007 
1460 432.957230 296.921290 463.058764 296.820499 442.895250 339.702691 46.687746 46.687746 0.000000 4.484139 5.151920 
1505 667.996196 470.149306 701.205140 432.191093 1047.047291 766.930514 481.170150 481.170150 0.000000 3.805856 3.910679 
1517 743.877361 334.873627 719.428649 359.426825 397.873013 5.985347 477.384380 477.384380 -0.000000 0.760042 0.832602 
1519 409.856683 339.901642 361.195699 373.497303 342.681254 290.831815 84.076112 84.076112 0.000000 0.630886 1.350464 
1531 717.994255 287.194286 675.002274 285.923105 708.894282 -199.905034 486.751038 486.751038 -0.000000 1.552117 1.640445 
1605 361.019469 373.732659 323.816627 369.598542 350.173112 301.888479 72.497857 72.497857 0.000000 1.420957 1.942006 
1608 676.207030 713.240735 659.842050 725.744604 625.282708 670.458300 65.597692 65.597692 -0.000000 0.698729 1.012127 
1634 222.273503 705.953704 227.333873 698.312563 224.452107 701.909899 6.949867 4.462045 0.196957 2.064962 5.387790 
1655 304.326480 356.709586 290.183827 340.845505 334.987634 315.654778 51.060191 51.060191 0.000000 2.212269 2.629397 
