1 354.361950 192.392541 459.364232 195.366386 406.673916 195.613139 52.474899 13.871992 0.035705 3.203080 6.278502 
3 457.672683 195.634306 353.252495 192.888244 407.048021 196.954892 52.663692 15.447717 0.042521 6.257105 3.217044 
4 447.055009 211.340440 360.796799 205.634699 415.498605 34.811475 179.726294 179.726294 -0.000000 1.393904 1.880703 
6 464.709215 203.089833 462.682980 219.086510 426.612175 205.574652 37.798920 37.798920 0.000000 6.218054 0.358413 
8 484.228876 272.469895 438.699422 288.248145 437.841929 204.336634 82.087624 82.087624 0.000000 0.973055 1.560578 
9 449.044988 673.091576 418.972427 674.330971 398.372448 -8.591107 683.331759 683.331759 -0.000000 1.496598 1.540641 
11 540.655510 269.141867 631.244862 322.913885 553.181268 303.857903 80.023663 29.716932 0.258953 4.366120 0.239426 
13 196.556425 287.850785 266.314092 265.317627 306.424770 507.016760 244.487130 244.487130 -0.000000 4.247700 4.547935 
14 631.051069 325.019784 586.149973 362.309125 604.985586 339.296174 30.273968 12.056022 -0.596587 5.782100 2.256704 
18 576.217639 361.412786 576.196491 347.213509 580.271408 356.063602 9.543385 6.302181 1.040874 2.219289 4.280889 
19 468.923958 249.211543 484.091204 271.049573 447.837962 264.320128 38.731201 18.121418 0.015312 5.661456 0.183534 
20 459.712978 216.929327 446.577409 244.424308 389.896236 187.771264 79.267271 79.267271 -0.000000 0.395618 0.785150 
24 568.165443 598.754231 535.203927 651.510444 482.442601 615.108766 92.398073 44.520730 -0.012803 6.094667 0.603936 
26 510.045750 327.038817 487.871611 326.101894 498.788217 325.746672 10.649351 6.940084 0.114496 0.114280 3.109065 
27 541.822337 373.048956 548.156441 359.350976 550.779937 369.561371 11.215262 8.836981 0.639000 2.770306 4.460886 
31 455.003983 326.742037 469.016082 326.958368 462.549624 358.841708 32.187196 32.187196 -0.000000 4.481512 4.912491 
35 523.899788 375.018748 534.809345 372.154404 529.200115 373.560974 5.491030 5.491030 -0.000000 2.873194 6.037491 
37 578.999706 362.000181 585.971429 353.050127 582.626041 357.565274 9.069784 5.501341 0.841627 2.256225 5.350057 
38 505.958532 261.107228 493.905672 258.537475 573.229303 -222.628736 487.842904 487.842904 -0.000000 1.708975 1.734184 
46 411.841382 357.605981 395.101457 352.744697 403.824668 354.023924 8.761001 5.507903 0.168191 0.420209 3.287201 
47 563.829650 367.088420 568.938624 364.937518 565.633965 361.501217 5.387615 4.327516 1.103171 1.883161 0.804924 
49 544.455819 372.224899 559.243447 368.789020 551.374025 369.904690 8.765135 6.697231 0.590278 2.818004 6.142351 
51 552.227021 376.810604 464.968832 387.751418 437.449103 -177.428150 564.772416 564.772416 0.000000 1.366592 1.522143 
54 365.616247 347.829297 352.896833 354.503449 353.769270 341.680108 15.497866 9.285854 1.046774 0.478772 1.638727 
55 468.090296 579.977035 415.074958 589.631922 424.315212 469.950312 118.219549 118.219549 -0.000000 1.192137 1.647850 
60 395.931134 351.833102 390.145065 343.107530 394.206952 347.670002 8.372215 5.411851 -0.427288 1.178144 3.984969 
61 545.507998 370.059226 557.176568 368.832772 551.142543 369.874803 6.160689 5.167077 0.404038 3.108874 6.112179 
62 652.884901 552.117506 606.739715 655.399072 480.931240 591.980364 198.274684 79.913931 0.006985 6.055386 0.466914 
64 451.998631 341.002824 449.008697 356.711726 451.678723 348.937292 7.865439 7.865439 -0.000000 4.752686 1.901612 
65 521.377535 376.044815 537.012732 373.996320 528.837706 373.526049 8.155515 7.394487 0.310905 2.815981 0.057462 
67 397.011006 374.830890 285.063934 361.659371 396.928893 -134.945591 509.010951 509.010951 0.000000 1.570635 1.792358 
92 288.021939 371.062664 307.260189 372.857272 297.209687 376.783784 11.450665 8.715815 -0.150254 3.698529 5.910741 
93 336.983166 378.964254 359.644995 380.461870 347.606545 391.400831 16.197650 16.197650 0.000000 4.005459 5.545602 
94 451.233621 615.580109 408.635385 622.685912 414.638756 540.658460 83.364524 83.364524 0.000000 1.116438 1.643853 
97 507.220275 325.037028 491.709663 326.345176 499.326524 325.008287 7.910774 5.960915 0.216605 0.003641 2.967845 
100 606.933082 655.768492 557.709965 669.996604 497.691252 371.853256 303.442144 303.442144 0.000000 1.203489 1.372143 
101 603.118354 326.949113 600.552939 354.350973 586.191808 338.904985 20.735096 20.735096 -0.000000 5.668218 0.821778 
107 249.253618 362.327862 263.514018 366.110658 256.395677 365.789941 7.169747 7.169747 -0.000000 3.592962 0.045025 
109 502.378469 563.580877 535.376724 574.053120 453.647616 764.192384 206.451984 206.451984 -0.000000 4.950685 5.118350 
111 247.506112 361.544284 265.510376 366.065072 255.546224 366.177356 10.541661 9.051127 -0.736549 3.664362 6.271917 
112 314.170690 321.132937 292.154223 321.958577 302.896260 320.250783 11.464702 9.390783 -0.599763 0.078085 2.983930 
113 267.207350 367.226831 283.022513 363.855451 276.057435 373.169423 10.587894 10.587894 0.000000 3.732915 5.354487 
118 339.989944 379.971221 356.052267 379.831831 348.291931 390.969345 13.283965 13.283965 0.000000 4.065788 5.320947 
119 291.932825 371.577288 305.037344 372.932558 297.883243 382.006984 11.584042 11.584042 0.000000 4.193923 5.380005 
120 490.057124 371.203595 407.957291 375.100129 425.818287 -82.629656 457.154771 457.154771 0.000000 1.430183 1.609797 
123 355.739367 316.438046 371.086989 320.827422 359.111920 329.842035 14.628639 14.628639 0.000000 4.465897 5.637906 
124 390.276234 383.316279 415.897600 384.101847 403.521086 387.846776 13.879920 10.073855 0.140068 3.471174 5.989360 
131 541.329788 445.928601 521.172534 444.099620 531.310447 448.767976 10.419853 9.642423 -1.232428 6.007036 3.573131 
133 559.524784 434.227682 567.875879 423.587164 575.182936 436.570858 15.597603 15.597603 0.000000 3.290136 4.199781 
135 270.597693 318.759189 285.015884 309.301622 279.354872 314.879652 8.018725 4.746330 -0.488401 2.724565 5.505170 
136 544.731033 442.923152 522.338533 458.403690 531.174737 445.671232 15.844163 12.636790 -1.276291 6.083179 2.177478 
141 369.995467 377.150845 385.209096 382.802025 375.662024 388.054504 11.019192 11.019192 0.000000 4.233111 5.780214 
142 539.077996 416.951970 528.342956 433.142506 534.066378 424.985226 9.148098 5.157720 -0.852535 5.270167 2.182618 
143 542.157293 555.465135 519.236720 556.422328 526.002363 537.182610 23.028879 23.028879 -0.000000 0.847101 1.908940 
150 536.580559 448.714468 544.164190 442.960310 539.306086 444.192129 5.553187 3.737259 -0.798766 2.113185 6.034859 
157 316.865669 373.330940 330.776581 378.052004 313.218055 385.192074 19.388621 10.339700 -0.472377 5.010736 5.896964 
160 592.237671 689.097079 291.810468 703.562104 410.869430 1.610957 710.497540 710.497540 0.000000 1.312859 1.738809 
165 551.999834 671.999157 420.021189 686.396274 402.234386 -85.866348 772.511549 772.511549 0.000000 1.375695 1.547768 
166 398.065796 328.242526 351.162953 327.568357 372.779645 268.947126 63.274752 63.274752 -0.000000 1.167703 1.924078 
175 561.641012 410.870766 556.425190 421.665314 548.931168 410.885352 12.372423 12.372423 -0.000000 6.282038 0.963312 
179 414.015280 389.635960 321.143631 382.754356 428.828442 -403.361581 793.190452 793.190452 -0.000000 1.589474 1.706932 
180 218.592640 351.850270 234.099450 343.660688 227.268614 355.714422 13.680303 9.431248 -1.453930 3.560602 5.227962 
182 621.436509 568.987860 606.050774 579.010842 612.824237 571.823993 8.851540 7.050896 -0.283436 5.965057 2.326592 
183 437.004734 683.158386 324.925295 680.775205 394.288938 129.795433 554.596861 554.596861 0.000000 1.493756 1.696029 
194 404.025748 371.207750 392.988127 371.443058 398.343666 308.371685 63.307023 63.307023 -0.000000 1.480615 1.655505 
197 434.066486 337.692968 408.020919 326.984711 433.717817 295.465865 41.605130 41.605130 0.000000 1.562539 2.254789 
198 550.386961 404.290138 567.544637 389.472717 591.342952 435.885150 51.076673 51.076673 0.000000 3.798674 4.238588 
200 486.338481 460.098645 504.546871 454.101526 496.429459 452.830124 10.666227 6.301954 -0.663712 2.517373 0.155364 
203 430.113670 388.295077 443.000234 388.987113 438.020647 564.013297 176.834534 176.834534 -0.000000 4.667421 4.740832 
210 518.597166 414.489852 524.059859 427.082488 516.113511 423.439253 8.991091 8.991091 -0.000000 4.983098 0.429883 
221 513.300753 456.376965 490.988225 464.311134 496.384571 446.235566 18.758841 18.758841 -0.000000 0.540058 1.860916 
222 420.005107 371.565265 404.232123 370.770981 414.998778 320.761208 51.179505 51.179505 0.000000 1.472572 1.782851 
229 595.870547 560.778259 588.289952 558.029615 591.628825 559.778979 4.043413 3.326145 -0.563811 0.231365 3.624207 
232 511.167854 426.066014 495.710492 433.331777 502.037742 423.705692 13.156783 9.101182 -1.539474 0.252982 2.152288 
237 491.740887 434.060254 499.939906 423.211147 494.204320 428.259005 6.198142 4.415177 -1.019184 1.972361 5.561477 
238 516.532011 449.573961 497.008423 448.006283 502.341379 453.069024 12.833258 7.281473 -0.615075 6.041698 3.901004 
241 567.163664 485.112676 553.320294 505.220508 514.488465 463.423546 56.112587 56.112587 -0.000000 0.390596 0.822157 
242 495.663565 609.272954 464.954995 628.829799 463.435870 588.887157 39.153681 39.153681 -0.000000 0.564014 1.532782 
245 464.937656 483.751803 451.382023 497.561508 454.264078 477.229803 22.136511 10.614515 1.483316 0.548499 1.711610 
256 482.018940 448.137502 480.433355 456.733991 475.928700 451.273854 6.824890 6.824890 0.000000 5.807626 0.880992 
262 471.668634 410.136337 513.377807 407.370306 496.571860 461.153407 56.479294 56.479294 -0.000000 4.258278 5.015252 
265 491.967709 493.018024 454.859014 517.158919 471.563705 503.594741 22.791245 14.677732 -0.303759 5.804954 2.459578 
272 454.117603 478.986109 465.781348 483.269641 457.970867 488.395143 9.280292 9.280292 -0.000000 4.323696 5.702440 
275 442.971123 549.341720 321.720841 544.915842 404.937382 58.881667 492.194809 492.194809 0.000000 1.493404 1.740368 
279 523.189033 502.669140 532.025412 481.010368 556.371656 504.913408 32.067150 32.067150 -0.000000 3.209124 3.917805 
280 434.856707 477.539187 452.017413 475.370435 447.267779 513.902066 38.566994 38.566994 -0.000000 4.383475 4.835036 
285 444.925746 382.930125 467.974722 380.049194 460.977061 388.004580 16.218815 10.497316 0.368692 3.447790 5.433826 
287 243.632513 342.535683 223.618056 325.308142 273.427585 283.000387 66.231636 66.231636 -0.000000 2.034812 2.437452 
293 435.168705 499.669798 435.881520 489.661134 439.072804 495.117437 6.447177 6.447177 -0.000000 2.279685 4.183161 
314 276.012745 268.026059 303.904342 257.728863 318.331036 330.745390 74.246064 74.246064 0.000000 4.118828 4.517320 
317 485.591546 592.858946 489.191065 607.954441 462.882321 604.856677 25.263647 25.263647 0.000000 5.797139 0.117207 
327 419.149836 430.532357 422.318145 414.565473 419.863800 421.329594 7.645976 5.196437 -1.544707 1.648223 5.060463 
331 475.029173 520.704590 435.956756 520.318882 453.218338 343.317254 178.228688 178.228688 -0.000000 1.448454 1.668011 
333 412.670304 502.361093 394.404875 500.199858 403.308081 500.991879 9.509502 7.630904 0.218905 0.145219 3.230318 
345 551.151195 480.582090 539.717107 494.600609 532.358490 476.962911 18.724519 18.724519 -0.000000 0.190255 1.175543 
354 453.707371 439.930821 473.240993 411.105678 483.491195 440.556252 29.659620 29.659620 0.000000 3.162589 4.377455 
356 434.001501 530.169896 419.078915 522.632536 427.728520 520.752844 9.945976 9.945976 -0.000000 0.983165 2.927604 
359 395.177950 320.504308 413.224939 319.859154 404.258435 320.415666 8.897804 5.024686 -0.034373 3.131831 6.221199 
362 451.162197 438.048169 471.537395 410.321237 482.638485 440.698093 31.394004 31.394004 0.000000 3.225583 4.362021 
368 239.976121 452.104047 251.509748 471.117627 232.009083 466.867453 18.356338 18.356338 0.000000 5.207249 0.214594 
370 388.297396 412.668908 391.286228 429.117975 386.341981 420.805310 8.681384 8.681384 -0.000000 4.948245 1.034220 
371 554.351974 420.257723 544.492699 418.877772 550.581499 417.047660 11.497714 5.087963 -1.042445 0.705288 2.849613 
373 341.737198 579.397578 301.184746 563.747358 336.777666 526.177848 51.950489 51.950489 -0.000000 1.477875 2.329185 
377 394.469344 430.892779 385.723706 447.591137 376.902292 431.127549 17.510253 17.510253 0.000000 6.269822 1.078910 
378 516.200810 362.216124 488.953001 366.715369 484.295830 258.326394 108.027952 108.027952 0.000000 1.272835 1.527856 
379 384.932720 499.022901 390.041396 488.037678 393.266333 496.694587 8.644030 8.644030 0.000000 2.869151 4.355788 
384 569.791894 547.366120 553.814122 566.541695 547.542023 547.785208 20.653792 20.653792 -0.000000 6.264352 1.248089 
396 332.084109 526.764480 314.555015 517.025717 324.928243 517.401672 10.627814 10.627814 -0.000000 0.918214 3.177820 
404 374.638583 489.177368 374.020287 499.026129 370.775095 494.101825 6.251302 6.251302 -0.000000 5.377638 0.988110 
405 500.212766 377.220879 517.046282 376.951773 508.917978 379.364899 8.866355 6.183759 0.068347 3.383078 5.994594 
407 505.418669 345.915416 518.059274 337.791932 518.243620 353.040651 15.716365 15.716365 -0.000000 3.648707 4.700300 
408 365.467890 503.597369 373.025421 489.491570 448.551858 543.037113 100.097078 20.837838 0.530263 3.584794 3.758310 
418 194.668695 655.700631 151.621775 633.107287 350.274770 313.867657 375.904709 375.904709 0.000000 1.997975 2.127430 
426 230.034471 383.751925 262.159200 407.455973 230.377384 415.610090 31.943702 31.943702 0.000000 4.701626 6.032037 
432 452.794925 461.623713 429.937242 469.653599 424.749907 422.389118 47.803810 47.803810 -0.000000 0.950204 1.461483 
444 318.292901 480.361368 333.980027 470.489000 336.630945 481.331575 20.745061 9.382682 0.306138 3.194450 4.472601 
445 472.914969 577.601855 464.307561 579.440114 461.274350 546.016684 34.223640 34.223640 -0.000000 1.217695 1.480293 
447 302.659326 443.475642 309.548176 462.159785 299.261891 455.735546 12.179617 12.179617 -0.000000 4.982723 0.558271 
455 286.091033 426.173946 292.823841 411.347083 293.188050 420.137182 9.664975 9.664975 -0.000000 2.436747 4.670979 
459 618.732141 305.248109 618.965165 340.965993 396.106606 352.599411 234.269041 62.836455 -0.138551 6.073614 6.231032 
463 336.761433 440.987075 353.369146 443.845644 345.044577 443.288389 8.589488 6.724406 0.331716 3.412589 0.066841 
467 494.964289 492.007923 477.164226 519.440276 483.981628 505.504183 16.033920 8.832899 -0.863493 5.395462 2.025759 
471 271.051301 450.706604 258.756437 434.997121 268.040528 440.449413 11.072755 8.360842 0.942928 1.285288 3.672601 
475 275.013144 452.633885 256.992038 429.997543 267.065973 440.986757 14.066042 9.246207 0.820585 0.972029 3.970418 
476 326.394314 497.126386 318.447341 480.775049 328.900200 485.381531 11.969323 11.969323 -0.000000 1.781005 3.556678 
480 323.469782 257.695645 337.945794 247.919732 351.569655 284.353864 38.210021 38.210021 0.000000 3.900669 4.354556 
483 257.998429 430.736595 267.618542 441.398530 260.261865 439.282678 8.566538 8.566538 -0.000000 4.453483 0.280051 
485 266.179494 340.053256 281.980339 325.062716 280.258745 336.628041 13.389149 13.389149 -0.000000 2.902948 4.860162 
498 422.260978 436.913053 424.780496 453.962723 405.628624 448.512932 19.850619 19.850619 -0.000000 5.674187 0.277229 
516 302.521094 451.042850 283.776719 444.151675 297.465377 451.812878 13.906302 6.410603 0.654083 6.132039 3.651834 
517 393.971739 472.913651 366.771898 474.314608 379.441902 442.864227 33.491756 33.491756 -0.000000 1.120410 1.953763 
521 376.991298 472.056237 347.354141 456.738288 375.682869 437.067993 34.726753 34.726753 -0.000000 1.533418 2.534663 
528 327.488536 404.171631 355.067042 438.994022 324.236754 428.256465 31.825647 22.674730 0.395965 4.846591 0.335141 
538 334.102709 280.828790 316.848128 261.989011 338.090826 257.105468 23.114801 23.114801 -0.000000 1.737349 2.915626 
541 306.024068 464.424132 288.577329 456.640337 307.111568 441.872214 22.901419 22.901419 -0.000000 1.618981 2.468805 
546 339.704376 495.138998 330.614221 503.896269 335.634983 500.846082 6.569094 6.034918 -1.055120 5.331815 2.595666 
552 178.031178 562.416437 172.020859 548.651833 173.716389 555.623613 7.825279 4.535305 1.003627 1.004897 4.473821 
553 490.485589 492.235641 475.977028 494.009021 483.652906 492.581694 8.016521 5.235723 -0.570650 6.232582 2.957743 
558 313.329077 430.440917 298.086820 421.725157 308.610783 424.233148 9.601576 9.601576 -0.000000 0.920886 3.375541 
575 292.739284 293.942728 311.567899 286.358173 308.806709 302.370802 19.711384 14.389963 0.906681 3.624682 4.883148 
577 304.728595 421.415532 318.970113 402.673427 318.054915 414.472511 18.024298 11.754110 0.149470 2.661286 4.789799 
620 369.993340 725.532204 392.014920 725.807799 380.346968 1005.709419 280.104330 280.104330 0.000000 4.675452 4.754051 
