6 596.095063 410.986198 574.968847 412.119842 568.591586 187.237373 225.030200 225.030200 0.000000 1.448489 1.542446 
27 522.964648 491.834753 549.967193 497.874655 535.524525 495.409510 12.514408 5.836324 0.067442 3.418878 0.169056 
48 656.822097 418.942924 586.140449 561.276359 233.392552 299.651265 440.173142 440.173142 0.000000 0.274610 0.638153 
52 524.218450 467.117473 507.402695 486.578105 493.085443 457.794981 31.958758 31.958758 -0.000000 0.290944 1.109216 
60 571.940738 573.947937 537.718463 604.905252 454.870738 476.392144 152.569156 152.569156 -0.000000 0.694725 0.998182 
71 493.369939 530.241559 466.031158 541.713782 474.134164 519.521086 22.476295 22.476295 0.000000 0.508445 1.920877 
102 528.984463 535.985322 547.006553 517.007090 571.938636 560.853701 49.465154 49.465154 0.000000 3.666391 4.195362 
111 319.313961 512.719417 331.598401 503.057411 326.341782 507.843476 13.414910 7.421147 0.407877 2.535036 5.544608 
191 237.129828 522.564621 239.696646 521.905783 237.327708 516.646229 6.141258 3.904608 -1.435865 1.604219 1.147604 
218 509.031009 549.073349 458.734491 544.478699 488.083025 506.047519 48.191622 48.191622 -0.000000 1.117708 2.222986 
220 328.892772 533.191158 318.246225 523.904650 330.359104 519.983992 12.834840 12.834840 -0.000000 1.681369 2.828558 
222 98.014423 544.526543 121.083268 544.756899 106.751966 581.923159 38.407496 38.407496 -0.000000 4.482861 5.080420 
