1 513.106570 98.442379 496.403106 87.949074 517.414386 84.571882 22.229062 10.345463 -0.394697 1.871926 2.982223 
5 391.445251 71.620728 283.912958 86.106574 333.213504 43.656607 64.568691 64.568691 -0.000000 0.447700 2.430721 
7 505.290431 445.184574 526.947116 427.874743 527.166634 452.329235 23.156377 23.156377 0.000000 3.457267 4.703413 
9 583.220250 678.641913 595.335055 698.832643 575.615453 697.559668 18.809603 18.809603 -0.000000 5.094612 0.064464 
12 106.969610 527.260514 88.866006 525.148637 109.222740 438.665944 88.372061 88.372061 0.000000 1.596223 1.801973 
13 565.584650 656.845561 583.306954 678.925494 561.251672 680.404077 22.363162 22.363162 -0.000000 4.894280 6.216246 
19 90.995334 529.632901 117.254413 536.537995 95.125440 561.933306 33.228718 33.228718 0.000000 4.585214 5.429165 
31 681.087694 651.902634 685.658959 609.070327 1173.769830 691.470705 494.368235 494.368235 -0.000000 3.221732 3.308831 
42 589.422906 342.722762 571.348741 356.919828 570.522718 332.875533 23.076355 23.076355 -0.000000 0.480316 1.536456 
44 34.579795 534.982363 88.892524 526.631746 78.058973 624.372076 97.622853 97.622853 0.000000 4.259680 4.822779 
51 490.561669 874.027214 468.932764 876.358378 478.700136 860.867999 17.479261 17.479261 -0.000000 0.837216 2.133373 
53 175.024340 382.990754 173.681665 411.861743 154.239026 395.759092 24.445620 24.445620 0.000000 5.732320 0.691709 
56 619.213136 703.629704 624.727248 731.339902 610.458553 719.399451 18.519350 18.519350 -0.000000 5.219178 0.696797 
61 178.830409 407.002726 171.122354 430.100919 152.175076 411.308694 26.892508 26.892508 -0.000000 6.123026 0.781290 
63 517.021346 867.019565 497.000500 875.238448 499.969952 856.337107 19.398634 19.398634 -0.000000 0.559667 1.726625 
64 135.012334 213.118418 112.357820 209.149083 127.476628 189.814499 24.311035 24.311035 -0.000000 1.258043 2.234438 
67 339.353556 554.182463 326.623283 545.646945 336.943923 545.324902 9.782588 9.782588 -0.000000 1.305182 3.110399 
70 587.076119 380.035622 568.969977 397.942839 576.431657 387.300056 11.998800 5.770393 -0.750639 5.684327 2.182262 
76 416.942528 861.670676 394.486679 849.458221 413.614660 842.024637 19.754034 19.754034 -0.000000 1.402998 2.770932 
78 441.060756 870.246938 416.907587 862.105039 433.800415 850.093468 20.922691 20.922691 -0.000000 1.225017 2.523492 
85 602.715107 730.589026 604.023284 751.320621 587.765414 740.954922 19.018021 19.018021 0.000000 5.676913 0.567595 
88 161.342439 827.160738 146.536972 845.761578 138.392720 823.743376 22.859705 22.859705 0.000000 0.147820 1.216516 
90 470.052270 381.256738 445.130032 373.768662 460.636199 358.839943 23.216288 23.216288 -0.000000 1.173130 2.375165 
91 -0.232712 352.431049 65.471306 395.626356 -53.940914 512.724245 166.956900 166.956900 0.000000 5.035695 5.507572 
99 586.266558 844.716945 564.894895 863.958226 512.251418 777.835846 106.099053 40.880492 0.886874 0.734808 1.022136 
100 508.641269 889.442243 483.027989 897.936116 490.740998 878.860670 21.275384 21.275384 -0.000000 0.533880 1.955040 
102 466.862881 417.639914 442.807867 417.949379 455.160203 395.828019 24.643664 24.643664 -0.000000 1.078356 2.080058 
108 283.747651 582.142749 282.654940 551.764635 294.797970 568.520661 20.570103 16.424602 0.991472 2.252333 4.085280 
112 365.065511 618.320537 374.707188 605.060002 385.370995 623.019341 19.781444 19.781444 0.000000 3.368996 4.176559 
113 596.113364 777.907964 591.392959 800.565727 584.773636 785.460809 16.319848 16.319848 -0.000000 5.695609 1.157779 
114 617.564328 792.927152 604.152177 819.336830 599.658661 800.929452 19.360649 19.360649 -0.000000 5.862900 1.331364 
120 146.307727 382.520240 97.861605 427.163526 121.508420 404.139997 43.280946 33.121613 0.825456 5.566177 2.369549 
122 243.755949 311.646531 251.534621 328.282437 222.455229 331.624621 28.247952 28.247952 -0.000000 5.529818 6.168754 
127 268.393649 489.836267 262.846884 538.438078 229.108880 475.264500 74.304061 26.517160 0.953587 0.355195 1.080279 
130 563.356243 869.373401 538.724357 879.495729 544.895444 862.437768 18.472057 18.472057 -0.000000 0.359380 1.917919 
143 272.901371 481.443771 315.793985 473.838157 361.979859 849.298322 377.958004 377.958004 -0.000000 4.474806 4.589992 
145 321.175407 298.301093 317.177595 273.048965 342.281740 279.810553 26.698892 26.698892 -0.000000 2.422159 3.404691 
146 527.908496 428.094171 532.160396 451.698665 522.990401 440.448063 12.736774 12.736774 0.000000 5.091257 0.886935 
147 478.254293 894.248728 458.005278 902.042560 463.602698 883.216420 18.589046 18.589046 -0.000000 0.645403 1.859794 
153 216.818598 397.135156 213.823769 415.945218 178.660352 400.769062 38.037085 38.037085 -0.000000 6.188239 0.407439 
156 604.140202 820.966006 587.762909 843.163985 586.828534 825.864643 17.513497 17.513497 -0.000000 6.007427 1.516837 
158 164.606652 940.592665 188.669397 935.595273 181.903764 963.615590 29.266438 29.266438 0.000000 4.068057 4.949309 
160 465.918694 412.036851 439.438832 412.374844 456.165966 393.829957 23.839212 23.839212 -0.000000 1.079028 2.304705 
163 378.216580 120.804496 396.123795 103.234787 396.104062 123.218167 18.368235 18.368235 0.000000 3.275719 4.713376 
165 422.960156 409.080267 411.745214 403.513278 429.241292 385.390151 24.414027 24.414027 -0.000000 1.829970 2.338592 
172 511.615084 749.070385 533.143540 711.337505 533.189193 739.999922 26.723906 22.267836 1.251999 2.743597 4.710796 
175 321.875962 197.969998 335.398391 174.183161 329.011850 187.458575 12.401803 4.393952 -1.154425 2.167200 5.160787 
186 537.966021 879.719917 516.196083 893.860661 517.066213 872.090731 21.695758 21.695758 -0.000000 0.350007 1.610744 
192 591.108478 801.838371 576.412797 823.973642 573.249572 805.305656 18.229631 18.229631 -0.000000 6.091422 1.402944 
194 219.985251 530.274290 262.312239 536.935440 196.983753 863.154734 333.285243 333.285243 -0.000000 4.781378 4.910034 
195 387.197556 566.079495 410.747166 548.635818 465.033651 651.998277 115.959637 115.959637 0.000000 3.976309 4.228781 
197 177.979905 753.004605 180.203299 773.011752 158.534398 767.595417 22.304856 22.304856 0.000000 5.639464 0.244940 
199 662.634015 652.064916 666.749305 611.871943 1112.861891 680.741475 450.936060 450.936060 -0.000000 3.205200 3.294761 
202 326.317824 204.989134 338.622716 175.417833 349.825018 195.275461 24.712693 24.712693 -0.000000 2.749741 4.198761 
203 186.218660 257.763601 199.206461 269.776789 176.672850 282.424567 24.848612 24.848612 -0.000000 5.081710 5.771719 
204 339.440963 329.618232 325.931561 304.007602 350.280801 306.882117 24.535501 24.535501 -0.000000 2.015686 3.259102 
205 337.043206 595.227861 303.817928 592.500543 325.940000 510.260179 85.580442 85.580442 -0.000000 1.440857 1.833569 
207 535.540556 763.980315 545.972271 788.981848 528.982147 777.150014 21.185187 14.652786 0.340601 5.174429 0.608302 
209 338.083609 331.907414 324.714338 301.951985 349.584907 308.293965 25.520878 25.520878 -0.000000 2.024043 3.391271 
210 583.013287 504.055734 620.287069 510.672263 598.808750 535.160382 34.039223 34.039223 0.000000 4.242508 5.432402 
213 571.367825 622.958790 592.789171 640.833774 567.088429 648.439075 25.931382 25.931382 0.000000 4.878785 5.995478 
214 327.757814 812.381519 314.170856 790.098498 331.813294 794.316454 17.882499 17.882499 -0.000000 1.791628 3.376268 
220 394.725054 35.961353 384.358680 66.181975 286.173028 13.071580 111.689139 111.689139 -0.000000 0.207820 0.495844 
224 90.725308 529.304169 92.114585 557.020447 67.093132 542.593759 27.471330 27.471330 0.000000 5.770909 0.523015 
226 367.083298 623.029533 391.071604 605.858956 387.118578 626.208822 20.410747 20.410747 -0.000000 3.298965 4.904253 
228 199.293288 269.326674 218.688993 284.239630 193.212493 297.671363 28.504420 28.504420 0.000000 4.923716 5.797999 
230 17.321151 552.475116 87.928566 534.230786 53.264795 542.718810 33.937848 6.337962 -0.252049 2.876545 6.043043 
234 531.932077 86.738696 559.758528 101.151527 538.674486 109.874553 22.884603 22.884603 0.000000 4.428816 5.890902 
237 126.226655 631.496569 149.108742 650.918055 119.784449 662.347381 31.054446 31.054446 0.000000 4.918249 5.911541 
239 189.930569 798.986739 180.611969 822.630903 160.264377 802.787750 29.009531 29.009531 0.000000 6.155754 0.772848 
249 610.418646 361.235689 596.008538 378.012345 588.334659 357.805353 21.303780 21.303780 -0.000000 0.154100 1.207856 
251 612.011537 673.969905 621.656703 702.133657 600.163440 693.155851 22.987193 22.987193 0.000000 5.265606 0.395674 
254 316.782846 264.144466 320.561401 236.743710 341.749124 253.107400 26.799368 26.799368 -0.000000 2.725345 3.799226 
255 196.597007 336.533195 203.850998 357.156974 183.689826 353.040980 20.651223 20.651223 0.000000 5.375986 0.201387 
256 354.375276 357.395711 337.915691 335.005804 359.620763 335.857067 21.358128 21.358128 -0.000000 1.809684 3.180792 
259 342.638501 636.422660 349.834251 625.552238 364.271340 643.084768 22.006341 22.006341 0.000000 3.440339 4.023514 
262 193.062459 764.984511 193.581464 788.163026 153.225159 777.735665 41.742995 41.742995 0.000000 5.973409 0.252852 
265 392.436004 605.579660 410.187196 592.172299 413.162914 615.095988 22.747517 22.747517 0.000000 3.572012 4.583301 
270 625.686611 342.905529 615.116433 352.261343 607.200912 333.766198 19.713761 19.713761 -0.000000 0.459158 1.166406 
272 312.422951 695.034224 320.421820 669.359257 332.000379 686.697855 20.352913 20.352913 -0.000000 2.739032 4.123608 
273 259.443194 410.037103 252.849177 435.914491 223.496200 417.381725 35.473824 35.473824 0.000000 6.081641 0.563171 
277 163.903851 823.978981 150.204273 846.223077 137.258992 822.400600 26.427620 26.427620 -0.000000 0.059169 1.073030 
280 197.896519 452.962009 191.477053 463.622706 124.584136 421.957859 79.275512 79.275512 0.000000 0.400095 0.557058 
287 434.978464 561.960995 415.991362 569.967725 408.200438 529.883154 40.928449 40.928449 -0.000000 0.875203 1.378828 
290 330.795223 440.022194 340.425381 424.525724 347.205692 440.419356 17.005195 17.005195 -0.000000 3.165790 4.309159 
293 601.125135 165.711364 615.237866 187.948560 594.140870 184.354995 20.535961 20.535961 -0.000000 5.070826 0.168716 
298 423.190263 625.400318 449.280252 618.645180 440.875292 641.624387 24.182133 24.182133 0.000000 3.883933 5.063038 
300 397.065169 397.847684 381.259551 381.959649 392.639325 389.269762 13.206612 5.701485 0.620460 1.094464 3.712591 
310 335.488840 173.086463 346.467406 148.518056 360.153100 168.484169 23.875305 23.875305 0.000000 2.957117 4.111498 
311 354.262152 354.588916 340.245488 330.046861 362.198450 333.284141 22.547860 22.547860 0.000000 1.927385 3.288002 
313 57.995482 630.075994 81.805002 636.302559 65.337163 657.583170 26.908237 26.908237 -0.000000 4.451568 5.370975 
315 354.499345 141.225147 374.062723 123.218964 373.718330 141.635423 17.938763 17.938763 0.000000 3.162937 4.731087 
317 609.841111 353.252519 592.016804 376.698391 583.709543 353.033648 25.350324 25.350324 -0.000000 0.008376 1.233196 
320 537.292869 89.773344 559.732423 104.213119 539.510075 110.470890 20.140837 20.140837 0.000000 4.605672 5.983083 
322 593.759186 118.369618 610.541862 135.240638 588.958792 140.370482 21.541936 21.541936 0.000000 4.927213 6.049836 
323 449.247459 617.001930 465.258697 613.047432 463.234018 635.052527 21.559016 21.559016 0.000000 4.053171 4.804140 
324 325.346406 667.022172 337.103124 642.088567 344.573101 662.612909 19.694074 19.694074 0.000000 2.916160 4.363335 
337 206.892867 436.959914 198.983218 451.985284 183.882377 435.613923 22.415556 22.415556 -0.000000 0.058428 0.825746 
339 36.133740 298.672625 36.916795 298.076609 32.159672 297.848008 3.856036 3.856036 -0.000000 0.204596 0.048018 
344 172.373458 678.664619 183.290635 701.627851 147.900843 703.413498 34.877111 34.877111 -0.000000 5.492175 6.232771 
345 591.108306 120.764788 608.838111 143.041052 587.694902 140.833254 20.434705 20.434705 -0.000000 4.880865 0.104044 
347 493.250014 418.540888 477.186154 421.147304 481.360212 395.544728 25.283393 25.283393 0.000000 1.093614 1.732407 
353 375.096350 605.312637 388.061667 603.904402 385.205907 622.137198 19.287287 19.287287 -0.000000 4.171322 4.867754 
355 152.861957 118.116109 179.481415 141.601293 115.340926 188.139920 79.342541 79.342541 0.000000 5.204290 5.655501 
358 123.185289 470.287662 97.996496 477.736681 105.583304 456.706473 21.316858 21.316858 -0.000000 0.657164 1.917022 
366 188.237447 712.889764 190.237985 730.376315 153.325792 728.434807 38.606809 38.606809 0.000000 5.864273 0.052550 
369 320.242758 236.249900 322.391614 207.731247 343.607520 223.003302 26.529097 26.529097 0.000000 2.625831 3.765510 
370 85.853545 635.306739 102.808136 643.401844 81.521240 669.697418 33.194273 33.194273 0.000000 4.837702 5.392910 
373 504.645230 264.276244 456.689188 298.490952 479.665108 278.909371 30.477689 15.534406 -0.819547 5.753279 2.435785 
377 144.391127 455.550350 126.018599 474.022751 114.300816 444.797186 30.517072 30.517072 -0.000000 0.343219 1.189477 
380 470.819120 575.386336 434.727691 573.551447 454.678033 550.911666 29.745966 29.745966 -0.000000 0.987771 2.293131 
387 196.166463 271.603777 215.223022 285.813513 192.155528 298.046355 26.147151 26.147151 0.000000 4.862926 5.795587 
388 173.004379 435.002176 160.736279 450.661461 154.821847 434.126977 16.831128 16.831128 0.000000 0.048097 1.227276 
393 184.604798 416.013511 172.396259 433.280178 150.641422 405.574930 33.875743 33.875743 0.000000 0.298185 0.905130 
396 615.722825 142.364542 629.070354 167.007150 620.156480 155.753224 13.755188 7.268302 1.040175 4.392605 0.900911 
401 563.123545 101.608863 584.450712 116.317918 563.193459 125.950426 23.529137 23.529137 -0.000000 4.709517 5.857723 
404 346.303785 640.016870 373.231812 631.727201 360.904288 639.817030 14.825302 14.825302 -0.000000 3.127906 5.702435 
409 269.568918 916.767202 277.168854 935.340101 255.900372 930.616077 18.156935 18.156935 -0.000000 5.491234 0.218566 
410 260.582260 383.894834 257.250508 410.908570 231.258981 396.427733 31.326445 31.326445 0.000000 5.879280 0.508306 
412 460.999080 582.714742 483.120717 588.776946 462.129094 613.017675 31.474414 31.474414 0.000000 4.675116 5.426079 
415 538.558003 883.339642 511.079513 892.857587 519.947342 874.055771 21.387834 21.387834 0.000000 0.462725 2.011506 
416 74.061649 58.692201 75.659375 58.601720 73.857055 54.874528 3.987897 3.987897 -0.000000 1.517256 1.120387 
419 629.865802 328.989130 613.239491 355.410342 606.373543 333.276886 22.991189 22.991189 -0.000000 6.102655 1.270002 
421 262.739409 38.106033 263.983177 -0.004478 344.473543 22.931827 83.930933 83.930933 -0.000000 2.958029 3.419192 
422 402.920512 103.933355 429.713591 90.745106 424.444597 109.767795 20.664491 20.664491 -0.000000 3.406297 4.982599 
423 172.579739 307.312517 183.936514 316.889436 148.721805 347.977305 46.748325 46.748325 0.000000 5.242970 5.559949 
437 257.122597 357.383796 260.718134 384.078129 230.606995 373.982452 31.325369 31.325369 -0.000000 5.723870 0.323502 
440 421.571660 594.609736 446.939618 585.274318 440.325706 609.933190 24.774358 24.774358 -0.000000 3.826659 4.974438 
442 625.366601 529.918606 602.926555 542.455940 611.394434 528.691614 14.991480 14.991480 -0.000000 0.087592 2.122321 
444 -0.505115 327.799250 48.150279 362.826406 -110.441619 534.715996 233.927704 233.927704 -0.000000 5.200768 5.457572 
448 261.847116 907.308359 262.526828 926.178063 248.948780 916.655763 15.947165 15.947165 0.000000 5.656075 0.611599 
452 154.110199 453.116510 142.784159 463.829066 128.625528 437.808080 29.012916 29.012916 0.000000 0.540928 1.072476 
456 513.707718 112.491852 537.006440 118.357658 522.560272 126.114693 17.331948 17.331948 -0.000000 4.136132 5.790408 
467 559.883379 101.119746 588.365252 118.811456 564.275826 123.220350 23.306493 23.306493 0.000000 4.516198 6.102167 
468 220.009607 141.999437 213.488208 163.561505 199.807651 147.874605 20.661543 20.661543 0.000000 6.000170 0.853611 
469 434.823186 89.880061 461.772719 82.967166 451.177536 98.905103 19.006982 19.006982 -0.000000 3.645850 5.299083 
475 152.592151 118.045766 121.524306 98.766566 177.084725 34.447803 84.719052 84.719052 -0.000000 1.855801 2.283264 
476 341.099965 838.552786 325.454168 821.198057 336.519127 824.038741 14.298598 9.932296 1.257280 1.265077 3.392893 
478 528.168913 411.137580 506.920969 420.197468 510.217631 398.288294 21.748952 21.748952 -0.000000 0.621243 1.720145 
479 524.551976 628.920880 547.557305 639.561610 528.124999 651.751289 22.403391 22.403391 0.000000 4.557145 5.722941 
486 215.694583 379.113211 216.160811 396.023553 190.366162 384.312960 27.133788 27.133788 0.000000 6.080706 0.426170 
487 250.105282 437.643146 237.995850 462.385290 225.719508 440.453683 25.420913 25.420913 -0.000000 6.168438 1.060494 
490 8.285847 320.505598 9.781404 320.310226 10.078090 316.519069 4.244308 4.058802 0.376375 1.993297 1.648895 
499 329.994395 667.003041 340.903609 645.855081 340.320519 657.902524 14.000752 9.889288 -0.758065 2.419200 4.760751 
502 201.002911 336.998166 213.609860 373.839115 44.030102 406.566567 172.533153 172.533153 0.000000 5.866011 6.092538 
523 651.921208 239.014886 647.430330 264.641800 625.177280 245.815489 28.417272 28.417272 0.000000 6.034177 0.702173 
527 626.667319 568.204212 603.081992 569.940097 615.037950 561.787713 14.299353 14.299353 -0.000000 0.504185 2.543140 
549 239.244340 466.156508 222.754169 483.551383 212.131608 459.295380 27.066399 27.066399 -0.000000 0.247856 1.158021 
551 520.012638 300.893267 536.147532 313.028959 522.342128 315.531446 15.558575 13.830011 -0.684736 4.554574 6.103864 
557 221.044866 399.365340 258.462998 394.770128 248.289255 475.505257 80.247516 80.247516 -0.000000 4.368765 4.837742 
576 97.949687 476.844911 81.967927 478.080773 89.086684 468.096534 11.236033 11.236033 -0.000000 0.778890 2.190194 
577 537.005303 117.659185 562.045230 129.159386 543.230619 138.047196 21.217292 21.217292 0.000000 4.416039 5.841870 
578 581.516447 144.710137 600.905143 165.393609 580.312635 166.034450 20.970287 20.970287 -0.000000 4.768782 6.252075 
582 125.164474 628.708480 149.242672 646.790676 119.458198 662.538794 33.184724 33.184724 0.000000 4.879490 5.796814 
584 613.819617 188.045804 624.364859 214.029663 602.392987 206.477678 22.502193 22.502193 -0.000000 5.267340 0.331062 
587 180.099433 514.137571 168.419089 522.579834 150.254286 485.619706 41.047626 41.047626 -0.000000 0.762660 1.113996 
596 498.775489 460.207543 457.044089 471.164946 421.867155 237.998354 235.027166 235.027166 0.000000 1.237593 1.421059 
598 203.898410 498.602190 181.467493 512.567272 182.514320 494.083043 20.432350 20.432350 -0.000000 0.208268 1.627369 
602 -0.485325 323.707367 42.412660 354.460222 -183.085631 614.613691 343.451728 343.451728 -0.000000 5.272924 5.426550 
605 466.099180 83.082789 497.233427 82.688247 481.042211 96.835049 21.055055 21.055055 -0.000000 3.885518 5.565073 
610 315.108959 153.788482 307.963465 129.946962 314.422173 141.735995 13.861047 10.638590 0.608395 1.513875 4.211192 
613 292.864612 32.377991 263.947254 29.536853 286.004242 -73.101803 104.563577 104.563577 0.000000 1.505848 1.782476 
618 611.129810 144.679898 627.204726 168.000609 568.459884 218.514486 87.434267 35.103757 -0.935011 5.236409 5.572980 
621 316.289279 152.401768 310.808321 130.693796 317.398737 141.623421 14.603558 10.311266 0.343422 1.673369 4.169776 
627 561.180853 129.035931 583.425703 142.436886 565.517397 148.747472 19.136153 19.136153 0.000000 4.495838 5.944389 
632 102.958018 648.122131 127.108555 664.906720 95.556290 684.765233 37.391673 37.391673 0.000000 4.911702 5.721439 
643 129.043905 663.950086 144.101877 680.939602 110.924418 695.053279 35.886432 35.886432 -0.000000 5.239887 5.880976 
646 291.687149 25.106191 263.665912 17.181282 298.477605 -61.256024 85.252112 85.252112 0.000000 1.649263 1.988495 
652 337.016339 789.143221 319.022368 791.196061 323.222500 751.439295 39.351849 39.351849 0.000000 1.220075 1.676052 
657 382.917076 2.860822 363.319976 14.537040 327.359352 -69.295442 90.645365 90.645365 -0.000000 0.914640 1.165578 
677 232.199433 309.296181 211.639126 332.682737 39.752590 156.736109 245.440788 245.440788 0.000000 0.670298 0.797070 
680 275.720948 303.274003 261.004186 268.990778 315.573033 262.339231 57.043631 57.043631 0.000000 2.342794 3.020298 
694 245.560543 332.349184 220.282296 349.418068 147.712080 213.462506 153.507695 153.507695 -0.000000 0.882164 1.080492 
707 672.981592 476.477928 691.475070 489.392369 673.719229 487.837149 20.558533 10.735323 -0.265861 4.647543 0.087366 
708 389.059291 0.942676 393.971129 21.996317 349.840109 19.919166 44.003071 44.003071 -0.000000 5.832535 0.047033 
713 186.313657 322.691594 185.344794 347.224440 178.361454 335.278756 14.610708 14.610708 -0.000000 5.275842 1.041784 
721 46.935661 596.715871 73.570328 603.626937 50.682143 629.580506 33.963656 33.963656 -0.000000 4.598882 5.435108 
723 387.236436 13.655750 361.355943 22.987197 331.364235 -100.984032 127.033589 127.033589 0.000000 1.117302 1.333432 
724 92.166080 557.154676 63.767927 587.646534 -7.985905 487.234636 121.601935 121.601935 -0.000000 0.609476 0.950342 
727 292.595366 17.855798 264.687651 4.660616 318.838139 -77.378742 97.577049 97.577049 0.000000 1.839683 2.154208 
736 276.118400 329.098549 275.287155 346.966838 173.672787 333.904217 103.013347 103.013347 -0.000000 6.236310 0.127850 
748 606.053157 481.207304 584.832937 480.690621 598.313323 407.848702 74.752004 74.752004 0.000000 1.465678 1.753790 
752 691.953347 383.036544 673.131729 345.249046 729.293604 341.023790 55.588942 55.588942 -0.000000 2.297380 3.066501 
756 394.687138 540.993170 384.904365 554.841175 379.761690 540.449247 15.503723 15.503723 -0.000000 0.036427 1.227606 
760 257.901358 340.006229 261.737234 312.917277 306.964641 332.796912 49.375810 49.375810 0.000000 2.995698 3.555721 
766 82.224897 411.826829 63.067919 386.947702 330.614467 207.619797 321.389667 321.389667 -0.000000 2.453506 2.551101 
774 91.090807 417.950411 72.627250 383.127634 303.548882 289.295274 248.180969 248.180969 -0.000000 2.597098 2.755634 
785 164.863147 709.061061 168.937024 725.076568 139.302218 724.552669 29.842566 29.842566 0.000000 5.738318 0.017677 
794 114.907616 214.422160 95.393308 204.485281 112.953646 188.714024 24.879657 24.879657 -0.000000 1.494936 2.409818 
802 566.167487 66.503438 534.942799 67.903821 546.945042 -168.555888 237.082213 237.082213 -0.000000 1.489201 1.621511 
809 88.873690 7.108955 111.974648 4.066261 100.090771 7.229309 11.291485 5.618101 -0.199406 3.152322 6.023053 
810 495.349778 376.488702 471.796616 376.309468 483.703857 368.535743 13.836814 13.836814 -0.000000 0.599155 2.563212 
813 521.458237 373.569684 496.761607 376.486609 507.466630 366.090288 15.216159 15.216159 -0.000000 0.490914 2.370823 
819 222.763668 423.503846 248.637782 435.640289 -54.992690 1064.085504 697.952682 697.952682 -0.000000 5.121521 5.162462 
822 104.282591 613.217245 129.700665 629.255990 108.213531 638.963047 23.202759 23.202759 0.000000 4.560876 5.858868 
823 59.345081 137.460222 63.018213 114.016290 73.823246 129.031393 18.063741 18.063741 -0.000000 2.614383 4.088622 
824 539.066375 231.081619 518.020790 237.105083 525.925003 221.116523 16.545755 16.545755 -0.000000 0.648792 2.029927 
835 68.943432 182.027554 62.281292 168.350074 82.226007 166.724529 19.464853 19.464853 -0.000000 2.285631 3.060270 
838 646.809598 472.638257 624.954736 479.488254 628.229426 446.114702 33.569675 33.569675 -0.000000 0.959724 1.668606 
850 586.116471 343.122130 568.960440 351.835540 571.110703 330.940986 20.265068 20.265068 0.000000 0.681873 1.673346 
852 632.115430 171.899699 640.938452 182.053481 619.940556 191.493043 22.624766 22.624766 0.000000 5.268380 5.860707 
856 150.308800 846.221187 139.477857 861.342280 122.478936 837.892936 27.921143 27.921143 -0.000000 0.290774 0.943540 
857 61.536234 114.037493 73.943559 90.922226 79.947205 109.327079 18.660278 18.660278 -0.000000 2.891117 4.397073 
858 205.798474 184.865365 192.234679 200.326434 181.905539 179.179217 23.379559 23.379559 -0.000000 0.233638 1.116440 
859 125.963793 317.330053 145.598789 333.714987 125.626893 337.524013 19.937824 19.937824 0.000000 4.729071 6.094729 
862 256.169154 713.624176 247.138957 687.437668 312.620716 686.252449 66.697008 66.697008 -0.000000 2.690121 3.123495 
867 218.460016 -0.413534 172.203588 26.882872 175.089807 -23.553109 48.754999 48.754999 0.000000 0.490115 1.627959 
868 387.248329 25.489253 363.086406 29.518184 360.073930 -60.352199 89.404187 89.404187 -0.000000 1.264212 1.537289 
873 642.857776 298.022737 631.909630 326.837610 619.276688 306.464946 24.377008 24.377008 -0.000000 5.939395 1.015734 
878 207.598751 18.277867 140.681664 -0.319975 183.410751 -33.112224 62.248959 47.874836 -1.398908 1.130883 2.487020 
886 156.712947 338.335175 167.397838 358.280578 145.546142 356.426624 20.902255 20.902255 -0.000000 5.265390 0.084640 
905 658.013107 68.984286 641.941523 69.320856 656.282516 -339.584085 408.944983 408.944983 -0.000000 1.566561 1.605854 
910 47.412935 479.166539 27.370175 474.293788 39.021549 472.655328 13.660937 10.324964 -0.774126 0.659897 3.001885 
921 359.198399 379.860704 355.269701 411.071375 222.372124 374.551966 136.658344 136.658344 0.000000 0.038780 0.268174 
928 403.246706 342.181837 386.610645 331.333976 401.739680 324.748708 16.472647 16.472647 -0.000000 1.484565 2.731053 
935 218.968898 938.843012 234.940377 948.076442 214.395454 961.696748 23.551510 23.551510 0.000000 4.909898 5.697759 
936 173.815053 144.533509 186.895923 182.973081 180.515750 163.720782 18.728174 6.578989 1.258673 4.376404 1.250789 
938 388.529686 5.861498 365.960630 17.926354 354.921898 -29.157983 47.466408 47.466408 -0.000000 0.805966 1.340509 
950 299.439773 48.704749 273.368953 55.430220 272.111578 14.667587 39.897540 39.897540 -0.000000 0.894294 1.539960 
966 486.741489 638.567136 485.101731 661.158483 466.694640 649.618354 28.623175 17.001496 -0.050470 5.779368 0.559993 
969 656.976605 519.242203 672.033330 519.693919 664.022129 541.764673 23.185068 23.185068 0.000000 4.409211 5.060579 
970 136.209384 143.023500 148.789308 143.274077 142.025544 142.875646 5.691363 3.648831 0.216410 3.116177 0.058839 
980 291.945687 21.178944 262.972574 12.385044 290.373571 -31.757474 51.488397 51.488397 0.000000 1.541107 2.126326 
981 292.959820 28.321694 262.805727 24.555408 281.269370 -16.689750 44.580445 44.580445 0.000000 1.316689 1.991699 
988 131.066656 626.899600 151.399315 640.398535 116.729790 670.993214 45.063741 45.063741 0.000000 5.026753 5.560142 
992 163.468405 854.965228 144.782016 871.457761 143.410419 849.964816 20.325462 20.325462 -0.000000 0.244318 1.507067 
994 462.958488 723.551413 486.995403 729.007091 467.516827 750.738089 29.081609 29.081609 0.000000 4.546266 5.443184 
997 325.897544 813.404398 312.556298 790.019412 322.603839 798.946022 14.290158 9.608802 1.229951 1.346813 3.867983 
1000 294.984356 35.894820 263.976351 35.352717 277.525808 -8.070124 44.741635 44.741635 -0.000000 1.192791 1.873258 
1001 417.048932 146.563790 434.556298 127.796810 430.416873 141.799990 13.889287 13.889287 -0.000000 2.799263 4.999810 
1002 433.929807 289.896776 385.762546 322.650806 141.719162 -79.047746 469.653210 469.653210 -0.000000 0.900942 1.024859 
1008 389.740087 17.036303 361.796752 27.192212 366.738098 -9.148014 33.291065 33.291065 0.000000 0.850008 1.705942 
1010 296.193237 42.876239 267.191887 45.863136 274.520985 -7.742331 52.913745 52.913745 0.000000 1.166262 1.706677 
1013 539.923248 744.320067 586.115946 747.005822 535.480025 1481.794227 736.636574 736.636574 -0.000000 4.718414 4.781192 
1016 427.403423 277.976770 373.658927 300.174193 211.520464 -156.203924 483.972521 483.972521 -0.000000 1.109376 1.229432 
1028 74.940623 61.197322 78.743373 59.349172 73.730489 54.670974 6.375777 5.994927 0.510483 1.387456 0.750876 
1035 199.849241 349.901197 191.185154 363.121344 184.522525 348.344759 14.985074 14.985074 -0.000000 0.101204 1.147202 
1044 460.972724 707.854605 439.118357 705.774724 449.533355 693.660470 17.509240 17.509240 -0.000000 0.892455 2.280913 
1050 171.454909 361.839133 175.127115 383.019043 152.228064 377.350628 23.854531 23.854531 0.000000 5.604335 0.242661 
1051 116.910463 438.313854 84.326705 387.876137 160.278648 376.147018 75.488146 75.488146 -0.000000 2.179916 2.988375 
1061 492.006223 470.036187 455.066757 476.388215 382.686373 -231.802152 711.293839 711.293839 0.000000 1.416276 1.468945 
1062 387.193736 29.133369 361.101460 33.593544 371.234852 -4.118092 35.938888 35.938888 -0.000000 1.123321 1.833303 
1066 311.926903 61.708399 299.782829 77.598288 260.967332 36.998032 55.672633 55.672633 -0.000000 0.451496 0.807868 
1068 334.206229 425.624967 330.775177 401.904491 346.546431 413.093835 18.622069 18.622069 -0.000000 2.348518 3.758651 
1072 423.972714 238.134437 362.852020 225.729090 500.833340 -315.930018 558.571753 558.571753 0.000000 1.708638 1.820230 
1074 242.875171 324.836668 217.592970 344.158977 161.074934 243.231502 115.205165 115.205165 -0.000000 0.784204 1.060318 
1080 229.260529 303.230427 208.457390 326.751164 160.986528 265.983649 76.673287 76.673287 -0.000000 0.499419 0.907632 
1081 502.902743 511.099070 515.012537 522.987229 492.225287 533.766556 24.154984 24.154984 0.000000 5.152607 5.841336 
1088 491.209682 756.298210 469.411711 728.207003 508.056457 685.939427 78.149941 30.983976 -1.186222 1.805813 2.311450 
1090 626.583189 230.806790 622.441699 239.741203 611.426900 227.945109 15.769285 15.769285 -0.000000 0.186615 0.819636 
1095 688.003400 656.435728 657.992438 656.254878 680.321814 411.379426 245.327688 245.327688 0.000000 1.539460 1.661732 
1107 541.895633 737.618062 598.125230 743.270116 555.302545 845.758574 109.125179 109.125179 -0.000000 4.589042 5.108170 
1108 243.830180 920.347183 261.154922 937.436323 240.744739 939.637219 19.274712 19.274712 -0.000000 4.870995 6.175767 
1109 384.005929 39.884968 360.000307 40.045791 375.600935 -4.480862 44.534108 44.534108 0.000000 1.383568 1.907797 
1110 175.581340 408.975535 171.133805 427.075323 155.367011 416.056965 19.598192 19.598192 0.000000 5.946228 0.609942 
1116 258.728252 370.556258 225.570508 380.002558 225.273434 308.062631 70.386234 70.386234 0.000000 1.079284 1.566667 
1123 361.954181 172.049059 349.523654 160.439324 376.987894 143.366081 31.544202 31.544202 -0.000000 2.053564 2.585403 
1126 101.021398 27.039100 101.022095 27.785040 106.688574 30.497137 5.966101 5.293206 1.177992 3.689469 3.587991 
1129 189.992105 380.768644 205.973497 380.223313 200.614306 445.526305 65.081239 65.081239 -0.000000 4.549807 4.794272 
1134 153.055310 194.907435 126.925613 164.590834 171.026822 153.702512 44.588691 44.588691 0.000000 1.982073 2.899539 
1135 708.703505 434.374431 718.301280 403.022271 718.370863 420.604680 17.111306 17.111306 -0.000000 2.182912 4.708431 
1154 584.423935 324.499692 564.988028 302.005232 596.488458 292.089846 32.294155 32.294155 -0.000000 1.927153 2.836641 
1187 620.454823 199.001417 618.805449 212.946460 602.601042 204.123041 18.418668 18.418668 -0.000000 6.003822 0.498616 
1218 538.512553 664.610338 524.979312 675.975365 512.384384 649.943832 28.530418 28.530418 0.000000 0.511500 1.120165 
1229 509.008563 221.011265 484.987637 229.573663 490.440029 206.457844 23.305070 23.305070 -0.000000 0.664765 1.802435 
1246 94.703243 682.920561 103.231447 651.061956 586.156317 801.419659 505.480273 505.480273 -0.000000 3.378196 3.443428 
1290 618.649390 230.711920 572.806404 237.736596 539.149003 -151.386934 390.099514 390.099514 0.000000 1.365661 1.484516 
1301 430.844034 814.925679 409.280990 850.997970 -275.248260 399.536870 819.871260 819.871260 0.000000 0.531767 0.583039 
1318 212.722093 448.229994 232.521013 467.230050 206.955832 472.835502 25.914108 25.914108 0.000000 4.942583 6.067340 
1329 97.647047 902.499278 81.161841 909.665649 76.962686 880.876785 29.466695 29.466695 -0.000000 0.807569 1.425957 
1343 302.934405 23.995746 343.870669 6.280119 326.618577 25.155131 24.400226 24.400226 -0.000000 3.190506 5.452895 
1349 531.715425 707.578404 584.787218 696.670884 608.143717 940.594529 244.958078 244.958078 -0.000000 4.395450 4.616927 
1372 152.490292 87.413194 135.476044 66.424744 192.370709 37.528128 62.847728 62.847728 0.000000 2.245199 2.671648 
1379 504.091812 688.951100 492.689740 683.268263 501.768942 678.728783 10.289224 10.289224 0.000000 1.347355 2.677956 
1394 481.628084 569.237699 467.813509 561.097062 481.042731 551.424126 17.365639 17.365639 0.000000 1.537948 2.510246 
1395 450.891873 597.206368 496.717880 600.398206 464.487579 733.773545 137.152854 137.152854 -0.000000 4.613163 4.949495 
1406 543.180815 607.609766 562.242302 613.414968 546.654099 632.581867 24.851902 24.851902 -0.000000 4.574189 5.395180 
1413 381.909473 47.468856 360.919650 43.416150 391.787301 -58.199627 105.862020 105.862020 -0.000000 1.664005 1.865707 
1431 178.805430 914.468676 197.819064 907.505908 199.252720 939.651670 31.316085 31.316085 0.000000 4.030405 4.667820 
