9 481.203270 632.004426 479.238840 654.062923 211.373371 604.409996 271.787404 271.787404 -0.000000 0.101912 0.183285 
11 604.408818 611.192010 632.530638 601.547205 703.808174 852.362008 261.190770 261.190770 -0.000000 4.321448 4.435505 
31 197.505895 445.215135 188.004053 419.246966 276.867559 400.337371 90.973698 90.973698 -0.000000 2.626939 2.931926 
34 403.151430 843.605280 321.309906 829.764304 450.239496 316.023890 529.460998 529.460998 0.000000 1.659813 1.816681 
35 595.106908 840.005243 452.931352 847.421462 486.147879 159.371798 688.233060 688.233060 0.000000 1.412058 1.619035 
40 282.021977 441.835669 241.612933 399.702727 300.033275 387.518220 58.293195 58.293195 0.000000 1.890980 2.935974 
43 449.052655 847.401929 420.982876 845.520541 464.560195 394.052558 453.492918 453.492918 -0.000000 1.604990 1.667022 
49 710.421648 810.402783 615.112001 836.485854 515.293164 303.158501 542.303472 542.303472 0.000000 1.203563 1.385775 
61 784.789599 619.033042 787.542439 650.000662 662.094747 646.436560 125.517775 125.517775 0.000000 6.063445 0.028403 
75 802.015014 767.238195 821.007637 767.612519 812.199628 795.373175 28.488449 28.488449 0.000000 4.365072 5.019626 
76 892.826964 779.909177 892.974726 779.127394 889.437588 786.706533 8.466216 4.816193 1.558823 5.174941 5.149039 
84 844.482532 788.061936 873.051957 768.020444 880.914310 804.496833 45.644857 25.458420 0.822978 3.565373 4.500091 
89 302.575570 419.346960 285.205804 392.330976 327.224071 382.261030 43.118362 43.118362 -0.000000 2.157389 2.906373 
90 200.732713 459.786820 174.678898 434.007979 200.044996 432.364218 26.501944 26.501944 -0.000000 1.545723 3.076882 
98 874.577107 790.035771 874.459129 790.793922 889.356830 786.705949 17.426946 14.904720 -1.515268 2.919996 2.873782 
102 597.049903 801.114763 577.095185 772.496529 592.593898 783.497224 22.260523 18.024451 -0.689519 1.323062 3.758853 
105 807.988951 769.069069 801.608287 773.385473 811.538199 786.745169 17.393527 14.942559 -1.501262 4.514230 4.073207 
114 781.944062 803.721217 784.886666 781.365228 778.518065 792.845336 12.867607 10.751491 -0.324816 1.265628 5.218872 
116 451.506765 694.949866 457.468887 665.437613 495.677773 686.832187 43.951045 43.951045 0.000000 2.959842 3.652033 
117 890.056186 798.017433 892.508833 797.572236 889.267174 786.708076 11.720094 7.697224 1.560967 1.501143 1.280825 
120 708.014076 525.952635 736.120490 563.314286 710.440048 559.052153 30.901407 30.901407 -0.000000 4.639227 0.164469 
127 254.746993 442.558788 216.526500 399.888465 263.295456 396.495718 46.181667 46.181667 -0.000000 1.754290 3.069177 
136 593.965407 791.943509 582.243795 784.975093 601.445619 752.163518 44.742506 13.483337 -1.231253 1.756665 2.100274 
137 872.955009 800.869654 872.994072 772.017737 863.241550 786.427184 17.163449 16.247218 -1.249350 0.978723 5.307384 
138 317.736189 378.131704 279.997283 389.992445 120.877687 -97.094044 512.504622 512.504622 0.000000 1.178073 1.255049 
142 813.754155 778.082478 811.143736 778.183136 811.519455 786.727656 8.474091 4.798622 1.558191 4.965343 4.668445 
159 713.040608 764.658359 734.298171 776.862411 717.716095 774.918161 15.691317 9.939916 0.076052 4.284797 0.116717 
165 837.122848 531.797220 855.386459 611.025519 828.718685 610.393237 78.151663 25.853206 -1.414514 4.818913 0.023705 
168 807.098079 581.929606 821.266138 623.086776 783.282040 610.893721 37.215842 37.215842 0.000000 5.400557 0.310614 
184 815.311920 776.625688 814.909815 776.208374 811.444659 786.875622 11.854649 7.641359 1.562838 5.073171 5.026477 
185 852.632918 682.993367 853.680866 624.994234 1791.726616 681.520460 939.110695 939.110695 0.000000 3.140024 3.201779 
188 862.389659 664.088544 861.000000 644.000000 862.138311 490.067245 175.010028 4.349177 1.567889 1.569352 1.578191 
199 169.382230 515.662781 139.509045 462.844344 276.295010 426.971175 140.783488 140.783488 0.000000 2.449080 2.885111 
214 784.039436 622.997335 785.662827 647.022783 690.075691 642.570206 95.501488 95.501488 0.000000 6.077820 0.046548 
222 179.943498 525.139809 149.198178 504.901587 217.596760 420.905998 110.713824 110.713824 0.000000 1.917448 2.254203 
233 570.146009 811.003728 569.532896 835.013608 386.050028 822.954056 183.916246 183.916246 0.000000 6.218363 0.065631 
235 691.888088 562.580089 719.650669 583.355593 686.456862 591.481788 30.678521 30.678521 0.000000 4.898143 6.043097 
248 305.369045 438.537246 337.013472 433.511718 324.961936 445.339306 18.459798 18.459798 -0.000000 3.475744 5.507165 
250 113.338585 459.474638 139.902363 462.114647 124.136939 468.438618 15.807252 15.807252 -0.000000 3.834434 5.901706 
252 814.253696 635.114147 789.061787 688.040157 616.495036 576.510834 205.294805 205.294805 0.000000 0.288093 0.573767 
258 718.176385 675.969901 707.343901 769.632095 565.016043 701.301708 155.662240 155.662240 -0.000000 6.119275 0.447594 
259 795.097636 682.958387 796.016273 717.000908 675.730327 699.033330 121.258293 121.258293 -0.000000 6.149323 0.148278 
266 428.093741 335.006692 422.125797 370.230019 367.791689 343.669463 59.721509 59.721509 0.000000 6.140505 0.454678 
270 830.270887 709.002228 830.098137 730.009031 772.529059 720.041716 58.169311 58.169311 -0.000000 6.094278 0.171437 
272 235.999476 436.000897 218.136584 416.614805 292.133866 367.246799 89.140267 89.140267 0.000000 2.255489 2.553249 
278 933.038304 802.014450 932.692339 778.989597 1082.749016 788.534704 150.030509 150.030509 -0.000000 3.051796 3.205117 
292 611.354894 724.050299 607.107918 754.015295 545.059236 730.439738 65.544816 65.544816 -0.000000 6.187104 0.363106 
298 828.438058 792.129215 795.396902 794.195307 812.266917 794.260583 16.199427 12.486010 -0.153530 6.152140 3.145462 
307 121.449178 448.259375 149.323623 449.272757 137.478155 457.584774 21.401901 15.040886 1.221359 3.668510 5.671316 
308 674.496276 458.533501 636.583375 450.544920 656.324067 441.102646 21.866165 21.866165 -0.000000 0.764578 2.695443 
316 583.121883 800.733010 574.385288 783.005483 587.711283 787.805080 13.802347 13.802347 -0.000000 1.911918 3.487297 
318 375.021691 379.654623 359.266728 374.538253 371.185570 368.228371 12.816409 12.816409 -0.000000 1.246891 2.654699 
327 608.940968 355.988013 629.223629 344.849109 621.856576 357.166708 13.981217 13.981217 -0.000000 3.232602 5.251404 
332 349.029399 336.356408 375.181406 334.199203 368.597051 406.836415 72.803604 72.803604 0.000000 4.441576 4.802789 
336 814.231872 727.077920 812.963879 747.124222 759.867755 734.340606 54.380189 54.380189 -0.000000 6.150378 0.236267 
354 334.102568 425.893404 361.933487 425.038282 351.114561 433.327705 14.627589 14.627589 -0.000000 3.553586 5.629399 
356 792.381489 576.916500 817.224868 566.767302 807.764781 585.327884 18.380247 18.380247 -0.000000 3.641966 5.183756 
360 714.949561 773.743045 725.785619 786.054109 718.115660 783.226393 9.955089 7.049134 1.458089 4.390166 0.353213 
368 353.025457 684.039287 324.928347 652.191274 349.087425 658.375707 25.337311 25.337311 -0.000000 1.418536 3.392199 
371 618.845068 801.747812 599.352266 786.985580 610.331331 791.317450 13.024420 10.347097 1.021747 0.886228 3.517398 
374 380.080381 332.904137 404.245002 330.755808 397.907943 404.461248 73.530507 73.530507 0.000000 4.468222 4.798156 
376 589.847363 338.203573 615.075707 341.403033 592.805286 400.909848 62.559907 62.559907 0.000000 4.665253 5.070502 
381 875.192357 800.060715 844.278711 789.206319 861.579789 793.474096 16.620859 12.803649 0.180859 0.450655 3.383441 
383 694.335698 501.703385 700.345015 539.811959 657.929279 530.488482 45.456412 45.456412 -0.000000 5.614166 0.216371 
403 829.421439 525.030549 857.852568 522.245253 845.630548 526.955509 20.984622 12.662143 0.786201 3.259797 5.915336 
406 269.049258 353.377118 288.970617 350.775043 282.446347 373.964189 23.579150 23.579150 -0.000000 4.135485 4.986649 
407 260.270177 467.143712 276.186427 471.775885 262.467932 478.799792 15.034215 15.034215 -0.000000 4.526027 5.809982 
409 408.018688 330.022931 428.030278 329.657345 419.949083 366.721607 38.016395 38.016395 -0.000000 4.398075 4.927061 
411 229.369275 637.015730 259.009153 623.945644 246.861720 642.187208 20.362719 20.362719 -0.000000 3.429045 5.299875 
412 374.463975 653.255114 389.895339 621.434189 508.226985 697.416148 140.070556 140.070556 -0.000000 3.460470 3.712401 
425 615.027473 716.293194 660.007352 712.078458 666.954420 1003.996688 291.672640 291.672640 -0.000000 4.533824 4.688595 
427 406.701843 363.122085 409.067273 330.148299 495.482154 351.652687 88.697811 88.697811 0.000000 3.013116 3.385489 
441 495.952697 697.215010 525.025427 698.346883 506.763009 862.486264 165.006234 165.006234 -0.000000 4.647073 4.823195 
456 467.215176 815.427512 456.072141 780.495758 486.534621 791.994073 32.734874 32.734874 -0.000000 2.260263 3.502517 
464 703.812522 495.745808 737.413335 514.656588 704.894270 531.644311 35.902027 35.902027 0.000000 4.682265 5.801784 
468 426.804358 785.150042 436.409485 761.470245 484.633337 791.410005 57.949913 57.949913 0.000000 3.249422 3.697202 
473 237.332445 507.442230 257.441072 494.595253 253.202596 513.096092 25.189109 14.702235 1.172875 3.483831 4.937599 
491 551.133602 405.410724 568.901424 410.913102 560.138245 409.561776 13.045245 8.202701 -0.395059 3.573548 0.153000 
507 561.087632 847.095299 333.651097 842.182887 468.350664 33.786902 818.735314 818.735314 -0.000000 1.457262 1.735905 
512 482.000124 695.163980 459.999381 695.180592 470.179246 644.811000 51.103470 51.103470 -0.000000 1.340212 1.770214 
524 109.700309 487.832582 126.001584 468.968503 120.502756 480.853338 13.294424 13.294424 -0.000000 2.567978 5.145734 
527 356.430825 630.107777 369.894038 614.598975 374.882928 631.125651 18.115106 18.115106 -0.000000 3.196700 4.419218 
530 884.034992 765.045194 907.700360 776.668072 853.250982 797.562699 58.721212 21.537985 -0.463200 5.470409 5.916771 
531 344.157559 796.618829 323.019815 786.966368 361.387871 735.998083 63.379843 63.379843 -0.000000 1.847724 2.216076 
541 106.941341 504.912701 127.834871 496.165178 121.823295 503.614817 19.542793 10.790131 0.493609 3.054601 5.391361 
550 663.001171 709.033763 626.997269 711.537747 636.255476 577.598440 133.700902 133.700902 -0.000000 1.370048 1.639809 
557 725.935499 680.456231 751.231321 689.910054 733.217367 699.411341 20.012331 20.012331 -0.000000 4.345609 5.797827 
566 689.105067 802.526237 671.075310 788.005324 681.548080 793.282345 10.902990 10.902990 -0.000000 0.885469 3.608340 
575 520.080334 407.088201 550.801906 405.451613 535.699039 427.541073 27.032605 27.032605 0.000000 4.060213 5.312101 
591 490.594593 366.675060 478.364953 361.186769 492.753204 346.990750 19.619728 19.619728 0.000000 1.680021 2.362919 
602 511.143779 407.622634 536.080824 410.225727 517.071779 470.408268 62.378008 62.378008 -0.000000 4.618252 5.018329 
604 112.394594 522.788903 127.011283 510.977288 136.907685 527.409487 31.834505 12.563165 0.521746 3.327901 4.170312 
621 539.888771 336.930538 552.649649 334.488107 547.032277 337.468995 6.970507 5.792002 0.101047 3.216828 5.795315 
624 269.572049 375.241001 283.631527 373.409542 277.520430 378.300584 7.518007 7.518007 -0.000000 3.509042 5.608228 
626 293.190808 732.537458 319.640098 743.448323 282.732117 792.872023 60.403077 60.403077 -0.000000 4.884028 5.353818 
650 397.206808 754.562068 375.624959 741.622581 399.637279 722.452932 31.229277 31.229277 -0.000000 1.646346 2.467874 
671 906.050301 794.022994 875.692839 801.460977 889.340956 795.091682 16.074048 11.573874 0.001748 6.219315 2.704955 
680 253.302114 710.290513 255.478772 657.873789 531.893756 700.378501 279.384484 279.384484 0.000000 3.106029 3.294169 
690 763.777779 800.074960 739.729390 804.718494 748.894598 785.573197 20.988951 20.988951 -0.000000 0.772419 2.017274 
701 193.129893 681.004879 191.703284 718.988856 -141.288024 686.464820 334.171832 334.171832 0.000000 6.266860 0.097363 
702 577.969751 767.711434 595.983299 767.288572 588.804829 801.836854 34.858196 34.858196 0.000000 4.404949 4.917255 
713 667.982701 803.338197 653.773879 796.034591 674.018660 787.232435 22.846751 12.127332 -0.575348 1.929366 2.731462 
738 198.947402 525.364969 174.190040 519.554997 199.661074 467.577079 57.815711 57.815711 0.000000 1.583146 2.026441 
748 631.049068 373.922808 646.259572 383.591655 624.146790 404.447016 30.103097 30.103097 0.000000 4.934774 5.527043 
765 867.093014 793.295776 863.034107 778.140649 863.382202 786.196041 8.279679 6.261428 -1.504575 1.089178 4.669203 
772 293.167416 667.512463 308.980742 642.604940 330.100034 668.272049 35.706863 35.706863 -0.000000 3.162157 4.023890 
795 278.478516 707.074990 284.971972 679.585384 406.158571 719.079941 128.030181 128.030181 0.000000 3.235341 3.456637 
798 247.169397 549.884399 241.415021 541.339470 251.636668 541.539038 9.621541 9.621541 -0.000000 2.062283 3.161114 
