5 588.155067 394.997548 560.732646 418.949967 574.070071 409.449850 19.898430 13.598928 -1.148753 5.484917 2.522666 
6 544.549610 438.395915 532.778322 357.882999 588.555591 396.526263 68.006520 59.096154 0.419760 2.381066 3.747479 
7 561.042722 382.400120 587.092813 396.370957 566.767095 403.935490 21.583830 21.583830 0.000000 4.452584 5.926902 
18 317.834052 353.790445 216.594342 205.339950 251.831044 289.709889 90.940272 90.940272 -0.000000 0.770621 4.316764 
20 243.397163 449.985557 253.215862 435.862242 252.391767 445.778357 9.108379 9.108379 -0.000000 2.704079 4.795305 
25 341.989081 495.016331 236.990457 493.888308 299.412711 132.403327 363.439964 363.439964 0.000000 1.453916 1.741793 
51 168.530732 266.176183 176.674496 250.578723 236.847823 283.771610 70.560899 70.560899 0.000000 3.393669 3.645680 
86 306.210529 358.322064 258.967200 376.798745 251.657641 291.988992 85.343234 85.343234 -0.000000 0.882540 1.484821 
88 200.575774 219.148482 306.139684 358.156759 253.125379 289.955567 87.508828 86.967248 -1.397268 4.073930 0.910037 
91 106.802234 818.719643 11.722095 836.295517 27.444488 811.351037 85.356129 27.704291 0.240918 0.092588 2.133195 
101 566.015979 444.778387 547.947850 440.084745 562.706197 421.373812 23.745907 23.745907 -0.000000 1.430312 2.238643 
118 425.651347 592.995974 425.327694 621.026876 77.644271 610.593529 347.842933 347.842933 -0.000000 6.232662 0.029999 
125 561.417106 429.876850 542.832790 385.873655 584.309077 396.293804 41.417197 41.417197 0.000000 2.169102 3.387730 
133 83.742740 196.008658 83.229106 240.072610 -102.857166 216.242482 187.155557 187.155557 -0.000000 6.175173 0.127366 
144 277.774662 444.401523 273.825436 430.835223 278.946013 436.394888 8.179796 8.179796 -0.000000 1.716063 3.968080 
152 326.336020 246.861340 280.996245 369.532205 252.026132 290.271536 85.096513 85.096513 0.000000 5.754481 1.220377 
166 93.587954 207.004172 93.685453 240.003884 -159.345683 225.973597 253.646141 253.646141 -0.000000 6.208328 0.055392 
203 106.421852 822.906017 102.849166 836.807515 87.660101 829.416733 19.349830 19.349830 0.000000 5.949167 0.452859 
211 105.327379 869.077557 95.994644 908.472534 -101.262903 840.507465 207.962186 207.962186 -0.000000 0.137422 0.331811 
221 263.173216 610.696113 267.941983 629.611391 253.061763 622.168975 20.394212 11.270251 -0.166364 5.434797 0.463772 
243 227.026575 201.332199 283.222746 202.308714 254.327102 315.518674 116.536388 116.536388 -0.000000 4.477707 4.962293 
246 -0.031875 765.809944 50.985093 764.443468 34.988024 1119.667875 354.976951 354.976951 -0.000000 4.613744 4.757392 
251 471.988359 750.993893 463.226057 739.949741 468.098585 745.246953 9.664510 5.480522 -1.478695 0.975782 3.968726 
271 490.833891 739.006862 490.955121 738.181800 487.442861 741.854597 4.709644 3.760803 -1.535885 5.584652 5.475448 
303 296.345062 216.561919 325.824580 246.375566 259.396870 282.350868 74.949791 74.949791 -0.000000 5.224107 5.786837 
336 137.443045 237.808478 211.979218 203.131877 243.189149 394.399118 191.667902 191.667902 -0.000000 4.118431 4.550640 
337 164.656609 299.974812 166.934395 268.921836 286.554014 296.063487 121.712475 121.712475 0.000000 3.109517 3.364714 
383 474.993931 738.993234 475.185248 753.474133 478.208008 745.978039 8.602647 5.434359 1.558964 4.281124 1.954097 
414 179.402568 337.792229 165.175216 299.955626 252.960365 288.595645 88.137619 88.137619 -0.000000 2.552104 3.012901 
425 524.972101 707.998654 524.149067 725.055445 194.001866 699.871366 331.026746 331.026746 0.000000 0.024551 0.076134 
433 343.023644 300.783954 318.602070 352.654890 239.063100 285.283613 104.947673 104.947673 0.000000 0.148008 0.702763 
438 289.393985 427.862454 280.028716 450.099842 273.674287 432.393192 20.254778 15.225875 0.705929 6.002570 1.226239 
460 254.007816 384.054269 230.313847 387.836261 221.913077 257.607601 130.020196 130.020196 -0.000000 1.322225 1.506378 
498 494.977654 745.835907 493.614954 747.978246 496.824449 749.972721 4.629634 3.786995 1.550074 4.292509 3.697620 
536 698.008476 798.492698 645.006959 799.404490 665.348097 432.644843 366.658257 366.658257 -0.000000 1.481759 1.626201 
561 444.990595 822.297594 477.998067 821.855639 463.648417 1102.784838 280.873282 280.873282 0.000000 4.645968 4.763424 
599 258.998276 823.412043 226.998836 823.278170 241.944751 446.300235 377.086246 377.086246 0.000000 1.525606 1.610422 
615 309.993481 844.884785 347.985009 842.735071 361.745471 1373.329908 530.585875 530.585875 -0.000000 4.614768 4.686461 
617 622.907424 351.000842 622.452782 300.995883 934.208046 326.064541 311.968653 311.968653 0.000000 3.061660 3.221831 
