2 463.091765 536.685560 325.664417 528.404311 412.276397 237.205367 303.847487 303.847487 -0.000000 1.402719 1.859896 
4 292.835898 513.299616 237.158901 387.062814 337.566232 433.517181 110.765934 90.877526 0.360419 2.081782 3.574924 
9 564.432971 345.507610 603.421105 423.807034 506.970668 423.452349 96.137643 96.137643 0.000000 5.347660 0.003677 
14 212.610750 197.891186 269.607667 177.882403 394.509631 605.073241 444.845522 444.845522 0.000000 4.292261 4.427938 
18 778.608093 330.779528 791.280313 421.012022 613.339932 401.163300 179.386561 179.386561 0.000000 5.880573 0.111088 
23 413.639228 295.612390 564.173896 345.778732 422.468710 534.488211 237.504498 237.504498 -0.000000 4.675443 5.356477 
28 547.020667 635.151852 585.131350 629.965127 589.990962 811.810358 181.219169 181.219169 0.000000 4.473783 4.685671 
32 236.522451 386.839930 268.367759 347.038748 329.868620 426.272540 100.732969 100.732969 -0.000000 3.541288 4.052333 
36 629.501354 434.228134 620.623359 453.738686 531.621648 401.408310 102.972906 102.972906 -0.000000 0.323526 0.531527 
39 615.527887 427.873839 605.527093 450.786463 512.142845 394.041831 109.216074 109.216074 0.000000 0.316259 0.546023 
42 727.508680 258.329140 752.148949 285.975999 502.020410 480.423969 316.315467 316.315467 0.000000 5.505369 5.622382 
43 743.098103 512.413647 771.114640 514.146237 753.588683 600.941682 88.117259 88.117259 -0.000000 4.594439 4.911632 
52 771.153244 514.501354 798.631268 522.945893 730.291322 692.127502 182.108525 182.108525 0.000000 4.938500 5.096291 
58 165.471187 137.123807 211.608580 200.990921 167.403852 175.006144 51.180026 31.851046 0.665196 4.661416 0.531421 
59 642.304668 201.432354 727.388299 257.494124 513.027307 483.649017 310.313753 310.313753 0.000000 5.141941 5.471021 
79 494.905061 154.150290 474.551570 141.292889 503.613601 116.226601 37.387684 37.387684 -0.000000 1.796516 2.429881 
87 273.264452 4.584978 177.080338 -0.107817 226.804070 -58.096032 76.529909 76.529909 -0.000000 0.932939 2.279617 
95 479.155024 409.952746 467.946049 443.790166 441.994132 416.473988 38.053270 38.053270 0.000000 6.109467 0.811004 
100 429.115858 490.067419 410.015261 492.140598 411.371564 426.833100 64.839960 64.839960 -0.000000 1.297220 1.591561 
101 619.958030 385.530596 608.417531 413.757935 280.817338 261.797369 360.875791 360.875791 -0.000000 0.349837 0.434320 
108 667.902686 120.880534 633.642090 148.788255 414.902694 -156.678489 375.160037 375.160037 -0.000000 0.831654 0.949358 
119 650.600517 594.392073 574.021033 625.059114 332.675746 -70.102728 736.091461 736.091461 -0.000000 1.124540 1.236637 
121 701.791788 42.679466 679.968483 51.204947 682.031186 27.243034 23.754692 23.754692 -0.000000 0.663155 1.656667 
134 310.895109 466.099827 307.028515 443.039826 306.539262 457.175569 13.404062 8.228134 -1.403566 1.116722 4.746986 
141 41.151347 440.120131 48.606744 352.175641 190.953861 409.592637 152.888967 152.888967 -0.000000 2.940560 3.524991 
147 347.046872 377.013389 366.633256 337.747585 434.521050 399.172363 90.788187 90.788187 -0.000000 3.389694 3.877053 
160 573.241958 619.346660 555.701205 629.828546 537.480798 543.295688 89.016957 89.016957 -0.000000 1.131250 1.363267 
162 302.537587 138.494382 256.822338 163.119432 251.389858 96.648725 66.203118 66.203118 -0.000000 0.685700 1.489250 
171 256.010839 164.112873 201.873834 163.299175 233.169112 54.842535 111.383310 111.383310 0.000000 1.364725 1.851717 
183 293.197194 -0.609159 303.213045 51.959409 -116.259653 108.534442 422.962183 422.962183 0.000000 6.022685 6.149122 
203 106.027988 270.508723 59.983058 270.876005 80.842664 78.262528 192.724381 192.724381 0.000000 1.440533 1.678674 
205 563.983919 375.002314 545.988844 431.394332 533.657389 380.787073 52.264776 30.364575 1.278458 6.094700 1.331784 
206 211.628257 608.567999 53.462719 478.928882 292.421317 342.482453 275.952615 275.952615 0.000000 1.865585 2.622766 
264 131.971720 183.881000 139.684999 187.187246 135.768114 187.696681 4.943842 4.943842 -0.000000 3.929525 6.153850 
292 312.731633 132.168259 315.297180 166.755428 64.580054 156.829143 249.361209 249.361209 0.000000 6.184132 0.039571 
293 604.000000 82.000000 577.679956 98.399718 564.084717 36.592418 62.390291 62.390291 -0.000000 0.849680 1.354283 
300 301.159539 426.176312 332.534990 399.694946 524.085413 651.424270 316.587098 316.587098 0.000000 3.932172 4.061924 
306 263.366048 402.153948 268.440621 371.771440 302.120270 395.006704 40.330400 40.330400 -0.000000 2.959217 3.745501 
309 486.186340 310.660313 514.474945 328.621319 455.438288 396.507951 90.240594 90.240594 -0.000000 5.056324 5.428173 
322 167.444617 16.205183 169.751303 -0.035323 301.723684 26.352189 133.990433 133.990433 -0.000000 3.217016 3.338937 
331 553.859949 351.749180 576.253641 361.605908 550.867730 387.254940 35.656882 35.656882 0.000000 4.796465 5.492631 
334 661.085539 542.224096 694.206934 541.393935 683.148321 602.377689 63.454523 63.454523 -0.000000 4.360849 4.891777 
355 737.902110 746.402292 776.019468 743.366334 755.880562 743.237797 19.513230 15.362589 0.221042 2.967361 0.006382 
367 179.257798 266.997741 171.074408 268.870520 174.579846 266.796575 5.310795 4.111613 0.449447 0.042976 2.607345 
370 445.021999 389.082862 417.013249 388.928494 433.005115 357.950968 33.707861 33.707861 -0.000000 1.202418 2.047352 
372 798.148925 780.437123 776.417404 750.094221 804.017495 755.620908 26.810079 26.810079 -0.000000 1.803012 3.339221 
382 477.209240 177.873752 467.981459 183.161698 471.974753 179.762798 6.962259 4.051088 0.289529 5.936847 2.436430 
387 729.525255 67.539834 743.741984 53.707065 884.822745 223.257350 219.730966 219.730966 -0.000000 3.928341 4.018386 
396 -1.567776 163.480288 174.827142 146.421292 101.229664 300.874991 171.181016 171.181016 -0.000000 4.070047 5.157062 
397 107.061430 413.332723 122.941745 413.377927 114.209829 426.226824 14.495640 14.495640 0.000000 4.206179 5.309282 
399 555.131933 69.313987 523.818577 48.291233 582.678386 -3.564463 76.988219 76.988219 0.000000 1.932175 2.419373 
404 546.364433 199.108359 536.962228 199.381048 540.921734 196.925032 5.467103 5.467103 -0.000000 0.381495 2.586392 
415 496.886442 213.668276 488.198932 213.566106 491.675682 209.178282 6.336749 6.336749 -0.000000 0.711234 2.240863 
448 679.228521 335.540414 693.513670 332.720072 690.273003 344.251339 12.728559 12.728559 0.000000 3.809413 4.986355 
449 188.039894 423.191891 205.232069 420.377758 195.710453 421.299051 7.945951 3.571473 -0.047503 2.899659 6.186728 
463 154.369669 265.551671 145.948565 264.987428 149.740491 264.335165 4.808779 4.808779 -0.000000 0.256981 2.971246 
468 535.882976 189.834583 526.478249 191.476545 531.264465 190.629633 4.762593 3.367041 -0.058183 6.112712 2.966457 
471 557.695488 328.090606 573.285354 325.650936 565.105786 326.226758 7.636985 4.220087 -0.097494 2.895183 6.212904 
478 641.691430 317.565760 650.347356 316.682574 646.141644 319.734360 5.230397 5.230397 -0.000000 3.595031 5.655465 
491 168.631509 366.171900 183.873263 361.452698 176.376093 364.445083 8.651713 5.055117 0.109128 2.922210 5.903425 
493 75.001048 378.723244 66.028539 374.832248 70.327019 374.123106 5.275662 5.275662 -0.000000 0.777431 2.978090 
497 458.961313 121.986436 475.972111 117.884348 471.574265 146.420377 26.679311 26.679311 -0.000000 4.235861 4.865301 
500 458.108219 180.457271 448.023309 177.995305 452.551947 176.075163 6.000547 6.000547 -0.000000 0.667799 2.740569 
502 176.112525 255.596327 167.409428 257.234799 171.501691 253.378312 5.974782 5.974782 -0.000000 0.448368 2.385848 
503 206.189915 259.319170 196.590878 258.493500 200.689434 255.435464 6.424371 6.424371 -0.000000 0.614786 2.500576 
505 87.033146 282.780318 45.913082 276.576072 85.414777 151.851870 129.814685 129.814685 0.000000 1.558436 1.877514 
514 526.112000 191.151703 537.005901 187.887512 532.761504 193.925822 6.822490 6.822490 -0.000000 3.536831 5.325066 
528 183.361575 243.442639 174.209491 243.714151 178.470166 241.011661 5.659230 5.659230 -0.000000 0.461236 2.576343 
533 340.070303 361.492653 304.451875 328.615615 320.639550 345.611818 23.165845 8.097164 0.670024 0.685204 3.951351 
554 366.064748 243.117146 384.612717 243.568120 375.571616 249.397199 10.436369 10.436369 -0.000000 3.725370 5.710523 
579 130.433796 483.966239 147.872469 482.352684 137.961798 490.625527 11.471053 11.471053 -0.000000 3.865835 5.587617 
588 112.977288 286.626507 103.731564 285.021517 107.792011 280.783479 6.754183 6.754183 -0.000000 0.844970 2.334797 
593 59.957377 417.836853 75.761760 420.334652 67.033392 425.593421 9.805829 9.805829 -0.000000 3.972841 5.740936 
602 514.872590 195.723532 503.681763 195.669651 507.636926 193.039879 5.694080 5.694080 -0.000000 0.355165 2.554817 
607 267.879487 303.806816 284.959561 301.265171 277.161274 312.436398 12.662831 12.662831 -0.000000 3.890594 5.321818 
612 566.686833 370.885505 570.687608 394.885376 494.219393 395.361831 75.910871 75.910871 -0.000000 5.957459 6.276955 
614 155.419246 446.224585 169.716997 444.223763 160.763896 448.953004 9.538335 9.538335 -0.000000 3.613601 5.797214 
619 613.250545 107.016834 582.949005 116.163161 587.168197 81.584785 36.436548 36.436548 0.000000 0.772775 1.692214 
622 568.464756 182.516280 559.167181 182.889203 563.399715 180.639672 5.208364 5.208364 -0.000000 0.354822 2.653075 
623 398.741815 238.690183 388.936807 239.452077 394.003514 234.325537 6.455009 6.455009 -0.000000 0.744373 2.350325 
643 79.419952 177.566822 70.589402 183.372541 68.754741 168.585788 14.078314 14.078314 0.000000 0.699882 1.447353 
648 573.876110 243.291132 565.978872 247.443643 569.234973 242.695786 5.308601 5.308601 -0.000000 0.127579 2.171931 
652 521.991098 289.926560 512.160736 289.743301 516.056037 285.189950 6.162635 6.162635 -0.000000 0.673565 2.278463 
657 219.860815 356.838569 235.476863 359.591293 228.251397 357.652930 7.892412 4.157209 0.028496 3.238346 0.262097 
675 488.556646 170.511894 499.843869 168.645569 494.795436 172.823416 6.292359 6.292359 -0.000000 3.496419 5.591868 
686 613.651553 373.965588 624.090183 366.865938 619.663874 370.572859 6.542961 3.395871 -0.253828 2.627840 5.586008 
697 367.011083 160.189898 455.996270 157.517564 431.698456 837.599535 680.165069 680.165069 -0.000000 4.617185 4.748102 
707 606.932458 54.985698 611.030256 39.790786 617.830759 51.692186 11.349345 11.349345 -0.000000 2.848115 4.193262 
719 556.720647 293.488596 548.090772 295.029060 551.247555 289.045681 6.445288 6.445288 0.000000 0.681879 2.056273 
736 199.899340 510.277704 216.001099 505.963227 208.434943 518.190952 12.951947 12.951947 0.000000 3.889173 5.266496 
739 499.172628 609.082702 489.331946 625.503309 406.663033 562.133382 103.997400 103.997400 0.000000 0.469636 0.654010 
742 578.079330 231.022273 585.822397 227.293240 582.592789 230.494162 4.434222 4.434222 -0.000000 3.025114 5.502248 
743 400.162888 230.231188 391.859407 230.283897 395.491432 227.217792 5.967332 5.967332 -0.000000 0.572899 2.440484 
791 558.401533 316.254798 549.246454 317.609499 553.195801 313.532691 5.817259 5.817259 -0.000000 0.481804 2.340315 
800 586.122853 240.320275 575.934869 241.499549 579.812928 236.451096 6.235807 6.235807 0.000000 0.550061 2.225824 
821 497.266355 664.759526 483.470100 649.478410 526.569176 625.086712 48.776975 48.776975 -0.000000 2.206969 2.626590 
825 464.435585 202.857719 474.027814 203.272453 469.920891 204.883312 4.875647 4.875647 -0.000000 3.495336 5.909395 
831 593.650217 324.722249 585.056846 326.906438 588.410892 323.342297 5.107920 5.107920 -0.000000 0.257535 2.325835 
836 676.981774 532.465856 696.990271 533.248680 685.897237 575.051202 42.703239 42.703239 0.000000 4.506014 4.971778 
850 214.015116 461.112434 229.840754 463.374689 220.325022 471.674238 11.773977 11.773977 -0.000000 4.173864 5.565948 
851 779.919478 1.037220 798.120315 2.450200 786.226251 37.839984 36.766303 36.766303 -0.000000 4.542671 5.036616 
856 130.277136 275.381353 147.622007 274.347883 140.160171 282.424387 11.618607 11.618607 -0.000000 3.760751 5.458250 
875 644.198922 295.709029 658.040867 285.723246 651.353000 293.311709 8.793295 8.793295 -0.000000 2.818254 5.434787 
884 266.893979 520.673773 282.021792 518.626927 275.873317 531.177283 13.302738 13.302738 0.000000 4.005063 5.167928 
889 528.749856 183.788777 518.172612 184.808980 522.645576 181.825730 5.954810 5.954810 -0.000000 0.311140 2.553393 
916 396.556855 184.128817 376.052047 184.842175 386.235240 174.130075 14.157873 14.157873 0.000000 0.769510 2.330888 
930 191.304328 234.279619 207.146109 231.422193 200.190665 241.769387 12.143564 12.143564 -0.000000 3.841916 5.304217 
938 717.812385 39.234683 745.036280 36.341371 735.207864 91.862268 54.782735 54.782735 -0.000000 4.393155 4.887596 
944 207.058879 231.970912 190.507263 237.822647 199.932105 235.993742 9.417183 6.266617 0.090052 5.769303 2.949923 
945 293.114172 251.711400 285.014698 253.927221 287.018523 248.445376 7.845143 5.062256 0.894654 0.491873 1.921246 
972 474.211721 533.608401 462.047235 536.341740 438.208098 402.736293 135.948795 135.948795 0.000000 1.302332 1.394225 
976 569.003737 194.006838 550.997810 198.176380 558.219505 187.584813 11.918242 11.918242 -0.000000 0.537105 2.169226 
978 528.557184 248.997001 538.034335 246.815693 533.445270 254.410565 7.454208 7.454208 0.000000 3.977956 5.255914 
1033 585.409986 186.432477 576.320717 187.549976 579.794346 183.495642 6.230675 6.230675 -0.000000 0.481858 2.279207 
1034 465.098196 208.141010 448.215193 214.730153 452.748191 200.628115 14.048926 14.048926 -0.000000 0.546523 1.881808 
1043 425.331153 190.479339 416.153239 191.880638 420.581920 190.527284 4.873589 3.580942 -0.254578 6.273090 2.845017 
1051 626.630952 35.171496 638.648370 35.513500 633.352426 38.290306 6.668825 6.668825 -0.000000 3.576033 5.800266 
1054 611.176608 247.203611 601.279191 244.723517 606.755355 245.730758 6.272126 4.338945 -0.387955 0.321568 3.323491 
1059 651.875755 505.712077 667.001894 501.011036 663.393905 517.424097 15.932525 15.932525 0.000000 3.935336 4.928772 
1062 539.583022 191.512312 549.885294 190.534898 544.628704 194.373754 6.238998 6.238998 -0.000000 3.657475 5.652416 
1066 220.172885 274.503885 202.969833 273.016937 210.940282 269.601437 9.427136 9.427136 -0.000000 0.488134 2.736744 
1074 167.320894 62.044845 172.214289 27.029947 374.982925 73.616039 207.642178 207.642178 -0.000000 3.197256 3.367424 
1082 288.334343 261.740627 273.114077 264.787931 277.300504 254.000685 12.657541 12.657541 -0.000000 0.611714 1.940994 
1095 704.034962 306.060280 712.545394 304.624537 709.383305 308.668764 5.389198 5.389198 -0.000000 3.595366 5.375981 
1096 306.983650 313.640998 315.838542 312.103650 311.082949 314.091078 5.008494 5.008494 -0.000000 3.250949 5.887332 
1113 211.040914 212.014780 203.192630 212.850512 206.613476 211.466991 4.863753 4.234104 0.762928 0.123100 2.757266 
1114 263.656163 259.370653 254.882450 259.437756 259.111421 256.136970 5.341036 5.341036 -0.000000 0.618417 2.478845 
1138 530.984750 231.571000 543.153293 233.517601 534.959170 243.520109 12.304145 12.304145 0.000000 4.391288 5.398732 
1163 740.003066 349.644934 746.124659 340.701478 741.963779 345.113588 6.122323 3.778623 -0.731149 1.979171 5.468491 
1174 275.020883 198.053834 290.659184 202.261162 281.570665 205.489880 9.594060 9.594060 -0.000000 3.990275 5.941839 
1175 124.751182 273.628936 118.361798 272.363957 121.615869 271.464564 4.354936 4.354936 -0.000000 0.604200 2.871935 
1177 510.720053 171.442527 500.897071 171.075075 504.701507 167.548151 6.332912 6.332912 -0.000000 0.574307 2.394029 
1181 307.309904 225.034545 307.052499 227.532526 310.977557 224.700164 4.357612 2.994860 0.011260 3.050674 2.516510 
1183 605.886949 273.366373 614.333302 270.790698 610.633254 274.126330 4.859281 4.859281 -0.000000 3.300361 5.549536 
1187 485.930581 215.845808 477.972951 215.366617 480.754406 212.634361 5.396148 5.396148 -0.000000 0.555305 2.365117 
1195 591.833870 298.574923 601.942718 297.202165 598.003089 301.688854 5.769133 5.769133 -0.000000 3.609035 5.432955 
1196 238.726574 211.571075 230.000776 208.999993 234.593285 208.289968 5.368204 5.368204 -0.000000 0.670964 2.988202 
1197 618.374494 222.628800 643.016971 214.320427 641.706404 253.433354 39.092914 39.092914 0.000000 4.064158 4.745884 
1202 164.027658 292.733985 172.299938 294.883027 168.463561 298.170244 5.720984 5.720984 -0.000000 4.027977 5.574725 
1203 172.682998 295.678417 164.996598 297.943197 168.483825 293.251494 5.260283 5.260283 -0.000000 0.524050 2.209980 
1204 633.767489 89.212094 645.999284 80.071963 644.269147 89.646426 10.412442 10.412442 -0.000000 3.182928 4.891163 
1210 781.670566 8.426533 796.557435 17.569041 734.972946 115.554547 116.212731 116.212731 -0.000000 5.123460 5.273506 
1211 534.831524 24.372798 522.210658 15.788720 561.020052 -24.932800 56.379575 56.379575 -0.000000 2.059050 2.332157 
1213 749.711628 402.546892 764.054301 396.888120 761.960083 410.188923 13.445996 13.445996 0.000000 3.699413 4.868557 
