7 79.041218 231.545411 80.907119 232.028884 80.344037 228.276157 5.070386 3.923613 -0.094030 1.950015 1.421861 
11 525.919129 470.903059 454.989182 496.187697 466.784475 417.008033 79.684000 79.684000 -0.000000 0.739075 1.718678 
13 475.773084 334.680952 525.633981 470.576275 457.411321 420.678262 91.026266 85.091669 -0.618535 4.922746 0.631490 
16 387.855682 441.002251 526.702256 368.311075 464.687132 415.729978 77.735470 77.735470 -0.000000 2.823809 5.630384 
17 545.960233 451.983602 340.095055 480.838336 436.414642 415.920705 114.958542 114.958542 -0.000000 0.318030 2.548543 
24 360.393131 568.385527 288.982093 614.943480 273.959359 516.639348 98.681652 98.681652 -0.000000 0.539448 1.419151 
25 484.920293 352.120835 504.187123 378.189492 476.828156 379.096742 27.308978 27.308978 0.000000 5.003824 6.250036 
26 542.153550 428.028143 531.568266 447.514719 519.707212 428.411001 22.521358 22.521358 0.000000 6.266130 1.015168 
29 607.236291 601.231146 449.982215 632.045843 508.867668 512.759095 132.574877 132.574877 -0.000000 0.732480 2.029348 
31 527.930528 506.934704 373.957534 567.653417 405.412579 421.700950 147.596352 147.596352 -0.000000 0.607823 1.783065 
40 175.675897 557.031510 247.196594 405.867194 253.815528 501.094981 97.216246 88.401443 -1.066031 2.520306 4.642994 
43 555.052067 433.008139 527.819326 506.486534 404.072673 417.273935 152.020176 152.020176 0.000000 0.103839 0.624635 
45 357.440624 494.463640 340.183884 357.524977 435.397482 416.117840 111.091433 111.091433 0.000000 2.353706 3.693247 
48 522.074244 152.965271 528.183252 315.394500 366.408219 239.758462 177.798089 177.798089 0.000000 5.774556 0.437343 
51 487.511128 648.754801 406.684688 599.128145 530.104206 487.058179 167.762579 167.762579 -0.000000 1.828359 2.404353 
53 288.566474 692.432743 289.979178 742.666933 277.999182 721.586863 28.899610 28.899610 -0.000000 5.060123 1.054005 
57 535.456370 384.347235 536.652220 420.287423 487.807232 404.026727 51.194268 51.194268 0.000000 5.891515 0.321364 
58 483.691539 310.968550 525.800350 347.152919 433.709931 414.950685 114.729386 114.729386 -0.000000 5.160457 5.648569 
64 418.602217 473.273801 408.893697 450.144834 439.372795 450.978811 30.200823 30.200823 -0.000000 2.320812 3.168948 
65 552.436723 397.955538 475.570335 539.672482 512.197708 466.167778 75.242539 27.998254 -1.085219 5.245356 2.033083 
69 364.776727 328.735053 456.152979 306.575376 435.705975 417.170267 112.043237 112.043237 0.000000 4.036401 4.895207 
70 505.674189 478.194504 527.257459 465.705387 518.063987 483.672639 17.358197 17.358197 -0.000000 3.557898 5.185336 
78 204.077750 177.539885 234.894743 126.188341 439.165174 283.069213 257.747340 257.747340 0.000000 3.563526 3.796518 
82 527.345818 315.054900 522.894836 324.952708 479.273779 298.316582 51.311362 51.311362 -0.000000 0.335064 0.548196 
88 233.716127 612.495430 181.060689 571.887433 269.546277 509.546094 107.598219 107.598219 0.000000 1.905721 2.527828 
91 460.128461 341.271549 484.838172 350.271050 460.611728 377.650927 36.120518 36.120518 -0.000000 4.699106 5.436757 
92 458.399809 306.908039 488.082071 317.775848 435.117059 417.764895 112.450437 112.450437 -0.000000 4.919405 5.199520 
95 204.696963 302.330170 195.106257 264.479846 395.456078 236.108034 201.464471 201.464471 0.000000 2.807459 3.000917 
97 484.227182 407.168960 507.357027 403.412823 496.899865 411.893328 13.420896 13.420896 -0.000000 3.498433 5.601788 
106 520.094081 345.209077 541.733080 379.145152 373.789342 457.614659 184.898303 184.898303 0.000000 5.628076 5.846090 
108 560.771916 399.382638 623.805516 461.103463 504.531539 523.699600 135.391513 135.391513 -0.000000 5.137233 5.799888 
110 533.883844 469.910614 483.941177 507.134130 461.277986 431.201661 81.143832 81.143832 0.000000 0.489805 1.280748 
114 488.144853 317.799676 514.714477 337.011912 427.756319 424.388622 122.082215 122.082215 -0.000000 5.227854 5.495386 
122 320.034332 421.002608 341.383176 349.209037 451.291955 421.070393 131.188851 131.188851 -0.000000 3.142109 3.720654 
126 516.045892 395.050558 520.415564 375.433990 525.149595 385.526112 10.945385 10.945385 -0.000000 2.333612 4.273780 
132 475.287339 393.600926 499.024669 378.512339 497.281382 401.780464 23.782159 23.782159 0.000000 3.497641 4.787171 
134 415.984525 387.234078 441.001678 353.790487 433.218171 372.461960 22.549833 13.945872 -0.810764 2.432952 5.107350 
138 424.042209 611.954731 406.427707 593.619547 482.999373 538.215809 94.347402 94.347402 -0.000000 2.245256 2.515233 
170 616.458062 440.535015 651.062417 544.384049 513.517647 530.651175 136.867193 136.867193 -0.000000 5.564117 0.099513 
177 254.647167 380.352197 207.515294 319.724865 363.310417 245.620228 172.425079 172.425079 0.000000 2.249497 2.697611 
190 435.632530 481.217066 434.919700 445.976323 464.418662 465.761364 34.311680 34.311680 0.000000 2.648851 3.732384 
205 340.533841 480.276383 323.806783 444.074549 433.965792 416.829355 112.892615 112.892615 0.000000 2.545051 2.899132 
240 466.951930 550.865657 431.104397 562.359663 382.130730 357.296221 210.893998 210.893998 0.000000 1.157803 1.336365 
295 371.627853 581.894877 265.920467 622.084004 291.482295 526.971146 96.262890 96.262890 0.000000 0.600792 1.833345 
306 536.580527 367.771789 546.565186 393.170930 450.348741 414.453812 97.620751 97.620751 0.000000 5.787003 6.065493 
314 546.800014 199.345801 534.864047 346.470287 374.183435 258.986401 181.812116 181.812116 -0.000000 5.950517 0.498579 
337 508.946303 448.511031 499.958934 428.985157 514.230668 431.610934 21.528668 12.028197 -0.710537 1.873847 3.323542 
340 648.850755 544.165207 623.509382 609.755175 539.268740 533.240654 111.248716 111.248716 0.000000 0.099365 0.737374 
368 494.000878 448.895326 504.656512 461.041438 491.499598 471.745099 23.635904 11.993783 -1.277164 4.821421 5.600243 
374 480.999260 377.000423 480.336636 355.285136 524.001144 375.531042 50.037041 22.804744 0.281611 3.107436 3.575756 
