1 579.309617 251.497495 516.228028 212.629914 932.555167 -383.841679 726.520333 726.520333 0.000000 2.078231 2.180167 
5 566.179823 275.280559 506.573908 237.103946 863.881350 -252.548570 605.386861 605.386861 0.000000 2.084333 2.201189 
6 569.340377 298.467056 498.813336 248.240088 798.342539 -95.843931 455.714590 455.714590 0.000000 2.096953 2.287079 
7 322.266557 402.078884 544.912604 405.784041 430.149431 634.538080 255.971226 255.971226 0.000000 4.277877 5.177386 
10 723.057227 204.109604 750.042570 201.868657 737.688960 219.641756 21.195618 21.195618 0.000000 3.956833 5.319801 
15 410.497028 778.258656 417.551578 753.433123 421.962541 769.567977 14.767506 14.767506 -0.000000 2.493001 4.445529 
20 552.378104 798.065864 557.487131 768.736466 616.957453 793.585245 63.438602 63.438602 -0.000000 3.072322 3.537379 
21 423.689810 -0.558557 193.868996 282.357736 285.000040 120.856666 183.496643 183.496643 -0.000000 5.564104 2.084533 
23 555.605397 797.945792 590.305401 775.365846 691.162208 998.447098 262.482233 52.441974 1.066099 4.117891 4.287783 
25 652.730542 543.766759 646.955717 581.965876 648.346914 562.557728 18.487144 7.306311 -1.438526 4.941574 1.642355 
26 271.011193 533.007609 235.933453 555.816511 250.100926 541.747417 21.698825 8.727461 -0.444537 5.887286 2.359679 
28 408.843636 735.594976 387.538900 735.224332 398.778565 720.231008 18.417329 18.417329 -0.000000 0.990838 2.214070 
32 590.473984 261.955295 512.388879 220.021404 816.091046 -228.816004 541.002476 541.002476 0.000000 2.001703 2.165673 
37 430.949878 799.063078 410.315713 778.680392 475.176664 732.976668 78.531657 78.531657 -0.000000 2.160569 2.527758 
52 236.889957 554.899883 224.589076 547.304402 235.924053 543.656496 11.550047 11.550047 -0.000000 1.485098 2.830233 
54 585.683616 274.513003 543.487714 255.114322 643.960147 94.311942 188.670295 188.670295 0.000000 1.883578 2.129266 
55 283.765062 555.151599 280.292908 536.898966 294.659854 542.595476 16.250050 16.250050 -0.000000 2.285470 3.519079 
72 251.942258 728.081338 275.494768 760.223726 250.465587 746.094661 29.151738 15.624519 0.458382 4.794183 0.513910 
80 527.200344 604.755584 512.943227 593.069263 541.647013 573.867735 33.454820 33.454820 -0.000000 2.008283 2.552008 
81 676.654873 212.687395 661.149007 107.849074 690.799499 156.058815 57.830366 54.320269 1.523476 1.815567 4.160990 
82 458.941710 393.355405 492.817507 428.462357 365.918787 448.481617 139.422836 39.209218 -0.285883 5.748218 6.126717 
83 429.824059 559.511430 416.215839 537.116457 449.249001 532.561721 34.708725 34.708725 0.000000 2.195336 3.004573 
86 227.152055 522.369556 268.216121 528.628958 247.619094 527.105708 21.039726 8.058926 0.260761 3.368994 0.073820 
89 660.994926 106.439860 743.530635 184.910212 687.068914 165.242731 66.658437 59.028581 -1.428448 4.295026 0.335189 
97 304.983994 517.952490 325.365800 511.085769 332.287552 569.202073 57.675425 57.675425 0.000000 4.222881 4.593846 
98 562.476972 278.837082 529.055979 260.895722 651.611419 83.566452 214.806067 214.806067 -0.000000 1.999015 2.175536 
104 480.419863 544.259846 467.478783 536.918825 488.321693 510.974448 33.031089 33.031089 -0.000000 1.803878 2.247588 
105 558.684942 768.755124 569.994129 763.934285 567.976339 776.178270 12.135604 12.135604 0.000000 3.815679 4.875719 
108 459.067427 391.193461 494.340238 397.900640 457.664214 485.297112 94.138548 94.138548 -0.000000 4.727299 5.109720 
111 198.325181 652.935797 209.233046 583.563633 207.468000 622.065295 39.439048 14.213850 1.498773 1.858733 4.758200 
113 723.276319 205.745493 677.927166 210.308493 694.563431 153.161620 59.633075 59.633075 -0.000000 1.070999 1.854081 
114 491.438205 433.252146 451.241512 398.955348 472.031078 415.270411 28.799048 16.227861 1.064789 0.747293 3.806979 
115 325.053297 394.391013 254.858397 363.147502 322.604778 307.012833 87.331550 87.331550 -0.000000 1.542782 2.449654 
116 527.763283 488.143521 532.050660 465.088894 538.532729 481.070766 20.538974 12.639776 0.764021 2.560492 4.327074 
126 223.355808 528.075534 271.360758 529.607279 247.313605 530.555813 24.642880 14.412785 0.275948 3.244752 6.243761 
130 248.042632 310.586548 223.029407 312.404586 234.205740 274.090531 38.115128 38.115128 -0.000000 1.208406 1.854624 
134 290.501217 774.230371 321.029313 739.941957 306.037664 758.552679 22.872979 16.456861 -1.001170 2.351669 5.390498 
153 257.001483 775.901962 235.717626 731.989915 247.896255 753.417722 24.189167 10.850643 1.255000 1.186021 4.195562 
166 422.850405 45.365088 414.470943 34.141594 447.112764 15.885007 37.156968 37.156968 -0.000000 2.259410 2.631637 
167 299.081681 104.920717 312.589591 132.090172 289.669388 128.513253 23.842153 23.842153 0.000000 5.091992 0.154811 
171 188.251095 58.602087 159.781152 70.475237 140.287275 -16.870394 88.692173 88.692173 -0.000000 1.004672 1.351214 
172 578.778462 708.490534 623.515478 714.807656 596.433610 719.555473 27.380042 17.271371 -0.274132 3.701432 6.109635 
174 530.025715 280.899427 483.778899 267.298872 519.502716 233.404155 48.412927 48.412927 -0.000000 1.352760 2.382462 
177 554.708623 412.023144 598.918948 800.438767 429.073951 622.385194 244.551111 244.551111 -0.000000 5.250770 0.808989 
183 246.399699 770.255622 237.820203 733.046966 280.814894 740.640072 43.488972 43.488972 0.000000 2.431013 3.316396 
190 375.718309 292.976987 342.117152 308.530916 330.472703 236.434846 73.037862 73.037862 0.000000 0.895927 1.410666 
204 554.954466 115.126237 591.017684 125.966554 532.126360 249.319259 136.958299 136.958299 0.000000 4.880890 5.157812 
216 174.317234 313.497573 193.851498 331.158482 144.519226 371.943427 63.716718 63.716718 0.000000 5.183877 5.592351 
218 158.369573 252.687801 106.556422 152.613588 270.588507 131.577307 164.345779 164.345779 -0.000000 2.318106 3.014044 
236 277.867168 385.179171 257.139308 369.812094 476.536102 96.753621 350.048566 350.048566 0.000000 2.173969 2.247655 
241 321.945035 400.631090 267.979845 387.045765 322.991315 279.918552 120.520893 120.520893 0.000000 1.579464 2.045198 
242 611.051324 686.972948 576.337282 666.792148 604.097583 658.479227 28.982219 28.982219 0.000000 1.331430 2.850637 
245 529.976083 282.763146 493.155625 276.676338 520.149456 231.827149 52.059491 52.059491 -0.000000 1.380217 2.112597 
248 483.003233 128.006311 540.998978 114.720390 540.308340 248.633891 134.160896 134.160896 -0.000000 4.268893 4.717546 
250 255.409435 591.699574 261.586709 628.915047 230.890750 616.362021 33.378424 33.378424 -0.000000 5.494864 0.388196 
261 254.766836 -0.326295 228.829500 17.789361 187.840457 -75.330056 100.301825 100.301825 -0.000000 0.842248 1.156141 
263 403.947760 0.329000 417.834843 23.956412 400.823017 16.685062 19.343309 19.343309 0.000000 4.901159 0.403926 
282 266.376460 457.275838 280.325451 438.238463 343.114642 496.278032 85.221536 85.221536 0.000000 3.611819 3.887702 
294 315.757551 130.443546 335.892081 127.307192 330.349690 167.102471 38.903398 38.903398 -0.000000 4.333564 4.850771 
297 599.960954 149.002665 596.718489 163.080988 586.315296 154.479609 14.401081 14.401081 -0.000000 5.901499 0.690871 
301 358.071285 595.048659 333.119156 583.737154 395.402890 486.611377 114.631080 114.631080 -0.000000 1.902357 2.141009 
302 400.220043 243.212995 353.363609 281.634189 295.213860 159.414715 134.075211 134.075211 -0.000000 0.673540 1.126711 
305 489.989679 121.976925 517.900340 113.509133 522.146036 183.576621 69.689359 69.689359 -0.000000 4.231280 4.651869 
309 303.960517 395.186805 277.972386 385.056918 352.111940 254.099641 150.200995 150.200995 -0.000000 1.899689 2.085943 
314 277.984070 387.026619 250.246039 367.974677 312.846596 309.780316 84.458670 84.458670 0.000000 1.994744 2.392655 
332 150.508534 202.694866 155.035851 179.016518 165.886929 195.346597 18.095261 18.095261 -0.000000 2.695837 4.125899 
339 408.390251 220.135624 446.033611 175.439725 433.889355 223.871344 49.674553 24.363865 -1.477289 3.287062 4.958074 
340 449.599767 646.068592 451.642212 629.476617 456.179005 637.452503 9.003979 9.003979 0.000000 2.222944 4.195216 
355 199.563480 301.832046 198.075695 293.079887 201.087257 297.507022 5.268186 5.268186 0.000000 1.909533 4.115041 
358 337.213900 131.398172 317.524107 141.975618 305.863088 97.272927 45.379861 45.379861 0.000000 0.827746 1.315626 
359 446.799212 188.563447 415.435557 224.551085 376.021537 161.287618 74.356529 74.356529 -0.000000 0.367834 1.013626 
368 250.170293 454.036679 322.169144 402.291553 416.390319 605.360500 223.414650 223.414650 -0.000000 3.880114 4.277965 
369 417.471161 561.841777 409.086808 580.060615 384.336509 557.294845 33.532495 33.532495 -0.000000 0.136374 0.743657 
371 303.173718 711.849241 321.367246 732.813452 266.801699 762.530310 61.219898 61.219898 0.000000 5.334872 5.784491 
384 328.489622 169.468926 314.700799 155.290990 358.187521 127.044501 51.314750 51.314750 -0.000000 2.181535 2.565539 
389 415.123770 224.450686 409.061527 220.731890 413.024807 221.233968 4.216566 4.216566 -0.000000 0.992654 3.267604 
399 706.061764 217.477720 680.902807 213.536874 703.681718 -244.711649 459.817282 459.817282 0.000000 1.565647 1.620464 
408 542.335955 699.165210 532.663374 718.834460 500.251031 687.814398 43.497391 43.497391 -0.000000 0.263443 0.763453 
422 99.849915 172.721859 105.246226 155.062476 191.979993 200.528756 97.289963 97.289963 0.000000 3.434720 3.624416 
426 277.775931 526.992898 278.664509 498.957672 345.304227 514.771343 67.515369 67.515369 -0.000000 2.962547 3.374584 
430 346.661543 271.332543 355.042048 267.082922 359.164909 285.926158 19.145312 19.145312 0.000000 4.003978 4.496986 
442 398.571979 756.821169 410.403835 748.579771 429.634305 787.758344 43.229409 43.229409 0.000000 3.924972 4.256095 
445 327.466177 175.601163 313.997128 159.858007 363.507983 130.398432 57.135162 57.135162 0.000000 2.243911 2.604849 
460 401.299405 387.911764 407.664337 409.509514 361.397398 412.729824 45.627743 45.627743 -0.000000 5.726764 6.213695 
462 489.561203 563.771563 500.125381 569.779535 473.100047 607.697939 46.424793 46.424793 0.000000 5.070935 5.331603 
466 299.019775 327.934095 338.029611 352.127392 285.128240 389.848746 63.716957 63.716957 0.000000 4.933100 5.663754 
472 437.912071 489.763216 411.339307 482.306058 436.467932 449.480412 40.249735 40.249735 0.000000 1.534962 2.224155 
474 576.154146 652.729534 550.991769 654.055015 562.260114 619.793801 35.494696 35.494696 0.000000 1.171594 1.888547 
507 417.023084 510.813834 411.121603 530.045886 387.729226 513.028752 28.493989 28.493989 -0.000000 6.207719 0.628922 
515 526.053325 452.900001 511.494365 440.583519 536.189147 426.934738 27.804997 27.804997 -0.000000 1.942966 2.636680 
518 565.275476 607.781659 579.439273 625.651835 534.437564 645.817190 48.316186 48.316186 0.000000 5.393660 5.861911 
525 245.438687 498.366071 267.881840 490.656046 274.009436 548.556550 57.207716 57.207716 0.000000 4.194889 4.606952 
527 597.196856 538.032174 600.166297 519.863740 688.240408 547.839059 91.735103 91.735103 0.000000 3.248895 3.449148 
529 550.040624 669.115184 538.113472 673.321735 534.748195 644.596470 28.528100 28.528100 -0.000000 1.013129 1.454174 
531 301.849265 279.396588 302.844146 287.835300 300.366150 284.513798 4.588026 4.588026 -0.000000 4.994488 0.929830 
532 346.509306 712.956913 334.310867 732.197093 298.736764 696.143478 49.842007 49.842007 -0.000000 0.338409 0.792093 
547 412.948512 479.184283 440.963137 477.415990 431.365331 544.290711 66.629245 66.629245 -0.000000 4.436719 4.854935 
557 403.790277 521.146380 414.790227 505.557610 434.205868 532.210899 31.689259 31.689259 0.000000 3.490489 4.082822 
563 437.910301 422.660474 420.131177 423.668384 425.628188 400.229444 25.015285 25.015285 -0.000000 1.069836 1.801158 
579 427.258551 529.673844 414.791768 534.457301 411.277236 506.459413 27.701281 27.701281 -0.000000 0.967883 1.445921 
590 172.477342 244.958177 151.171779 229.838905 181.894126 201.301004 43.095080 43.095080 0.000000 1.783240 2.393040 
592 250.130549 479.221007 269.948429 481.081465 260.542353 503.899609 25.903450 25.903450 0.000000 4.313150 5.103385 
616 239.295010 495.090016 266.897048 487.619609 272.088545 564.260521 75.748735 75.748735 -0.000000 4.269678 4.644754 
619 539.124624 695.875587 527.774191 677.093115 548.556646 678.663351 19.282251 19.282251 -0.000000 2.072090 3.217005 
622 353.962743 383.698047 365.981877 384.339550 357.503449 430.872142 47.257324 47.257324 0.000000 4.637473 4.892616 
626 566.815886 600.117982 582.247985 624.200283 517.272136 648.964079 68.577130 68.577130 -0.000000 5.504878 5.919057 
636 635.919919 530.066293 650.985191 562.143991 609.240053 565.608372 43.346358 43.346358 0.000000 5.356310 6.200386 
652 644.206935 160.254500 677.636748 108.094504 694.372310 154.463598 48.810668 48.810668 0.000000 3.026665 4.366019 
673 414.883996 557.116093 404.712538 539.095116 424.139202 540.980495 18.411872 18.411872 0.000000 2.091570 3.238341 
676 219.544178 575.224361 218.119743 565.981546 246.832530 566.356040 28.726794 28.726794 0.000000 2.827374 3.154635 
681 219.399637 559.412119 229.747631 574.486789 164.121832 603.417161 70.708576 70.708576 0.000000 5.610845 5.867976 
688 215.733835 574.013406 215.989842 559.999814 237.608487 567.065359 22.111783 22.111783 -0.000000 2.834041 3.457476 
691 627.250744 310.825983 578.721397 305.360698 606.797242 261.455757 52.710782 52.710782 0.000000 1.178034 2.139733 
692 565.629644 444.729037 551.459689 456.007706 545.965796 432.489927 23.482674 23.482674 -0.000000 0.556740 1.341306 
705 106.687699 152.121824 155.247406 -0.653459 288.504743 125.669347 183.289666 183.289666 0.000000 2.997117 3.900283 
707 194.878797 280.822474 158.182301 253.435588 266.354487 145.902256 151.661711 151.661711 -0.000000 2.057970 2.359156 
711 136.529295 180.356524 121.098849 167.664105 237.005306 50.187132 164.436142 164.436142 0.000000 2.228158 2.349465 
714 719.971786 133.430067 726.278821 119.794757 726.550693 128.788595 8.633333 8.633333 -0.000000 2.527180 4.682170 
725 416.935699 561.105665 404.482852 548.735397 428.012305 536.718596 26.798432 26.798432 -0.000000 1.997137 2.669411 
729 248.004809 593.015041 230.890131 590.340818 243.268147 576.268238 17.902487 17.902487 -0.000000 1.295156 2.292217 
749 250.985138 386.067906 226.976520 364.017192 270.622305 343.386241 47.616503 47.616503 0.000000 2.002005 2.700030 
756 260.576213 799.211660 239.804878 466.172780 428.867666 621.242266 244.012316 244.012316 -0.000000 2.328252 3.828530 
758 471.603993 231.825684 445.787212 219.443667 506.805156 129.511585 107.800451 107.800451 -0.000000 1.902161 2.166939 
764 207.963357 525.979603 437.000858 382.384301 427.333957 620.589100 238.143713 238.143713 -0.000000 3.548768 4.752949 
774 150.697804 164.444475 137.410677 179.507408 115.519196 143.995478 41.121983 41.121983 0.000000 0.526549 1.018366 
775 346.739896 742.547504 361.691022 749.650379 336.846370 783.891686 41.875055 41.875055 0.000000 4.947269 5.340074 
776 110.697991 157.003026 136.041805 32.018917 295.619429 128.746283 185.600954 185.600954 -0.000000 2.989962 3.686519 
781 173.907299 241.976509 189.166383 236.504037 184.993370 250.152293 14.661438 14.661438 0.000000 3.777034 5.009117 
831 237.998385 358.950330 210.933760 352.103099 234.358079 325.092495 35.367609 35.367609 -0.000000 1.463690 2.285207 
846 620.180468 589.579050 611.129207 585.698620 620.240526 575.459175 13.330419 13.330419 0.000000 1.575050 2.297962 
853 193.307300 249.190959 185.031443 247.990758 190.757389 242.543261 13.493550 4.723871 -1.295179 1.204526 2.381110 
864 639.145928 290.813310 629.002426 262.761010 829.375711 236.809816 201.213556 201.213556 -0.000000 2.864984 3.012795 
866 251.956789 661.225234 268.908416 664.477377 254.096268 707.716326 45.419556 45.419556 -0.000000 4.666402 5.042425 
870 189.197687 646.033354 200.951503 545.248213 424.931214 623.115218 236.599869 236.599869 0.000000 3.044677 3.476174 
887 437.072718 382.023526 525.149351 400.558789 431.528846 625.682582 243.475186 243.475186 -0.000000 4.735138 5.106495 
888 279.751056 536.729347 290.125783 528.168057 293.693749 542.718470 14.914451 14.914451 -0.000000 3.547313 4.471920 
897 209.396629 721.833115 191.001703 662.999564 430.502591 622.335751 242.429959 242.429959 -0.000000 2.718740 2.973411 
908 309.728966 495.186253 299.221367 500.351847 303.599503 495.662489 6.543200 6.543200 -0.000000 6.205645 2.321885 
927 564.809064 295.333965 579.594350 303.587962 513.549933 401.717722 117.745902 117.745902 0.000000 5.161397 5.304785 
930 569.933973 281.268675 555.119862 275.733948 625.717179 134.336540 157.896894 157.896894 -0.000000 1.933640 2.033870 
