5 164.556514 330.308939 400.091143 523.533824 366.670447 373.652998 211.800099 152.258370 -0.020400 3.352846 1.351404 
8 232.498101 343.568857 308.038127 305.105457 469.525380 729.068950 454.859489 454.859489 -0.000000 4.161117 4.348457 
9 592.389190 381.844010 580.058565 437.727542 368.952855 356.980108 225.310765 225.310765 -0.000000 0.110824 0.365328 
10 192.314249 387.685298 232.167621 342.394506 377.053510 517.248635 226.924885 226.924885 0.000000 3.753211 4.020445 
40 575.026515 482.146609 568.067054 511.482010 462.104959 464.861533 115.711881 115.711881 -0.000000 0.151893 0.414484 
63 580.519996 324.763123 591.448462 370.114345 463.934733 380.064846 129.109423 129.109423 -0.000000 5.840271 6.205308 
65 390.213734 213.523495 458.989076 227.040135 367.946188 503.706472 290.803343 290.803343 -0.000000 4.788975 5.030299 
82 677.530114 701.418004 704.309846 668.247014 1071.914542 1003.131375 496.607135 496.607135 0.000000 3.794640 3.880447 
91 586.308219 347.915263 401.863513 532.013443 417.430001 395.156465 173.582775 132.004073 -0.299703 6.010422 1.684052 
97 227.208395 355.222252 312.168235 310.518467 357.589543 500.882437 195.328720 195.328720 -0.000000 3.982285 4.478166 
104 541.097117 553.096467 460.193312 605.549485 391.787964 412.014972 205.634267 205.634267 -0.000000 0.757073 1.231049 
167 98.114400 398.112495 113.987231 381.970787 229.375027 507.516611 170.602767 170.602767 -0.000000 3.836422 3.969127 
231 367.122652 658.375556 341.154261 662.671685 303.857506 372.963204 291.685367 291.685367 0.000000 1.352661 1.442762 
242 401.015289 529.586353 237.107817 497.646548 369.784647 246.716583 283.967418 283.967418 0.000000 1.460835 2.057171 
273 198.270048 384.235260 212.069870 367.065513 280.211273 432.011527 94.336561 94.336561 0.000000 3.669460 3.902986 
274 399.004177 520.036022 340.005136 520.273903 369.595947 230.825349 289.809625 289.809625 0.000000 1.469460 1.672674 
285 156.137607 405.410272 161.273643 329.681110 266.449355 374.480931 114.615945 114.615945 -0.000000 2.868230 3.544270 
294 563.109363 298.924436 579.458660 329.216918 424.603300 393.398067 167.832983 167.832983 0.000000 5.684581 5.890277 
303 157.288212 426.605257 161.409234 314.768318 260.017599 375.466804 114.347255 114.347255 -0.000000 2.679708 3.693368 
