14 327.206846 272.353516 334.279677 301.981867 290.832332 296.021777 43.198885 43.198885 0.000000 5.706330 0.136329 
21 53.442527 463.770889 44.399417 433.832745 149.690268 406.579558 111.667970 111.667970 0.000000 2.605442 2.888314 
22 397.007406 612.769397 204.675332 582.958682 389.997217 24.050983 589.634060 589.634060 0.000000 1.558889 1.890967 
39 582.854847 336.823283 565.329874 348.567765 529.858908 276.718944 80.140918 80.140918 -0.000000 0.848166 1.112210 
49 132.707011 69.997641 156.421283 64.498749 161.415405 97.331903 38.950558 38.950558 0.000000 3.902476 4.561440 
50 328.786871 131.159490 409.301724 105.259778 409.325546 142.827961 86.066151 34.864681 0.332091 3.285472 4.711755 
55 336.878373 330.853360 324.855324 340.825571 314.978857 318.259713 23.952055 23.952055 -0.000000 0.521883 1.158241 
65 216.947499 584.133466 31.855330 400.127135 198.318939 456.240665 179.876671 110.785041 0.516771 1.426156 3.466722 
66 663.248730 263.763797 716.036747 328.334928 548.282695 416.866239 189.281099 189.281099 0.000000 5.356472 5.797589 
67 637.887174 298.048379 706.852538 464.908506 630.503499 379.934327 115.257072 62.884673 0.919298 4.802316 0.838812 
71 326.547631 265.825995 339.950851 230.981095 693.980138 401.732309 392.167318 392.167318 -0.000000 3.495868 3.590987 
86 325.420211 133.172944 322.235730 104.083667 394.690644 113.957464 71.352744 71.352744 0.000000 2.870998 3.277033 
89 32.362291 400.025890 42.153005 343.455498 185.395112 397.164437 152.830253 152.830253 0.000000 3.122897 3.500321 
94 526.012933 281.973567 585.854963 311.252580 380.902144 641.317937 387.111678 387.111678 0.000000 5.096185 5.268068 
97 464.785748 426.057754 463.371661 402.117120 486.632565 411.790179 25.100729 25.100729 0.000000 2.563060 3.535688 
102 369.588751 36.890871 295.757724 0.491423 419.121775 -158.863555 198.836370 198.836370 -0.000000 1.818631 2.229573 
108 394.920687 580.659402 425.875507 575.389404 420.690101 644.809631 68.925647 68.925647 0.000000 4.330414 4.786946 
114 591.206864 571.507002 557.162275 585.397717 402.883743 162.803367 449.490486 449.490486 -0.000000 1.139013 1.220756 
122 593.176628 421.972395 580.888769 433.460415 583.154274 427.168032 11.030364 5.214922 -0.391045 5.804922 1.916387 
126 309.037819 341.405437 279.907056 373.920271 212.026774 282.464332 112.926923 112.926923 -0.000000 0.545968 0.932294 
132 587.606921 313.515258 544.189325 580.388341 407.278377 436.381691 256.977980 169.858386 -0.006618 5.685088 0.810652 
133 518.083057 369.259159 541.632782 372.492701 528.410537 382.699185 16.338965 16.338965 -0.000000 4.057208 5.625804 
134 717.882759 458.258274 680.431192 509.377254 492.858547 334.379605 256.188257 256.188257 0.000000 0.503237 0.750729 
139 377.247547 512.610140 349.271904 492.809513 417.808940 421.168530 100.445292 100.445292 -0.000000 1.988296 2.334055 
141 469.009205 112.044830 409.658523 104.907399 456.581447 1.794219 113.168077 113.168077 0.000000 1.458547 1.997852 
147 513.458398 305.645990 521.950591 327.992133 498.450983 324.690044 23.882999 23.882999 0.000000 5.379793 0.139603 
151 479.528100 412.269103 515.023511 407.244464 497.390184 410.450063 19.622234 15.379151 0.291005 3.040105 6.103357 
156 91.810120 181.334587 109.237674 122.109426 193.135770 181.135323 101.162308 101.162308 -0.000000 3.139626 3.754692 
163 680.212276 509.243547 603.368635 565.586341 452.272157 275.795944 326.110454 326.110454 0.000000 0.797334 1.090176 
167 291.688171 486.033407 274.469648 472.399678 307.880668 447.227783 41.858651 41.858651 0.000000 1.966103 2.495918 
171 548.337185 287.386224 658.047491 490.538140 442.162369 428.698466 228.822079 163.248597 0.086441 5.356753 0.278977 
172 424.521048 203.632961 399.503188 223.393992 413.239465 213.782961 22.854427 15.137431 1.354601 5.550538 2.531080 
175 68.746336 94.609178 94.034162 93.897653 81.406534 113.817186 23.363601 23.363601 0.000000 4.129636 5.277385 
176 110.147942 370.371192 207.903363 290.826438 286.143415 491.391260 213.882982 213.882982 0.000000 3.743969 4.340447 
178 563.076616 347.161926 535.906298 356.697762 504.854768 224.536040 135.735224 135.735224 0.000000 1.127517 1.340031 
180 597.856065 349.116168 556.936713 549.917522 441.422498 434.085431 194.217295 141.338441 0.002669 5.785605 0.786772 
182 399.447893 224.656613 368.009488 206.994255 388.945173 160.832544 69.230536 25.978390 -1.562529 1.407701 1.996581 
186 600.486548 345.585841 636.409163 471.129359 523.283184 437.463622 118.767793 118.767793 -0.000000 5.411215 0.289249 
189 290.148691 375.234023 262.983838 386.537598 266.010147 362.375688 24.542705 24.542705 -0.000000 0.489456 1.695399 
192 173.412509 39.418317 187.523758 25.502975 203.522055 52.905083 32.047424 32.047424 -0.000000 3.562718 4.183941 
194 193.022304 76.077529 205.085637 68.294250 203.438661 79.234453 11.176967 11.176967 -0.000000 3.435867 4.861810 
196 406.436523 350.941472 408.204789 333.917403 438.436451 345.955059 31.774377 31.774377 -0.000000 2.987010 3.520529 
207 29.030408 399.999178 45.812456 324.516462 186.883552 398.351538 158.656657 158.656657 -0.000000 3.131155 3.623776 
226 437.120608 273.398628 453.080338 276.599422 432.648897 333.205740 59.705938 59.705938 -0.000000 4.787019 5.058776 
232 391.980638 594.993922 268.930160 580.323190 375.197352 241.163222 354.276138 354.276138 0.000000 1.523399 1.874432 
235 268.972599 580.076200 200.946455 551.094064 349.557147 300.981088 290.283415 290.283415 0.000000 1.851887 2.106921 
236 505.052945 438.230786 466.126505 425.111849 491.908201 401.033502 36.647738 36.647738 -0.000000 1.231114 2.390344 
240 544.911875 370.175723 563.159838 389.677166 534.482324 397.843173 29.802793 29.802793 -0.000000 5.072878 6.005775 
244 346.018751 201.004295 360.010731 149.003413 734.467876 279.143842 396.300860 396.300860 0.000000 3.340101 3.476078 
249 398.010849 576.167666 216.768476 536.217749 368.230171 276.317898 301.168357 301.168357 0.000000 1.471802 2.098450 
251 395.996392 600.106317 252.558706 579.659597 383.326808 167.357021 432.400797 432.400797 0.000000 1.541528 1.877926 
254 333.015317 257.717303 500.413655 273.989765 375.822854 708.999350 451.713916 451.713916 -0.000000 4.617814 4.991331 
256 255.105844 155.467112 117.110276 132.889564 199.603092 35.257549 130.771586 130.771586 0.000000 1.138242 2.272343 
284 654.367163 318.674319 693.215111 370.868572 559.152505 432.811451 147.214767 147.214767 0.000000 5.407646 5.850361 
286 395.963594 608.452587 411.603994 611.621392 402.384828 623.809786 15.369026 15.369026 0.000000 4.316356 5.359967 
297 594.538938 483.003939 544.961951 531.950503 477.335875 409.931320 138.618873 138.618873 -0.000000 0.557498 1.064715 
305 91.134467 357.478562 74.672958 384.802975 -396.116365 66.929597 567.483903 567.483903 -0.000000 0.537696 0.593882 
309 -0.760554 127.238336 10.299715 162.532820 -104.712241 182.450858 116.066364 116.066364 0.000000 5.794940 6.111704 
316 514.895205 296.206297 565.137898 321.728536 415.487273 553.204817 274.645400 274.645400 -0.000000 5.081468 5.286303 
326 452.055357 192.778388 430.067001 206.877296 436.412152 191.211192 22.972663 14.164916 1.057926 0.099851 1.955626 
333 386.986480 50.383562 373.119988 86.046653 115.520448 -41.002982 286.436921 286.436921 0.000000 0.324724 0.458198 
340 458.709197 280.197998 486.269902 286.888104 380.971609 631.241219 359.649940 359.649940 -0.000000 4.930319 5.009145 
343 342.953597 315.821493 361.968441 310.878597 362.122592 340.175534 28.900225 28.900225 0.000000 4.045565 4.707127 
354 580.005996 363.027433 550.044290 367.711148 558.320294 314.655069 52.791064 52.791064 -0.000000 1.149351 1.725535 
365 629.642791 362.199066 653.706226 457.137007 538.454335 437.434545 116.904372 116.904372 0.000000 5.593353 0.169315 
372 349.005389 271.557224 433.046405 275.578255 377.028430 644.374402 372.854602 372.854602 -0.000000 4.637364 4.863131 
382 326.871750 309.222781 313.904235 338.946853 251.484794 290.146698 78.352950 78.352950 0.000000 0.247840 0.663551 
386 68.879633 87.974387 55.723028 82.525846 63.464890 78.217630 9.963949 9.963949 -0.000000 1.064143 2.633786 
401 505.796911 290.544395 572.679543 322.756363 432.171465 519.453675 240.511101 240.511101 -0.000000 5.023575 5.332672 
402 591.203461 296.704138 650.775451 346.224698 523.848027 439.532593 156.422795 156.422795 0.000000 5.153045 5.649270 
405 685.492717 414.961604 684.280167 465.049128 564.100253 439.312839 123.161318 123.161318 0.000000 6.085214 0.210962 
418 549.709425 282.584683 625.899747 326.674638 305.614348 781.834467 556.169890 556.169890 0.000000 5.167136 5.325578 
419 381.688307 421.967206 393.898271 406.648397 403.829774 430.967661 26.658704 26.658704 0.000000 3.527688 4.324679 
432 208.090554 291.243664 320.351851 259.654207 377.521703 684.173855 427.608656 427.608656 -0.000000 4.305279 4.578525 
441 371.934213 72.984383 379.971733 44.961249 439.391685 74.830783 66.524028 66.524028 0.000000 3.168957 3.607386 
445 188.575170 -0.376317 168.322709 -0.347756 179.416695 -7.732767 11.881110 11.881110 -0.000000 0.676713 2.554276 
455 155.671162 397.712384 283.131834 300.392382 310.073804 473.894097 173.365186 173.365186 -0.000000 3.599943 4.558336 
456 392.994124 609.292581 300.042005 603.642432 378.636629 31.583383 577.473437 577.473437 -0.000000 1.545949 1.707331 
457 311.679864 360.222706 396.018130 348.440693 375.673467 529.867621 181.955184 181.955184 -0.000000 4.351673 4.824059 
458 405.031707 729.894756 368.461778 688.104458 403.303727 691.506388 36.935906 36.935906 0.000000 1.525814 3.238923 
461 399.952155 38.766066 395.271586 72.324547 338.676913 44.663849 61.964077 61.964077 0.000000 6.187230 0.454608 
463 432.556671 618.561352 411.146992 612.482311 433.454564 576.249513 41.725596 41.725596 -0.000000 1.592014 2.122661 
479 98.700998 91.177576 90.117879 83.861702 277.835058 -72.329899 244.335037 244.335037 -0.000000 2.401769 2.447607 
487 479.870506 14.916646 460.955314 0.821024 571.669196 -130.452873 171.442586 171.442586 -0.000000 2.134046 2.271435 
492 455.897333 276.409063 486.244552 284.025612 417.912215 518.667753 244.447052 244.447052 -0.000000 4.867918 4.995771 
513 235.567915 341.174816 272.040341 322.077041 502.297511 820.409856 548.402299 548.402299 -0.000000 4.204513 4.279555 
515 484.531584 329.439212 490.175622 361.059219 471.743842 347.226224 22.245679 22.245679 -0.000000 5.335712 0.643819 
522 46.827793 400.936153 278.052236 237.233255 302.857187 531.940593 292.161606 292.161606 0.000000 3.614538 4.628419 
526 331.111298 693.796319 291.845453 685.442175 323.057659 639.103803 54.957974 54.957974 -0.000000 1.424594 2.163564 
529 237.624796 299.857497 280.885232 285.650529 367.827110 611.880005 337.362903 337.362903 -0.000000 4.317071 4.451937 
530 584.971674 364.628615 609.131772 410.386932 487.438168 446.360030 126.301417 126.301417 0.000000 5.585709 5.995767 
534 157.273255 375.419764 258.674498 303.152064 313.004336 488.472257 192.446814 192.446814 -0.000000 3.769521 4.427212 
543 255.866350 286.474584 303.115918 274.455705 383.483404 668.649349 402.087155 402.087155 -0.000000 4.390108 4.511267 
545 139.394543 363.324354 187.779309 318.717277 282.601595 469.616680 177.781754 177.781754 -0.000000 3.780101 4.151362 
548 225.539238 293.762802 315.731702 268.642878 368.169568 638.758996 373.485935 373.485935 -0.000000 4.320362 4.571646 
550 187.384987 389.183717 235.494085 341.335583 315.562935 466.543337 148.402834 148.402834 -0.000000 3.684606 4.143439 
551 284.036966 662.840951 115.725753 597.436365 348.941589 239.095982 427.779656 427.779656 0.000000 1.722784 2.147749 
558 452.472601 105.124832 450.030281 70.893349 502.961759 85.173645 54.241437 54.241437 0.000000 2.765267 3.405107 
559 147.520879 374.604016 266.115942 293.300344 324.193394 510.252038 223.451940 223.451940 -0.000000 3.796385 4.450824 
565 327.765637 357.757518 398.000135 351.968383 377.618888 584.589483 232.605122 232.605122 -0.000000 4.496048 4.799781 
570 334.971648 270.230345 435.027811 272.724167 377.630903 625.243431 356.788918 356.788918 -0.000000 4.592800 4.873792 
585 93.205267 412.062702 109.854241 370.926124 203.503594 430.818522 111.048838 111.048838 -0.000000 3.310028 3.710579 
611 235.124293 653.574461 169.897135 630.254618 426.550480 31.394426 651.353159 651.353159 -0.000000 1.869275 1.975687 
629 568.990793 377.004990 581.804267 400.648034 454.174011 453.450572 137.605255 137.605255 -0.000000 5.695780 5.890912 
638 415.343441 735.527414 401.133084 715.885216 419.372059 721.786197 15.876336 15.876336 -0.000000 1.855982 3.454501 
641 368.006068 328.658844 400.013729 329.228171 377.866151 536.505004 207.873332 207.873332 -0.000000 4.664985 4.818835 
642 232.327123 389.266249 252.782092 366.825971 336.581877 466.343856 129.838698 129.838698 0.000000 3.778223 4.012524 
647 256.722434 67.428470 284.698930 90.253129 231.214018 129.410670 66.288125 66.288125 -0.000000 5.102807 5.651224 
648 336.824450 331.668565 353.793159 329.431240 360.230907 433.180483 103.844140 103.844140 -0.000000 4.485771 4.650417 
683 336.965636 278.651377 386.010235 277.401678 372.897971 633.192117 355.609928 355.609928 -0.000000 4.611385 4.749226 
684 338.998728 293.296869 417.005864 293.631005 374.398083 676.292757 383.468007 383.468007 -0.000000 4.620223 4.823278 
689 196.078187 390.044584 233.893174 348.878692 315.849002 464.121917 140.872979 140.872979 0.000000 3.695499 4.094215 
691 726.696186 30.685103 612.010721 92.749057 570.228149 -119.438580 217.121203 217.121203 0.000000 0.764708 1.376370 
697 140.084655 30.184014 119.054326 33.449831 127.524098 19.688894 14.786956 14.786956 -0.000000 0.696052 2.122531 
744 427.432645 589.973985 445.983006 574.216880 442.525677 588.463553 13.854498 13.854498 -0.000000 3.041850 4.950463 
747 326.142080 291.355942 326.706236 309.049294 275.034787 294.833528 52.618344 52.618344 0.000000 6.215245 0.268476 
781 400.849699 344.970105 404.063221 328.813674 426.570320 341.146090 25.041997 25.041997 0.000000 2.993999 3.642849 
813 183.929173 114.100867 172.854504 85.818829 195.874199 93.859543 24.015248 24.015248 0.000000 2.103927 3.477641 
820 311.419633 62.540972 286.305923 40.711593 374.247011 -41.524197 120.699373 120.699373 -0.000000 2.113955 2.389708 
