1 419.322953 532.266973 412.101615 519.730695 400.439129 532.447244 18.270273 13.415387 -0.696558 6.273639 5.454578 
7 519.326757 751.487140 519.666479 751.059588 511.010680 746.745987 9.685353 9.190278 1.348974 0.518158 0.462325 
8 767.105195 447.985123 738.956126 606.491248 491.749047 478.502835 278.196226 278.196226 -0.000000 6.172806 0.477737 
13 535.301403 542.724278 544.277854 529.107991 549.131358 541.963608 13.140016 13.140016 -0.000000 3.086646 4.351394 
15 389.953165 536.975054 397.885963 526.795537 402.374119 537.766615 11.765376 11.765376 -0.000000 3.205234 4.324071 
19 553.381950 805.640478 553.949762 805.815989 557.022762 796.346994 9.776279 9.004446 1.561932 1.944179 1.884606 
20 550.053556 534.031755 533.723882 538.990626 542.383765 533.884884 12.152683 6.752090 -0.964318 0.019147 2.608866 
23 466.470457 690.052525 464.904531 688.888495 466.351457 699.075209 9.101730 9.101730 -0.000000 4.725577 4.571292 
27 576.909528 774.080672 614.657217 816.413974 308.380516 1056.496897 388.747572 388.747572 0.000000 5.472586 5.618354 
28 576.360833 774.659411 569.041351 766.904865 596.708371 745.100244 35.207764 35.207764 0.000000 2.173672 2.474145 
29 261.773775 494.045654 215.745924 440.069404 969.417542 -154.982024 959.808993 959.808993 0.000000 2.399373 2.473264 
34 156.896077 345.531437 760.182973 390.319032 451.162532 457.968033 316.815245 287.695653 0.021404 3.506566 6.067671 
35 548.698911 529.289822 538.748759 543.213887 542.731214 535.958591 8.086963 3.154210 -0.993344 5.442364 2.072797 
38 256.723990 707.361671 133.726185 474.027109 425.176492 469.281665 291.085653 291.085653 0.000000 2.186569 3.125312 
40 761.283240 390.153026 770.047778 529.006480 440.836321 482.893978 333.102679 333.102679 -0.000000 6.001471 0.139164 
52 511.475582 540.370935 530.766565 512.521502 1212.356842 980.789991 827.210262 827.210262 0.000000 3.702618 3.743556 
71 696.588663 676.557732 566.866114 762.924356 462.703659 466.638889 313.342617 313.342617 0.000000 0.731449 1.232731 
77 389.979577 639.043616 417.686612 669.493791 304.097198 735.772944 130.950109 130.950109 0.000000 5.438458 5.754988 
82 475.002917 782.919549 126.421917 445.961979 433.824188 488.740748 310.559442 291.078107 0.337844 1.431721 3.279867 
86 244.942188 507.965190 234.758836 511.254779 238.632743 505.001370 8.714447 6.265053 1.471394 0.439151 2.125422 
94 768.528417 528.117941 753.411195 582.143697 613.892487 512.922448 154.721756 154.721756 -0.000000 0.097952 0.460557 
97 412.603080 517.335308 415.844388 528.386376 409.065004 524.822421 7.864047 7.864047 -0.000000 5.153841 0.483999 
105 468.025983 775.559366 346.837764 759.542306 453.888821 417.894200 358.199059 358.199059 0.000000 1.531291 1.874444 
109 155.205320 365.098471 196.018320 294.012182 391.398593 454.825408 252.138103 252.138103 -0.000000 3.504642 3.830248 
115 351.049046 189.205294 751.776574 385.086055 468.934670 428.839751 291.678050 251.517822 0.237462 4.255211 6.129709 
121 421.930962 771.579057 358.826824 760.831127 459.705927 387.246913 386.362157 386.362157 0.000000 1.668769 1.834537 
124 126.972730 445.997622 132.222931 410.851323 362.926337 467.310647 237.209633 237.209633 -0.000000 3.231675 3.381602 
127 765.451701 492.049878 748.592211 572.180766 477.073377 472.146036 289.032594 289.032594 0.000000 0.068911 0.352995 
128 220.033331 268.034142 268.574869 227.436784 410.066767 450.037194 263.129707 263.129707 -0.000000 3.905409 4.146181 
133 268.872672 227.807603 350.766264 189.374366 443.995373 498.947464 322.772510 322.772510 -0.000000 4.138918 4.419874 
146 631.177678 851.586121 638.028427 879.010809 624.952579 864.304592 19.662836 12.769404 0.935322 5.167564 0.844015 
147 469.596963 418.685378 496.650553 434.594247 440.010431 501.456482 87.105557 87.105557 0.000000 5.055685 5.415207 
149 262.173977 494.462372 250.200434 496.715024 255.686380 493.927618 6.002831 6.002831 -0.000000 0.082241 2.671487 
152 764.191159 410.969629 769.917659 447.013082 439.239176 484.622024 332.697230 332.697230 -0.000000 6.060295 6.169939 
153 218.872172 483.039467 242.559851 508.376170 72.561224 646.222741 218.960483 218.960483 0.000000 5.443325 5.601852 
158 755.385456 396.653939 765.403587 449.816319 560.188634 461.260537 205.150145 205.150145 0.000000 5.963553 6.227476 
159 229.316713 461.604089 260.035830 494.967425 -93.156922 793.138644 461.919119 461.919119 0.000000 5.483934 5.582058 
162 151.139505 575.284474 132.751847 499.037546 479.317923 456.220740 349.229860 349.229860 0.000000 2.793559 3.018670 
163 370.924257 420.591512 363.908318 409.729785 367.513930 415.033002 9.009573 6.541266 -0.760760 1.020486 4.115287 
176 411.164768 518.878783 406.196446 536.237683 331.331553 542.155589 84.650181 23.519152 -0.224014 5.999482 6.204302 
180 695.639567 662.606066 657.177863 700.194356 451.473640 448.763913 324.513481 324.513481 0.000000 0.719287 0.885094 
186 240.756246 541.215382 223.477555 523.533339 289.858723 472.952898 83.021931 83.021931 -0.000000 2.194370 2.490475 
192 413.689180 634.368665 406.436072 621.832884 420.427592 622.294687 14.166900 14.166900 -0.000000 2.079832 3.174587 
194 275.212286 728.691453 247.335795 709.511938 488.017517 392.656322 397.589113 397.589113 -0.000000 2.135330 2.220410 
199 674.561390 693.532482 646.982829 716.978303 521.545304 541.053513 215.917742 215.917742 0.000000 0.783640 0.951387 
200 157.027569 453.975419 141.132619 421.958222 195.660546 416.089885 54.208045 54.208045 0.000000 2.365962 3.034385 
220 454.076616 518.826404 452.840256 530.651719 453.439437 524.532116 5.606151 5.256794 -0.763523 4.823602 1.668397 
238 357.040140 600.859228 371.288995 620.368329 350.547770 619.319436 20.248718 20.248718 -0.000000 5.050573 0.050527 
254 521.237599 686.799806 513.707272 658.967456 531.550047 669.639172 19.681214 19.681214 -0.000000 2.111904 3.680612 
259 390.263289 661.885428 392.588198 646.935957 420.048779 659.977300 29.551291 29.551291 0.000000 3.077618 3.584969 
445 711.045189 458.091772 726.007350 453.607601 724.628240 472.427809 19.175764 19.175764 0.000000 3.953955 4.785536 
