20 208.233247 722.789104 136.943383 560.005044 368.130451 557.046360 229.950964 229.950964 -0.000000 2.338245 3.128796 
43 31.013298 311.013959 52.431794 291.226264 486.228225 758.645566 638.170491 638.170491 0.000000 3.918592 3.964282 
44 91.355278 859.062706 110.853420 820.670964 138.993184 861.861408 47.912289 47.912289 -0.000000 3.200275 4.113053 
50 175.672666 686.250242 165.786941 670.104616 280.459790 611.427484 128.747297 128.747297 -0.000000 2.521502 2.668636 
52 684.566803 519.090018 689.334560 621.089988 437.570148 580.880140 254.408990 254.408990 -0.000000 6.038051 0.158375 
53 134.603764 522.934191 200.980642 384.938442 343.649242 538.885386 209.144935 209.144935 0.000000 3.217750 3.964996 
58 470.501467 522.903673 487.259129 610.142314 -454.803400 755.979562 953.065410 953.065410 -0.000000 6.036428 6.129598 
60 157.687473 706.356611 154.605840 670.207381 188.388526 688.086408 37.960363 37.960363 0.000000 2.604784 3.628355 
67 143.595101 845.208777 155.568138 808.427348 151.494547 827.478042 18.982566 10.151187 -1.214993 1.989921 4.923046 
68 151.315685 820.400397 163.758961 812.488830 167.721287 831.314141 19.112237 19.112237 0.000000 3.728610 4.504938 
71 162.875046 853.336384 174.047021 811.882796 161.931874 830.982556 20.975691 18.433124 -1.281129 1.528628 5.277654 
75 165.021661 669.989465 149.566168 638.210994 661.239467 406.570265 561.428002 561.428002 -0.000000 2.653568 2.716486 
77 307.505153 558.179767 335.945164 547.134608 355.864016 629.558635 94.497582 32.998403 1.147864 4.116927 4.475272 
80 104.052310 125.070243 100.270975 74.054035 443.002843 71.592260 342.331217 342.331217 0.000000 2.985107 3.134410 
84 64.615897 83.731426 23.977837 92.316841 28.074116 14.876307 77.451505 77.451505 -0.000000 1.082887 1.623643 
87 101.233010 56.053969 108.945463 22.755751 253.843445 75.232066 153.291964 153.291964 0.000000 3.266604 3.489059 
99 564.075248 533.063477 559.469145 611.086731 -121.683377 543.001052 684.413483 684.413483 -0.000000 6.268695 0.099626 
103 588.838218 371.061741 662.825227 459.116532 452.780876 557.769410 230.270791 230.270791 0.000000 5.342130 5.844089 
104 324.024512 539.882815 304.488268 564.281822 326.053785 561.741351 22.045250 20.284658 0.720435 4.619818 3.024331 
111 317.499857 485.040900 317.771456 468.267078 409.897346 468.120264 93.832011 93.832011 -0.000000 2.960471 3.139999 
116 356.845285 661.453194 342.898007 662.345402 348.381752 652.316647 11.419179 11.419179 -0.000000 0.823619 2.071181 
120 369.293122 658.011092 377.747332 628.517030 395.808600 649.003356 27.014528 27.014528 -0.000000 2.814109 3.989819 
126 576.103302 569.068782 578.137708 552.281730 649.829056 573.770518 73.566428 73.566428 0.000000 3.205280 3.432811 
131 610.153877 537.198912 613.282716 519.048736 1028.142627 595.898214 422.547262 422.547262 -0.000000 3.281113 3.324758 
139 60.755816 120.974152 64.800225 82.767142 154.716203 113.167265 93.221483 93.221483 -0.000000 3.058696 3.467622 
140 331.168366 665.238994 321.536465 629.854399 647.419562 544.206802 337.203610 337.203610 -0.000000 2.776081 2.884588 
142 262.120224 520.528813 232.256471 523.767672 245.317664 518.290039 16.679917 11.294847 0.198877 0.132460 2.744490 
150 211.580694 45.833754 180.240146 55.758350 163.684469 -48.727526 105.036737 105.036737 -0.000000 1.101954 1.413654 
151 47.934777 51.313144 73.292683 56.594788 40.987141 137.363571 86.033192 86.033192 0.000000 4.792953 5.092874 
158 485.876795 676.889043 533.950942 671.557632 573.861800 1196.990692 526.883480 526.883480 0.000000 4.544807 4.636577 
163 180.801289 194.226255 148.941868 163.082445 444.483700 -101.840604 396.290996 396.290996 0.000000 2.298404 2.410771 
168 394.272557 688.400899 375.482657 670.638589 412.803081 650.401252 42.234331 42.234331 -0.000000 2.024515 2.644712 
185 357.181856 510.893221 356.119742 492.044362 367.325508 500.530685 14.304479 14.304479 -0.000000 2.345521 3.789761 
199 164.752243 659.103891 141.698699 584.057731 434.367734 527.871522 299.067650 299.067650 0.000000 2.688610 2.951922 
206 271.345697 15.698028 211.630006 45.272102 14.693453 -414.523656 499.773233 499.773233 -0.000000 1.032911 1.166123 
207 266.412025 507.637022 263.823518 529.845126 265.181336 518.731525 10.494157 3.548544 -1.431389 4.822865 1.692370 
211 414.988983 601.686551 445.051125 610.878172 404.332745 688.994248 88.121042 88.121042 0.000000 4.833842 5.192895 
236 586.430622 374.483247 654.946616 455.394398 394.450655 598.533001 296.476003 296.476003 0.000000 5.420854 5.780738 
244 219.920585 218.774332 180.798767 194.974575 274.615446 81.046709 146.668044 146.668044 -0.000000 1.948820 2.259688 
246 415.586753 450.833870 435.003579 432.027486 436.227086 451.404605 19.778998 19.778998 0.000000 3.169237 4.649331 
249 552.447851 366.045628 551.777618 405.112164 428.905819 386.867083 124.955329 124.955329 -0.000000 6.116217 0.147412 
251 414.006980 452.952727 396.289069 447.771345 422.450898 379.158388 74.027011 74.027011 0.000000 1.684726 1.935075 
255 552.808132 496.230345 546.849091 513.463479 546.097240 500.907294 12.756929 8.682346 1.247213 5.674530 1.510989 
256 520.153668 550.054035 525.368936 516.858273 747.757470 559.909675 227.054859 227.054859 0.000000 3.184867 3.332814 
258 595.998690 466.939060 621.842869 480.071255 607.587501 475.296910 14.627620 7.244194 0.419648 3.766406 0.323174 
259 254.000730 531.929043 230.681592 524.971477 246.308238 526.112924 16.105209 5.984964 -0.033260 0.647379 3.214508 
278 450.172846 366.886056 454.848635 415.014705 -84.222155 446.065467 539.717842 539.717842 -0.000000 6.136089 6.225648 
279 260.764796 505.389948 259.842931 529.893802 250.646768 516.624817 15.654868 15.654868 -0.000000 5.445531 0.964745 
288 280.335655 529.932474 279.697385 509.944350 296.821026 518.327077 18.711764 18.711764 0.000000 2.528199 3.596838 
291 258.756303 519.281589 234.959640 523.112822 246.839750 520.651060 11.682153 5.701396 0.017897 6.168765 2.937267 
295 683.767788 641.381005 679.809632 652.856730 497.714179 587.411893 193.742477 193.742477 -0.000000 0.282325 0.345023 
299 138.304689 587.958506 135.641771 559.962082 300.602714 560.073498 164.701764 164.701764 0.000000 2.971440 3.142268 
303 436.001799 810.923632 306.980031 789.052429 425.911232 474.955197 336.095698 336.095698 0.000000 1.540771 1.932758 
305 691.231596 555.609635 718.863601 535.167336 953.217805 892.454678 427.025880 427.025880 0.000000 4.051354 4.131859 
307 674.683699 665.187035 718.825959 633.137608 1022.078540 1100.999947 557.108009 557.108009 0.000000 4.039407 4.137304 
315 234.861291 357.785537 389.936933 310.412801 392.808054 606.066943 294.871523 294.871523 -0.000000 4.145805 4.702678 
317 142.550280 33.424728 276.117673 13.564135 226.641765 142.241103 137.596356 137.596356 0.000000 4.054465 5.079460 
326 334.098770 413.245043 355.425309 423.509716 336.371870 435.469083 21.952691 21.952691 0.000000 4.610462 5.722665 
328 459.244782 520.222830 425.859433 526.341733 439.009109 500.503134 29.132673 29.132673 -0.000000 0.772485 2.041551 
336 587.233114 770.430823 454.001896 816.010265 427.691330 520.163715 296.337457 296.337457 0.000000 1.003269 1.482097 
337 655.820347 460.188619 675.522506 507.151623 548.425154 529.472932 128.071492 128.071492 -0.000000 5.710238 6.109335 
343 641.601815 719.642015 586.884013 769.832909 477.461541 595.933234 204.810037 204.810037 0.000000 0.645850 1.009163 
350 62.685476 119.109320 77.306761 97.530283 151.500674 162.235839 98.005755 98.005755 0.000000 3.593635 3.858786 
375 129.555072 529.066419 133.532744 495.824431 744.896269 583.919003 617.565025 617.565025 -0.000000 3.230499 3.284703 
390 217.771268 679.970608 218.991874 712.000310 -56.795937 700.562001 275.315536 275.315536 0.000000 6.208330 0.041451 
402 496.616384 743.284570 487.990199 718.840335 529.685643 717.831383 41.812661 41.812661 -0.000000 2.485607 3.117399 
406 46.736514 39.207532 14.682910 9.417151 321.358169 -289.038446 427.487407 427.487407 -0.000000 2.267479 2.369777 
409 357.060933 737.834707 363.287403 777.799424 101.419943 793.181615 261.403974 261.403974 -0.000000 6.069973 6.224512 
411 143.190313 635.207239 130.620610 586.097104 431.072512 532.069248 304.811345 304.811345 -0.000000 2.797574 2.963672 
416 119.829016 30.838014 129.298828 44.070495 -360.236161 395.647909 602.712865 602.712865 0.000000 5.633367 5.660358 
417 9.743032 151.292631 8.007498 126.666438 33.126356 138.257768 27.574571 27.574571 -0.000000 2.633053 3.573935 
419 305.089996 700.468014 298.543203 677.969412 375.566355 672.902107 76.770600 76.770600 -0.000000 2.768750 3.075898 
420 160.356237 57.066657 193.987306 77.364123 74.282426 234.210774 196.566275 196.566275 -0.000000 5.164691 5.364283 
427 551.300271 489.745608 554.115499 514.100110 548.510390 500.802029 14.120764 9.011056 1.208587 4.959561 1.171896 
436 246.199569 695.891204 250.018522 737.998320 -47.002353 746.231587 296.860442 296.860442 -0.000000 6.113151 6.255473 
440 646.471161 704.561525 452.084281 810.465831 437.240153 546.515209 262.687119 262.687119 0.000000 0.646928 1.514617 
449 8.488416 128.184960 6.052785 116.988956 16.700680 122.180424 10.251886 10.251886 -0.000000 2.510254 3.595237 
454 254.750031 366.457198 347.003562 333.014244 421.343974 675.494628 350.507609 350.507609 -0.000000 4.217973 4.498640 
469 399.715155 794.549041 385.117036 746.982393 469.052865 747.866025 83.135014 83.135014 -0.000000 2.549032 3.152120 
478 134.605851 60.587355 138.211020 91.137152 93.953896 77.031378 45.420623 45.420623 0.000000 5.898799 0.308544 
482 294.779406 782.414924 256.863413 762.256911 395.025164 555.811762 247.426923 247.426923 0.000000 1.987299 2.160580 
485 163.086082 438.051377 190.742782 398.785821 366.614179 553.540004 234.199752 234.199752 -0.000000 3.657722 3.863207 
497 403.952726 310.522408 575.253902 365.596245 394.890327 637.988347 327.194743 327.194743 -0.000000 4.740056 5.297256 
521 111.454043 2.145408 118.434655 20.183699 108.888750 16.939909 12.129181 12.129181 -0.000000 4.884077 0.327568 
532 137.957349 477.982635 187.727105 391.763415 347.012156 539.907821 217.390826 217.390826 -0.000000 3.429573 3.890769 
533 132.012402 524.001786 136.770375 490.966927 345.359880 541.083179 213.819426 213.819426 -0.000000 3.221486 3.377386 
557 683.084538 554.818679 652.364353 695.192930 488.387088 585.658336 196.449727 196.449727 0.000000 6.126093 0.588916 
564 142.045410 473.018435 196.973497 383.844854 333.609399 527.974926 198.343838 198.343838 -0.000000 3.420973 3.953676 
565 548.777945 468.008963 550.042035 410.006078 742.819477 441.149540 195.290322 195.290322 -0.000000 3.004046 3.301760 
568 339.756077 583.161109 313.877117 582.435304 327.614739 560.027944 25.819789 25.819789 -0.000000 1.087470 2.120782 
578 396.612073 368.093586 400.479713 384.125517 247.270622 412.738832 155.617072 155.617072 0.000000 5.992694 6.098552 
589 204.969111 801.353063 174.913844 822.879710 -42.476413 488.567017 398.629828 398.629828 -0.000000 0.901505 0.994238 
596 26.386413 53.821140 37.573903 34.932186 119.428981 92.165768 100.533267 100.533267 -0.000000 3.532503 3.751786 
597 50.360025 178.025997 51.453119 162.888300 268.176932 185.605224 217.852347 217.852347 -0.000000 3.176375 3.246031 
607 294.401885 361.950518 298.169837 415.993185 0.621237 405.774863 297.063275 297.063275 0.000000 6.135104 0.034328 
623 436.044753 822.858700 336.845389 812.476144 417.684709 521.467052 301.661717 301.661717 0.000000 1.509954 1.841754 
634 101.398902 247.732333 82.392662 219.407530 226.536162 144.216122 161.923161 161.923161 0.000000 2.450472 2.660781 
643 451.190250 515.229615 423.381917 495.300083 452.171305 481.035615 33.607333 33.607333 -0.000000 1.599479 2.681570 
646 533.217329 779.655301 489.394361 794.189095 429.874400 535.745510 264.366338 264.366338 -0.000000 1.170033 1.344442 
651 577.206134 750.253265 495.115739 790.355872 375.191091 415.194074 393.416575 393.416575 0.000000 1.028230 1.261401 
676 486.762078 782.075624 484.028136 765.968638 521.780703 767.606682 38.215165 38.215165 0.000000 2.749777 3.184954 
696 98.945750 110.257085 98.856207 77.997664 370.767505 109.366539 273.129786 273.129786 0.000000 3.138316 3.256449 
715 427.990287 349.153608 436.008701 332.277534 434.027479 341.515382 9.785359 9.111947 1.046769 2.239651 4.923656 
721 185.477326 536.911875 191.341629 601.997612 -31.019994 588.392051 222.308796 222.308796 -0.000000 6.049734 0.061110 
767 64.018278 28.817995 81.246233 30.548161 71.412400 57.975128 29.473290 29.473290 -0.000000 4.464029 5.056657 
769 305.130494 342.460220 338.036786 333.129734 508.849890 973.748531 663.057641 663.057641 -0.000000 4.400235 4.451814 
780 213.458715 654.965354 216.329539 692.975110 -240.285755 710.368264 456.809840 456.809840 0.000000 6.161685 6.245112 
782 218.572094 366.405133 295.839912 323.627122 389.057014 582.468435 274.938621 274.938621 -0.000000 4.044360 4.366716 
793 308.775417 317.902975 391.997075 305.963489 401.234643 657.065113 351.002676 351.002676 -0.000000 4.446245 4.686085 
795 593.414002 391.635854 640.011542 451.992708 430.883997 568.962024 239.466902 239.466902 0.000000 5.454278 5.773214 
813 619.393335 687.911538 611.607982 653.854373 1429.653702 488.088854 834.508696 834.508696 -0.000000 2.899802 2.941664 
837 339.694508 749.891364 344.547193 780.914407 223.854150 782.542322 119.796659 119.796659 -0.000000 6.008451 6.269698 
844 212.944878 295.906973 196.415508 305.701235 88.335663 106.143939 226.977707 226.977707 -0.000000 0.989756 1.074427 
863 502.138883 814.751347 459.917874 822.555702 428.805305 553.621285 270.401998 270.401998 0.000000 1.297017 1.455620 
864 334.039612 319.283282 379.965202 313.663194 414.422722 796.946478 484.321273 484.321273 0.000000 4.545667 4.641211 
881 181.185410 444.982860 182.852228 463.013660 130.051178 458.517306 52.504924 52.504924 0.000000 6.024434 0.084952 
894 2.992826 63.000219 7.246030 17.038996 134.521189 54.907087 131.953426 131.953426 0.000000 3.080139 3.430781 
904 167.143856 857.482868 143.770900 846.359427 169.899234 823.921976 33.310064 33.310064 -0.000000 1.652713 2.432046 
907 327.897421 346.954241 329.634357 381.018644 225.625094 370.129167 103.780469 103.780469 -0.000000 6.060348 0.104317 
935 687.550177 606.108647 680.635162 641.125430 427.056469 572.941559 262.195506 262.195506 -0.000000 0.126643 0.262674 
960 7.211842 340.187389 37.337731 315.041006 73.769185 390.404282 83.182433 83.182433 -0.000000 3.787962 4.262100 
962 617.084712 414.937728 639.525496 447.291967 356.021807 623.607046 334.007846 334.007846 0.000000 5.608867 5.726808 
972 322.503172 405.000459 326.109011 383.827949 1105.785616 552.148406 797.043207 797.043207 0.000000 3.327289 3.354215 
977 322.943655 791.137758 232.171916 739.791248 444.757289 468.286522 345.232804 345.232804 0.000000 1.931587 2.235079 
978 292.484134 794.954637 257.092115 775.829536 411.152389 534.468480 285.811119 285.811119 -0.000000 1.998268 2.138901 
994 333.578998 787.921580 288.789586 767.460600 510.269422 345.012772 476.476635 476.476635 -0.000000 1.950382 2.053677 
1012 99.570803 50.899248 106.388466 21.856445 261.258941 77.452106 163.715047 163.715047 -0.000000 3.304362 3.486246 
1043 169.155591 535.977488 174.647900 598.974950 -138.500119 592.175350 312.661462 312.661462 0.000000 6.102512 0.021710 
1044 308.815952 745.026951 308.598007 722.745151 375.850869 728.981304 68.705849 68.705849 0.000000 2.906651 3.234055 
1048 438.948592 308.260371 488.972884 318.137334 358.108317 843.046476 540.515587 540.515587 0.000000 4.862417 4.956717 
1055 604.243543 412.810107 632.055433 450.962015 376.937770 607.298825 298.968430 298.968430 0.000000 5.575434 5.733405 
1086 180.958092 583.005759 186.126801 638.994632 -105.524513 637.628442 291.395078 291.395078 -0.000000 6.094780 0.004684 
1100 335.425374 373.922364 338.557015 391.080850 190.420753 405.082033 148.368923 148.368923 0.000000 6.071517 6.188950 
1108 501.952218 156.968693 484.308167 154.548021 495.559524 151.882951 9.470890 9.470890 -0.000000 0.672025 2.909013 
1140 506.932369 466.340946 571.040075 482.880062 406.012703 982.008539 525.730432 525.730432 0.000000 4.905653 5.031706 
1158 56.895600 282.230176 48.778947 270.110822 57.427137 275.616985 7.882978 7.882978 -0.000000 1.650999 3.708550 
1192 221.684502 358.960520 239.360643 347.559123 278.759679 428.501258 89.710398 89.710398 -0.000000 4.025126 4.259393 
1214 362.537658 368.900265 366.048161 390.084702 324.556296 386.750973 41.705544 41.705544 -0.000000 5.843836 0.080174 
1222 257.158918 687.110672 261.883347 723.015350 -48.264195 742.093829 310.265711 310.265711 -0.000000 6.105070 6.221749 
1229 205.932868 627.998671 205.457602 652.009058 25.702292 641.560579 180.157043 180.157043 0.000000 6.208079 0.058061 
1234 38.981609 7.125759 54.953505 6.789772 50.141091 70.853528 63.948754 63.948754 0.000000 4.539035 4.787367 
1241 219.838783 682.976011 220.639755 710.981703 147.655678 700.434390 73.087836 73.087836 -0.000000 6.045880 0.143522 
1246 303.956203 321.816375 383.941960 308.431692 401.092505 654.710102 346.447529 346.447529 -0.000000 4.428478 4.662901 
1258 175.357505 622.936610 179.433290 645.923173 96.400095 647.841978 82.384192 82.384192 -0.000000 5.977635 6.260081 
1259 116.981928 831.503281 137.909182 829.422008 145.183375 1169.563199 339.318974 339.318974 -0.000000 4.629160 4.691006 
1365 213.048027 444.993311 216.247326 467.965555 -49.150749 493.848130 266.534178 266.534178 0.000000 6.098970 6.185969 
1428 12.326620 48.307070 7.011533 61.086568 9.131936 53.965875 6.992448 4.581228 -1.453914 5.226335 1.860216 
1445 399.092520 519.054734 379.816631 528.910411 384.751558 514.848433 14.901574 14.901574 0.000000 0.285305 1.908309 
