1 248.699443 103.757080 -0.148007 207.235761 14.136985 -106.475882 324.337161 278.351973 1.163794 0.730754 1.616300 
4 122.509494 536.637767 153.800900 537.322596 138.558603 544.631435 17.549790 14.386117 0.283799 3.603699 5.836063 
5 506.043907 33.056277 549.535888 -0.876564 736.561692 278.933726 336.067830 336.067830 0.000000 3.959221 4.123186 
7 546.783800 482.893067 427.377108 752.550263 334.358049 543.121101 233.607142 217.268862 -1.394828 6.006911 1.152814 
8 394.332001 761.843287 127.556035 699.545279 277.742383 622.454700 198.498497 150.627857 0.326713 0.874230 2.667362 
9 437.965361 290.039271 427.532987 178.085972 739.543006 297.505955 355.074285 115.514000 0.239392 3.166346 3.507135 
17 260.104445 546.116343 228.437861 541.677194 245.481909 537.455251 16.756882 16.756882 -0.000000 0.534747 2.898773 
25 515.512889 34.307580 515.359816 56.221213 505.117273 44.434793 14.773218 14.773218 -0.000000 5.510865 0.855368 
26 584.249799 42.223307 570.719630 37.871747 588.414368 9.263244 32.876557 32.876557 0.000000 1.696482 2.124717 
34 119.294145 448.767725 153.004337 447.993879 136.159966 449.539269 17.198084 8.862780 0.170365 3.187307 6.191696 
36 126.895450 418.185117 140.605340 425.928183 120.249508 443.290185 25.604472 25.604472 0.000000 4.971178 5.576995 
40 544.063687 30.398622 542.423537 52.349925 541.939413 41.715171 12.416137 7.308529 -1.079054 4.897944 1.525305 
43 697.871827 134.055999 708.806738 159.084436 651.137814 169.695898 57.663551 57.663551 0.000000 5.631662 6.101214 
47 523.682341 56.926013 529.137743 34.919884 545.229570 48.389738 21.636303 21.636303 -0.000000 2.764396 3.838527 
54 365.668546 299.137066 389.998792 306.014033 330.001342 441.662651 147.483176 147.483176 0.000000 4.957604 5.128822 
60 611.238561 282.932781 587.933566 279.118809 602.079395 267.287427 17.769236 17.769236 -0.000000 1.041163 2.445055 
64 562.276441 63.539943 547.575532 54.706405 565.525552 39.755349 22.669799 22.669799 -0.000000 1.706562 2.447094 
68 478.725135 305.794903 419.845597 268.153177 502.509571 207.317255 101.139851 101.139851 0.000000 1.807779 2.507149 
70 393.160229 768.595979 119.594488 695.321589 309.257449 528.402732 254.104406 254.104406 -0.000000 1.234733 2.419892 
74 531.012643 57.064468 549.670016 73.465417 541.602523 65.176882 11.549696 6.263630 0.594275 3.795289 0.798912 
76 292.973485 -0.222981 263.194271 90.083193 38.656150 -38.107002 257.089323 257.089323 0.000000 0.147876 0.518752 
77 241.273310 119.451441 -0.126958 210.103370 76.906174 70.808749 193.861988 138.482345 -0.281367 0.287727 2.075958 
78 173.185436 333.331073 194.449122 320.780413 273.858513 474.315589 173.089708 173.089708 0.000000 4.092281 4.235071 
80 188.373525 616.209681 187.231360 585.164457 193.759963 599.984314 17.355227 14.344798 -1.108008 1.891325 4.297437 
83 515.379444 66.913712 501.374852 74.910462 508.405801 72.614872 9.167011 6.366327 -1.146671 5.597847 2.826007 
85 429.972990 329.037174 426.675449 747.983516 306.514061 537.450787 241.600492 241.600492 -0.000000 5.247183 1.052162 
97 727.329380 163.771649 739.041010 180.664843 685.899628 207.389829 59.884111 59.884111 0.000000 5.472061 5.817218 
102 573.839445 35.496156 585.929976 37.176840 578.111710 47.917542 13.257007 13.257007 0.000000 4.381119 5.341602 
103 229.812858 530.310374 254.063205 518.871961 249.010793 538.014092 21.401104 19.132225 0.528653 3.523201 4.970446 
105 142.667380 424.082915 154.456329 408.138788 148.240900 412.540668 15.142758 6.446562 -1.552035 2.020654 5.666965 
108 207.269458 442.869934 208.892085 478.358594 207.156846 461.216367 16.919045 5.660459 1.565586 4.718527 1.469914 
111 151.476429 477.202504 173.104799 464.851034 160.510673 469.278082 12.674936 8.146532 -0.397704 2.421544 5.945160 
113 391.354053 581.137157 341.057237 557.892994 499.184788 260.499192 337.721213 337.721213 0.000000 1.895215 2.059490 
119 195.693602 477.534191 170.472092 495.866514 165.700581 459.153315 35.690793 35.690793 -0.000000 0.549806 1.441554 
120 263.706157 504.731864 257.949973 515.573179 258.018337 508.836643 7.227336 6.896836 0.516183 5.658057 1.580944 
121 501.687470 48.023423 483.290369 72.502018 492.045114 63.178113 15.432796 8.186238 -1.250693 5.279046 2.324722 
128 618.267217 260.715479 596.715025 254.302713 611.394409 245.126496 17.356221 17.356221 0.000000 1.155556 2.582915 
132 419.222637 318.582960 546.352389 482.909749 317.943151 525.233705 230.240684 230.240684 0.000000 5.168085 6.099965 
137 526.777400 237.144178 520.525478 223.061302 534.952633 224.019462 14.424290 14.424290 0.000000 2.127876 3.207909 
139 232.436260 23.136650 223.945525 51.361775 201.250226 29.522276 31.023773 31.023773 0.000000 6.081218 0.766184 
141 111.505208 -0.217549 101.810393 11.689546 98.103368 -0.430705 12.644890 12.644890 -0.000000 0.015904 1.273978 
146 609.962802 220.447623 623.687258 243.049645 616.474271 231.411979 17.444132 8.145374 1.547597 4.176484 1.015948 
151 242.061231 484.321501 227.995295 483.052133 241.104841 420.536931 63.629173 63.629173 -0.000000 1.555803 1.777503 
155 275.109745 -0.804926 256.755368 20.618843 248.133445 -5.025369 26.596250 26.596250 -0.000000 0.155192 1.246456 
156 142.484690 8.475392 125.191798 7.781791 133.277853 6.033223 11.934152 7.255292 0.738624 0.259285 2.928627 
157 509.006793 131.977723 516.469534 140.112766 510.381292 139.263362 7.004815 5.842979 -1.342860 4.525922 0.138621 
160 620.133358 300.528744 608.072570 290.967230 618.530100 289.371420 10.545700 10.545700 -0.000000 1.428078 2.990162 
161 183.078915 465.594608 176.700948 431.953631 204.296349 443.694918 29.855490 29.855490 -0.000000 2.340372 3.543870 
162 495.145378 176.669376 515.221228 185.496875 491.240772 214.534386 36.862574 36.862574 0.000000 4.815145 5.402691 
164 717.714092 173.144710 713.500503 159.205077 727.551029 164.956579 16.229329 9.530367 0.000002 2.447414 3.530128 
166 632.005310 292.857578 615.808958 280.562588 624.076588 285.777327 9.201003 5.348868 0.733679 0.728927 3.704310 
168 496.920255 159.231171 485.051522 139.666796 490.243683 149.031600 11.625733 5.613775 0.857300 0.991199 4.206148 
170 119.252790 694.831703 153.097009 349.071016 319.505042 542.164598 255.352893 250.970527 0.453447 2.490219 4.001084 
176 603.195574 251.343381 618.341189 255.854491 604.471556 273.118039 21.182867 21.182867 0.000000 4.653857 5.389203 
177 497.442475 193.320884 495.246444 185.054128 493.728760 190.112925 4.995471 4.256714 0.735243 0.712459 5.003854 
180 632.035591 280.942009 619.306616 273.129774 643.023004 249.136798 33.256844 33.256844 -0.000000 1.903420 2.350397 
184 105.945581 24.019546 120.441996 0.446133 125.206001 23.519009 20.255524 20.255524 0.000000 3.115611 4.508774 
193 192.421146 501.233797 203.546612 481.193159 231.365719 509.939797 38.931154 38.931154 0.000000 3.361525 3.943387 
197 175.069608 12.411342 199.010641 8.129636 196.756002 95.120047 86.223689 86.223689 0.000000 4.455959 4.738301 
200 203.229849 478.441653 187.939410 472.147183 207.766162 442.497477 35.412276 35.412276 -0.000000 1.696337 2.160205 
215 254.624662 519.369994 259.722670 545.746405 255.255394 532.916744 14.101240 7.739856 1.272998 4.665863 1.235727 
218 169.682659 496.636517 176.057497 479.523655 178.326266 487.056159 12.438143 8.378668 -0.636543 2.304838 4.419834 
219 296.011049 674.012677 275.479115 643.735762 287.955350 657.671679 17.641343 16.320703 0.655572 1.112785 3.982200 
220 201.930061 11.198199 175.171758 13.106309 187.799817 13.249474 15.248888 8.657280 -0.460204 6.139023 3.152929 
223 177.303941 431.628401 186.969194 431.105054 182.468512 436.277446 6.865870 6.865870 -0.000000 3.874507 5.428457 
230 122.014517 0.732217 142.651956 6.655979 123.769719 29.512530 29.418527 29.418527 0.000000 4.651478 5.402855 
234 497.362860 154.059204 508.475933 131.596758 523.316874 152.752985 25.412612 25.412612 0.000000 3.091307 4.100662 
236 536.048269 309.289585 503.129457 314.776659 498.076792 183.771458 130.291720 130.291720 0.000000 1.277031 1.532247 
240 254.242590 515.786116 240.801887 489.869069 267.387284 493.053369 26.238848 26.238848 -0.000000 2.095053 3.260801 
251 516.784370 140.768432 501.766409 151.467763 494.945312 126.786085 25.490704 25.490704 -0.000000 0.569487 1.301164 
254 708.115362 161.078702 696.940073 160.402334 702.841267 158.991683 5.824152 5.824152 -0.000000 0.376804 2.906951 
257 699.783826 151.260996 682.303469 136.408278 731.695875 105.471377 55.403680 55.403680 0.000000 2.179457 2.582024 
261 368.077538 546.196886 377.439534 545.728631 373.061649 544.166649 5.325837 4.320174 -0.476830 2.754773 0.342710 
265 618.323718 137.354256 593.413404 120.717328 610.780669 117.015926 19.583883 19.583883 -0.000000 1.215644 2.931609 
272 450.896976 289.143672 431.719137 275.391677 509.276081 193.189115 112.218230 112.218230 0.000000 2.117372 2.327124 
275 533.017429 294.077533 423.352537 255.705683 498.075178 166.869795 132.355247 106.411982 1.431787 1.302722 2.270119 
282 518.885223 156.595347 515.527965 163.551151 511.714599 158.315141 8.930972 4.824902 0.273447 6.047793 0.941331 
288 500.782466 167.330318 512.594296 172.865720 500.240989 186.359221 18.638779 18.638779 -0.000000 4.740837 5.453702 
290 383.697557 553.347218 386.980889 550.995864 382.670431 548.924256 5.381431 4.472550 -0.554756 1.342615 0.448008 
304 611.697509 308.172807 599.335597 298.793831 606.185517 303.256826 6.861036 3.608395 0.777901 0.728305 3.719050 
312 408.901589 525.181271 418.015624 530.129250 397.426720 562.293232 38.254983 38.254983 -0.000000 5.012261 5.281789 
313 599.156567 117.022738 622.375221 140.511916 562.942700 176.202885 68.967935 68.967935 0.000000 5.261531 5.742377 
318 565.017829 191.985496 559.455158 173.176029 570.899136 183.369172 14.837939 10.188085 0.722336 2.169733 3.869245 
326 496.967126 181.159133 478.356680 174.360589 495.049680 157.597756 23.066086 23.066086 -0.000000 1.489594 2.354107 
327 332.301933 526.241717 341.832792 528.977475 337.415617 526.714778 5.339070 4.376902 -0.574083 3.233839 0.473399 
329 431.518457 334.240704 448.123183 348.195137 365.879069 445.103389 128.729834 128.729834 -0.000000 5.246963 5.416116 
331 435.380241 417.061649 416.988559 444.983886 412.563177 421.150563 22.557711 22.557711 -0.000000 6.105863 1.387207 
355 640.109745 281.702817 623.032784 275.939767 638.242885 252.362394 28.130803 28.130803 0.000000 1.507254 2.143729 
360 545.961054 137.043117 546.360785 150.889632 545.301915 144.621908 6.594006 6.594006 -0.000000 4.799142 1.403436 
365 66.148621 7.077352 74.743883 8.664617 71.711462 5.735025 5.202798 4.091603 -0.359572 2.904817 0.768152 
367 435.602082 117.612049 440.442955 129.214220 428.527360 126.282596 13.703741 8.813391 -0.179431 5.396779 0.241241 
368 349.273904 535.180392 361.839893 529.414957 358.210863 546.210314 18.276495 10.107037 1.498196 4.031431 4.925191 
370 461.042473 304.909336 427.823922 283.213443 500.047066 213.970277 98.883539 98.883539 -0.000000 1.975973 2.377256 
371 74.345418 12.319525 86.596884 9.277604 80.557877 13.915573 8.032225 5.720922 -1.106346 3.393065 5.628262 
372 677.022281 219.999504 680.412243 241.852375 665.213147 231.918373 15.746707 15.746707 -0.000000 5.493162 0.578896 
374 639.531265 234.663190 641.811919 243.516683 637.698204 239.826358 5.543413 5.543413 0.000000 5.053535 0.731199 
391 148.174642 362.176111 374.175062 306.968437 309.228591 539.192982 240.003553 240.003553 -0.000000 3.974173 4.985093 
393 99.615149 671.206491 145.775129 351.780802 260.891343 532.232493 225.907154 198.326948 -1.441147 2.430337 4.144543 
404 264.705885 681.294142 252.517171 663.809300 276.766504 659.420926 24.513561 24.513561 -0.000000 2.074704 2.962561 
412 447.471501 349.488350 535.422547 570.106377 302.014194 534.843064 235.261924 235.261924 0.000000 5.377762 0.149946 
418 582.156649 54.261389 569.861353 51.653730 581.805655 29.787683 24.249683 24.249683 -0.000000 1.556456 2.070755 
422 671.171003 150.067885 659.953409 147.477465 665.723560 148.740057 5.876369 4.471667 0.726410 0.239090 3.357012 
431 424.105150 367.711262 432.116617 410.986807 191.099105 426.984945 241.112564 241.112564 0.000000 6.034082 6.216905 
436 528.221450 137.078973 536.912762 139.787981 534.403976 135.094274 5.807222 5.807222 -0.000000 2.830967 1.079931 
442 354.024272 781.257811 241.996791 776.014442 309.470085 507.100731 277.505794 277.505794 0.000000 1.409691 1.816632 
447 197.256099 168.384740 89.097457 214.387256 47.328201 -35.684565 253.006290 253.006290 0.000000 0.937165 1.405295 
448 253.225663 570.411189 236.532657 561.551635 256.306135 541.948582 28.036451 28.036451 -0.000000 1.678605 2.360523 
450 145.049447 615.979036 141.933387 591.816194 172.728175 600.174284 31.923996 31.923996 -0.000000 2.622764 3.406621 
454 268.644330 688.917085 243.680744 654.105344 290.733269 648.598978 47.028072 47.028072 -0.000000 2.072000 3.025097 
460 93.036282 561.015460 119.340466 538.746801 124.375993 569.902296 31.004084 31.004084 0.000000 3.417904 4.552149 
461 585.411701 119.096799 587.071058 102.018226 611.876620 113.328636 27.198633 27.198633 -0.000000 2.926994 3.569394 
462 612.227602 286.100218 620.967249 298.024005 600.175173 305.046139 21.411364 21.411364 0.000000 5.278965 5.957482 
465 267.940092 308.139125 362.229229 310.325010 311.321306 530.296250 225.152638 225.152638 -0.000000 4.519543 4.939815 
470 449.891862 346.136180 484.125712 376.878154 314.607433 534.322235 231.496211 231.496211 -0.000000 5.335678 5.534699 
471 351.511012 372.705213 359.924769 440.245021 257.917063 415.910499 104.009648 104.009648 0.000000 5.850706 0.234179 
474 180.988452 539.946757 229.762188 549.352473 200.530622 575.084348 38.488155 38.488155 0.000000 4.204828 5.561374 
477 589.604880 101.851863 594.164514 120.469902 565.190079 118.434700 28.269309 28.269309 0.000000 5.686547 0.070126 
486 197.819198 173.394030 135.005939 204.020088 73.513721 9.539603 204.631435 204.631435 -0.000000 0.921793 1.264556 
488 252.184745 619.803067 259.417924 589.859394 366.954020 631.011441 114.521987 114.521987 -0.000000 3.238944 3.507080 
491 86.295733 248.522944 123.072442 240.278016 134.773876 374.099891 133.426402 133.426402 -0.000000 4.343972 4.625170 
494 228.783931 79.619924 236.098369 66.783875 227.768943 71.316577 9.118918 8.082066 0.083696 1.449161 5.784822 
498 214.852673 533.741022 228.925861 526.848621 229.777583 547.925930 20.308254 20.308254 0.000000 3.901575 4.672002 
500 525.604375 611.818075 482.277176 687.191548 287.918547 523.736679 253.091574 253.091574 -0.000000 0.354889 0.699244 
505 142.106764 431.706128 124.798606 431.503247 132.964872 395.904528 37.316426 37.316426 -0.000000 1.320790 1.796293 
513 356.976155 537.919359 360.248808 531.729432 356.045031 534.270416 5.037832 3.617984 -0.702409 1.320952 5.739498 
515 122.664590 610.678058 131.816822 572.714758 489.874129 681.396646 373.596381 373.596381 0.000000 3.331847 3.436287 
523 159.137716 357.181106 243.261083 313.027295 284.690199 497.208746 187.559987 187.559987 -0.000000 3.981441 4.491135 
530 661.021562 140.022053 661.002153 135.997827 656.549824 136.980248 5.332870 4.252671 0.654100 0.597333 6.066012 
533 488.500024 691.431268 445.584532 729.824401 326.436044 552.256171 213.768662 213.768662 0.000000 0.709561 0.979799 
534 242.779661 61.747825 239.896614 76.660605 241.986196 69.154684 8.378911 6.704074 -0.480829 4.819108 1.842313 
537 156.081623 366.092390 212.928494 327.869493 299.688751 520.206314 210.534979 210.534979 -0.000000 3.962267 4.288633 
541 398.525850 235.879663 411.920973 192.861639 435.598257 224.153074 39.153638 39.153638 -0.000000 2.835235 4.064633 
556 254.953297 698.160154 231.068724 679.930714 268.143403 658.762577 42.034468 42.034468 0.000000 1.893862 2.622800 
