10 602.008360 152.455024 562.003492 153.190053 574.056346 -295.714705 448.764863 448.764863 -0.000000 1.508508 1.597639 
16 533.951668 128.997820 533.229533 145.010352 490.591065 135.994911 43.355986 43.355986 -0.000000 6.123195 0.208370 
28 596.405885 102.160148 580.254361 99.306820 589.633640 99.633657 11.434910 4.709212 -0.359557 0.357074 3.176425 
32 265.893377 605.981676 241.050171 718.307540 -239.163417 550.984338 507.839361 507.839361 0.000000 0.108466 0.335280 
45 637.076296 840.449458 612.008578 832.980426 645.624796 772.546784 69.037553 69.037553 -0.000000 1.696031 2.078425 
46 290.955095 609.191939 270.961268 610.303018 280.962596 578.512922 31.396852 31.396852 -0.000000 1.255921 1.875598 
51 41.900374 801.290888 41.046975 789.103310 39.647882 794.769274 11.231694 5.428963 0.225412 1.238236 4.954476 
60 562.422041 412.373274 517.944715 453.249123 462.491029 349.530478 116.726472 116.726472 0.000000 0.561372 1.079811 
67 108.296508 472.523417 376.111711 418.858595 227.900410 435.421696 150.073356 58.681391 -0.020776 2.840800 6.171894 
78 687.923399 704.855094 672.259115 732.547742 653.165505 703.385882 34.948163 34.948163 -0.000000 0.042245 0.991092 
97 561.031532 777.903378 584.666079 794.733153 562.465575 806.117083 26.898826 26.898826 0.000000 4.661605 5.809368 
101 609.750494 541.952113 605.535971 563.910940 549.791301 542.379140 58.953882 58.953882 0.000000 6.276063 0.368604 
126 580.559688 202.777440 556.236464 237.212095 483.055247 156.315609 108.508782 108.508782 -0.000000 0.444680 0.835430 
127 21.385722 750.710545 31.501190 758.773220 15.301645 767.625989 18.342690 18.342690 -0.000000 5.057658 5.783047 
128 585.416193 211.349334 563.961738 233.957012 535.836697 184.173090 56.138435 56.138435 -0.000000 0.501410 1.056554 
130 68.507679 626.075840 66.875318 593.955516 210.308710 601.425148 143.409438 143.409438 -0.000000 2.969473 3.193623 
137 533.641732 441.494241 470.648657 432.446025 572.136202 -75.434722 517.378721 517.378721 0.000000 1.645127 1.768024 
147 544.642739 198.854064 518.181197 240.199739 471.707876 181.529411 74.469551 74.469551 0.000000 0.233214 0.900885 
159 528.772905 444.738228 461.869682 435.997478 551.931854 57.425345 387.480344 387.480344 -0.000000 1.630519 1.804354 
172 108.074600 792.982815 84.799878 800.723422 68.795666 775.945555 46.952340 14.991080 0.564746 0.409259 0.997303 
175 685.209546 842.059799 667.945533 848.506446 672.732685 834.742945 14.226110 14.226110 0.000000 0.530385 1.905523 
178 615.197010 792.422010 636.114407 798.955816 626.427923 795.138554 9.517613 4.991582 0.284816 3.378915 0.375394 
185 603.061347 845.809912 587.070376 833.071620 618.736835 834.007176 32.920112 11.850860 -0.076742 2.496211 3.171128 
190 430.779895 784.119567 518.243242 799.424423 450.018044 932.406319 149.514801 149.514801 -0.000000 4.583373 5.186415 
218 695.909222 703.979438 682.059346 732.054021 665.138381 705.548284 30.577933 30.577933 -0.000000 6.232245 1.002627 
244 469.269443 774.843748 516.232302 786.591668 474.200798 855.516074 80.377232 80.377232 0.000000 4.651337 5.259998 
247 335.208970 778.254087 363.916876 786.296710 301.013243 957.594979 182.090289 182.090289 0.000000 4.900802 5.064319 
261 455.032581 950.479300 437.376700 946.843858 449.692220 932.110613 18.314710 18.314710 0.000000 1.287864 2.267047 
262 482.017196 942.476556 476.161777 956.012463 474.298566 947.291027 9.573631 9.573631 -0.000000 5.725488 1.360325 
270 241.371132 718.279264 233.813350 735.359889 198.437100 706.268831 44.363861 44.363861 -0.000000 0.272769 0.688211 
273 566.998168 136.984894 584.265816 149.797772 567.257262 242.609186 106.222996 28.047431 -1.538545 4.709936 4.893637 
281 718.002700 789.987588 704.025132 777.414857 709.700145 783.331121 11.180855 4.810947 0.342072 0.675799 3.947801 
286 675.955254 925.983282 642.451767 914.535704 665.446773 896.528807 29.435084 29.435084 -0.000000 1.228103 2.477255 
291 437.075285 775.135519 356.649262 758.872692 439.274002 569.314171 205.780116 205.780116 0.000000 1.581479 1.981846 
335 610.060763 781.879916 611.233954 764.447688 634.819587 776.030737 34.059429 12.179148 0.105486 2.909600 3.598100 
343 596.718170 743.624931 584.083782 764.274535 584.226347 749.659497 14.447449 14.447449 -0.000000 5.833164 1.580551 
374 464.060536 729.365256 395.831552 724.000026 449.181213 506.561820 223.558436 223.558436 0.000000 1.504113 1.811399 
403 464.761522 927.429821 470.730216 951.264249 457.149362 942.278209 16.854975 16.854975 -0.000000 5.186112 0.584535 
411 418.994820 892.087867 378.942076 878.108661 420.421024 824.083602 67.573265 67.573265 -0.000000 1.591766 2.225575 
421 405.962363 894.184337 365.079194 877.888792 412.836424 820.356723 74.248990 74.248990 -0.000000 1.663638 2.263622 
422 562.744105 211.146465 558.767725 223.596572 556.702026 216.150194 8.453320 7.115858 0.157094 5.591516 1.300191 
426 468.137317 728.789140 506.978017 733.193842 447.983548 1061.953888 333.489707 333.489707 -0.000000 4.772807 4.889945 
439 278.220911 747.630456 230.420955 754.106898 235.222231 612.126559 140.872245 140.872245 0.000000 1.263522 1.604600 
454 52.257321 647.864812 53.022682 671.967526 25.347449 661.455801 28.512957 28.512957 -0.000000 5.815501 0.362993 
456 676.223993 757.894433 677.974293 735.952946 686.968995 746.729816 14.968808 14.968808 0.000000 2.337045 4.016886 
462 75.716606 729.518387 77.636732 713.476852 86.909187 723.542615 13.887599 13.887599 -0.000000 2.651191 3.967991 
491 632.691756 756.428344 627.479933 733.305278 640.601427 741.499493 16.014577 16.014577 -0.000000 2.058018 3.699824 
501 402.449631 705.232486 379.303233 726.841193 375.865633 700.536209 26.365860 26.365860 0.000000 0.174854 1.440850 
502 653.745178 708.866334 642.264884 726.410419 634.187128 708.597840 19.758090 19.758090 0.000000 0.013727 1.145047 
506 612.079381 672.793037 628.411979 710.025696 620.672637 691.524628 17.874098 8.423696 1.267869 4.282276 1.174598 
510 517.251441 878.075046 492.003142 879.754609 502.070587 810.933413 69.156257 69.156257 0.000000 1.348433 1.716050 
525 368.269863 344.616929 384.932375 340.511951 379.058895 354.899819 15.978117 15.978117 -0.000000 3.902976 5.099965 
529 509.417127 731.124080 523.840649 704.754222 545.218933 734.040508 35.627320 35.627320 0.000000 3.222874 4.081827 
531 243.000304 783.966109 198.994875 783.571572 223.607015 495.714049 288.371054 288.371054 0.000000 1.503619 1.656090 
535 604.040177 419.515390 586.071416 420.916130 591.988978 385.945928 34.857834 34.857834 -0.000000 1.226133 1.738426 
548 425.157899 438.971174 423.503329 429.908111 456.108822 431.786516 31.276599 31.276599 0.000000 2.913502 3.199139 
559 567.863511 828.381489 586.070114 824.892643 577.218955 827.246575 8.978328 5.457516 -0.128403 3.020872 6.023256 
569 529.665009 675.742872 524.576130 704.263384 503.290461 682.876466 28.804799 28.804799 -0.000000 6.019033 0.787771 
581 57.864452 82.875107 79.226710 75.139876 72.979628 90.141542 16.597091 16.597091 0.000000 3.589712 5.106975 
596 555.888959 670.277334 552.533589 707.013286 532.651638 686.770928 29.321550 29.321550 -0.000000 5.665920 0.794380 
601 655.691548 654.551560 667.682647 659.214804 661.666270 657.036671 7.718011 5.720758 -0.449514 3.535762 0.347355 
606 577.866216 415.033862 577.416842 399.987551 641.613915 408.260485 64.063205 64.063205 0.000000 3.035737 3.269754 
607 630.667898 678.134536 634.570713 711.072213 602.911374 697.910211 33.671974 33.671974 -0.000000 5.664140 0.394000 
615 461.135782 703.521789 425.002072 705.911424 443.500835 581.450941 124.953799 124.953799 0.000000 1.427324 1.718348 
618 428.822477 70.934271 449.174109 82.718556 434.100318 86.337372 15.400887 15.400887 -0.000000 4.382279 6.047571 
633 595.647250 677.102077 596.837052 707.456229 566.723274 692.949734 32.703808 32.703808 -0.000000 5.781950 0.448919 
638 551.733904 670.243453 568.103128 702.015150 560.048875 687.096155 19.732662 10.823908 1.566403 4.254043 1.075767 
640 421.999681 764.009372 490.022967 766.325443 438.895181 1253.414209 488.958753 488.958753 0.000000 4.677880 4.816972 
647 594.406937 326.132015 638.882705 359.124034 571.902784 401.062676 77.424588 77.424588 0.000000 5.004151 5.723768 
667 44.856294 651.964332 40.533515 669.380623 -11.471133 645.184500 56.553557 56.553557 0.000000 0.119788 0.435478 
676 315.033615 888.027645 299.177501 900.365016 294.821489 877.467393 22.814190 22.814190 0.000000 0.481462 1.382804 
704 40.070918 181.093165 108.995291 169.003005 91.967044 324.756465 155.676676 155.676676 -0.000000 4.365741 4.821285 
716 484.506265 681.463218 430.000000 703.000000 443.110020 651.633460 51.359894 51.359894 -0.000000 0.624412 1.820686 
722 368.810800 20.554482 391.267160 28.217044 317.731991 199.886176 186.624060 186.624060 -0.000000 4.989870 5.117097 
723 48.100536 150.808712 71.085107 149.531129 80.152661 475.273538 325.854222 325.854222 0.000000 4.613924 4.684560 
744 530.733508 739.015157 545.393790 707.428974 566.668584 737.949567 36.828942 36.828942 0.000000 3.111948 4.103636 
767 83.246341 755.265551 87.244717 770.627123 47.685444 763.005913 47.707117 12.487493 0.019476 6.068863 0.190321 
773 510.598212 675.234497 510.144318 696.387802 499.553177 685.703655 14.575830 14.575830 -0.000000 5.524548 0.789770 
784 89.544392 725.221947 97.493088 712.360776 102.143647 723.672470 11.962070 11.962070 0.000000 3.019226 4.322326 
799 374.584608 419.298673 350.961187 467.472784 335.414471 440.536560 45.681826 30.187066 -0.303579 5.786353 1.047335 
808 24.763827 115.700291 0.734435 100.423687 21.370726 92.921803 21.515000 21.515000 -0.000000 1.422923 2.792917 
809 90.146895 151.228545 185.985040 135.809754 212.853115 614.779319 479.705126 479.705126 -0.000000 4.453615 4.656352 
824 551.006720 670.037492 518.985479 673.707445 514.650895 523.882296 150.392063 150.392063 0.000000 1.326996 1.541873 
825 467.432935 676.383785 452.826700 690.131583 446.360001 668.077618 22.160761 22.160761 -0.000000 0.375464 1.285570 
834 254.911853 492.261170 146.401255 484.324861 229.938900 45.337074 447.919393 447.919393 0.000000 1.514977 1.758844 
844 702.342226 577.229416 715.399003 566.039718 710.746248 572.936664 9.246244 9.246244 -0.000000 2.669345 5.305871 
872 462.993139 709.057202 425.994697 708.817092 447.697450 594.557944 114.880026 114.880026 0.000000 1.437995 1.758503 
887 501.393770 726.821042 513.433908 705.546538 536.807094 734.071593 36.313409 36.313409 0.000000 3.343542 4.025935 
897 320.064922 815.841511 292.540773 812.427753 308.059988 787.267870 29.512821 29.512821 -0.000000 1.173049 2.123495 
914 638.358584 355.199469 719.335792 398.502026 227.350276 1219.736723 956.440160 956.440160 -0.000000 5.156171 5.252132 
929 350.311859 466.567706 282.017988 487.356311 242.929957 237.496577 253.700884 253.700884 0.000000 1.132443 1.415614 
932 665.335038 699.845558 660.840929 719.195311 626.248531 700.137016 38.600321 38.600321 -0.000000 6.275729 0.503564 
982 523.142259 677.007520 514.117504 706.060118 483.811822 679.612994 39.433916 39.433916 -0.000000 6.217036 0.717514 
988 299.732403 80.606170 286.469141 67.602446 295.231199 72.888946 10.229430 10.229430 -0.000000 1.042771 3.684464 
991 5.964943 501.378590 16.043737 511.150464 8.384609 507.207418 7.710337 7.710337 -0.000000 4.318916 0.475431 
992 695.527570 526.404347 684.749964 529.483475 689.408885 522.831804 7.902894 7.902894 -0.000000 0.528478 2.181800 
997 694.953531 893.039036 689.611628 916.613665 684.408065 905.040894 15.853955 12.319550 -0.633503 5.433284 1.148243 
1006 393.717228 618.586448 466.878172 620.983422 418.482685 807.018855 191.239177 191.239177 -0.000000 4.581709 4.966889 
1018 27.214826 99.708564 16.744230 91.990369 29.742677 84.450286 14.530326 14.530326 -0.000000 1.734976 2.615952 
1037 2.139377 578.273589 34.279333 584.447978 10.965777 616.125955 38.946555 38.946555 0.000000 4.483303 5.346840 
1071 28.635429 490.729479 43.214727 500.750506 30.512559 501.046176 10.398761 10.398761 -0.000000 4.532407 6.259912 
1072 61.202872 584.673597 35.678321 585.689037 47.607666 563.213541 24.862274 24.862274 -0.000000 1.006099 2.058757 
1094 190.944550 49.280893 186.635666 112.887456 145.110930 74.880959 51.174438 51.174438 0.000000 5.773807 0.741190 
1099 65.208131 620.663130 47.250271 606.729314 74.313597 589.043947 32.079589 32.079589 -0.000000 1.851183 2.562774 
1110 438.855847 667.266656 409.400021 660.260339 431.994169 620.783240 45.889141 45.889141 0.000000 1.424239 2.090626 
1129 359.009896 739.014331 331.853269 752.485883 325.009131 702.568630 49.791205 49.791205 -0.000000 0.820091 1.434536 
1134 377.678416 709.212577 362.138809 721.329425 367.406471 707.671947 11.641082 11.641082 -0.000000 0.148875 1.938913 
1139 538.782651 675.387971 546.994556 698.997692 543.712823 686.105381 13.305694 6.816029 1.541832 4.281238 1.321540 
1148 91.984053 177.681528 117.877999 182.647394 83.740362 257.400428 81.089705 81.089705 -0.000000 4.815432 5.140778 
1155 79.163062 290.842529 64.748545 327.921873 56.019143 303.425959 25.204495 25.204495 0.000000 5.785189 1.228465 
1162 489.458045 674.821985 489.021967 697.007576 475.846195 684.899899 16.870102 16.870102 -0.000000 5.645871 0.743178 
1171 48.157282 623.158000 24.005830 636.019389 23.737417 603.763736 31.349005 31.349005 -0.000000 0.671195 1.562475 
1175 426.010141 59.697451 435.515208 68.241570 426.908228 67.426842 7.623350 7.623350 -0.000000 4.596716 0.094378 
1179 25.347086 284.002553 37.324848 306.973502 26.273806 297.313006 13.064037 13.064037 -0.000000 4.642878 0.718360 
1188 176.986585 735.063118 150.100742 723.862589 175.575148 698.066606 36.101522 36.101522 -0.000000 1.532664 2.349922 
1236 102.223009 128.924527 95.048880 133.773327 97.999209 130.603692 5.201329 4.386650 0.935786 5.904794 2.320375 
1241 81.644905 748.110859 89.728138 755.023498 84.069465 753.339662 6.010289 6.010289 -0.000000 4.278207 0.289223 
1251 49.186249 661.075872 43.233749 675.687851 -14.587043 644.143485 65.707793 65.707793 0.000000 0.259521 0.499423 
1285 395.961372 835.093834 397.084267 852.294234 396.349831 843.756389 11.887805 7.871049 0.168126 4.667576 1.484986 
