7 204.132620 108.767501 161.720785 93.191669 190.900547 88.306336 29.089687 22.146372 -0.223258 0.996750 2.975709 
15 212.634318 97.680608 203.785119 107.812320 193.708364 90.652229 19.303230 19.303230 -0.000000 0.355577 1.039827 
23 58.403140 120.178439 49.501789 135.454873 27.262221 114.859174 30.880468 30.880468 0.000000 0.169180 0.747040 
43 209.983530 131.976263 209.933750 125.100914 206.178512 128.574668 4.876298 4.814639 1.377005 0.729477 5.536706 
52 43.801351 564.549296 20.818348 442.986008 199.875035 471.300620 181.199872 181.199872 -0.000000 2.603039 3.298426 
60 20.974182 484.969515 21.954894 451.968942 191.588002 474.243279 170.592976 170.592976 0.000000 3.078807 3.272155 
87 773.312124 775.000279 790.899794 682.525612 934.900178 758.571464 162.207575 162.207575 -0.000000 3.040270 3.627463 
91 587.470098 637.344717 557.216975 662.211977 197.428881 174.951992 604.876202 604.876202 0.000000 0.870072 0.934767 
105 752.203477 402.581062 770.720791 411.574862 740.298326 453.248548 51.455152 51.455152 0.000000 4.943169 5.342977 
107 627.437444 364.731127 655.208813 415.913410 437.000804 505.381315 236.076716 236.076716 -0.000000 5.647042 5.894078 
117 676.108992 308.066801 649.379987 285.742340 862.369839 66.268282 305.188669 305.188669 0.000000 2.227172 2.341202 
120 6.135954 362.170213 48.967561 327.959387 173.676513 528.232259 234.839271 234.839271 -0.000000 3.922559 4.155449 
139 401.052152 723.464281 235.763657 714.139268 342.876509 301.505750 426.024769 426.024769 0.000000 1.433790 1.824774 
145 798.128147 388.484891 747.996667 376.013396 856.189396 52.881157 340.026602 340.026602 -0.000000 1.742106 1.893889 
146 766.274655 628.479332 784.000935 622.975414 780.356644 638.988030 16.450061 16.450061 0.000000 3.782690 4.936166 
147 620.010184 183.913558 718.428223 111.452048 742.272476 255.046849 143.645204 143.645204 -0.000000 3.668529 4.547838 
148 59.168030 323.507875 49.500755 328.898096 5.934201 259.862043 81.608694 81.608694 -0.000000 0.874247 1.007844 
150 244.065525 -0.376931 228.156878 39.063279 35.157849 -62.233878 217.224753 217.224753 0.000000 0.287872 0.483336 
166 748.034098 375.922775 671.188700 334.711530 832.119938 128.196497 261.097128 261.097128 -0.000000 1.898024 2.232769 
169 759.886116 103.937725 798.045859 101.830439 794.643353 353.439436 251.216354 251.216354 0.000000 4.573973 4.725911 
190 630.780636 585.543074 604.365866 620.454254 477.595007 495.246504 177.721738 177.721738 0.000000 0.532632 0.779195 
213 161.825276 131.800572 161.920813 125.099722 158.244975 128.565699 4.920550 4.701453 -1.501116 0.734756 5.527163 
220 24.940505 315.838184 -0.237253 341.749804 -60.056930 260.839476 100.373538 100.373538 0.000000 0.574308 0.934157 
284 185.376175 36.667658 206.984494 29.876495 206.904712 68.323680 38.566842 38.566842 0.000000 4.115160 4.714464 
305 47.811827 4.715253 22.033999 12.370334 28.715699 -16.858575 29.064121 29.064121 -0.000000 0.846245 1.795534 
458 59.027436 114.999939 59.027017 107.999939 87.358280 114.024952 29.020322 29.020322 -0.000000 3.107192 3.351134 
535 427.102858 174.529040 452.875373 180.404685 427.094919 240.184335 64.871100 64.871100 -0.000000 4.712510 5.119548 
