1 26.908281 98.925477 302.231901 214.706194 154.116062 179.385937 153.844139 149.757282 -0.582574 3.705576 0.234092 
5 582.018318 377.028859 410.716515 379.573304 495.459066 249.096770 154.859803 154.859803 -0.000000 0.975946 2.146809 
6 515.666477 547.869925 515.711502 548.416877 641.691747 629.221372 151.914632 149.403658 -0.880528 3.714810 3.711903 
8 158.060726 154.271822 159.743761 154.680755 155.259275 139.905317 14.260129 14.260129 -0.000000 1.378214 1.276123 
9 753.063410 152.969616 745.131418 136.416203 773.402838 132.740457 27.494816 27.494816 0.000000 2.358913 3.012302 
13 147.985481 97.029376 160.823808 98.858119 154.090705 84.575963 16.216567 13.487105 -1.329368 2.026610 1.130261 
14 191.441155 186.980624 170.623059 197.257823 178.204336 189.270835 15.888668 12.612387 1.098687 6.111863 2.330140 
15 641.536579 210.059208 583.290535 377.237300 440.082103 223.845249 214.216527 175.035789 0.484911 6.214859 0.819719 
16 120.723841 100.862780 133.311727 111.932414 128.626287 104.012086 12.129328 12.129328 -0.000000 3.520825 1.036597 
23 756.887335 148.100263 747.392306 137.430716 774.469948 123.430628 29.948288 29.948288 -0.000000 2.190010 2.664410 
26 195.095655 327.375887 59.231980 300.652265 155.182073 174.235545 158.776945 158.776945 -0.000000 1.315834 2.220032 
29 750.434630 162.304893 750.511661 162.904494 753.898857 165.717493 4.928243 4.121189 -1.532612 3.919484 3.834645 
30 -0.302437 393.546356 242.089024 537.962832 88.891666 518.667115 154.165039 154.165039 -0.000000 4.093081 0.125294 
31 194.239726 96.735168 207.927812 115.952973 201.203230 106.021486 11.801546 8.407116 1.062466 4.068973 0.975607 
32 162.953640 189.709420 189.051235 183.984542 175.269708 188.648238 15.323605 12.709610 -0.865912 3.055643 5.956880 
33 204.135915 240.688691 188.048775 258.929055 202.171366 253.341255 12.679543 12.679543 -0.000000 4.866428 2.764830 
34 503.978869 679.005587 572.398353 502.133945 643.169913 631.334815 146.566860 146.566860 0.000000 2.811629 4.211264 
36 278.867151 267.019646 195.360904 327.802233 164.607331 197.099144 132.602585 132.602585 -0.000000 0.549155 1.339706 
38 543.741762 145.807421 543.705625 200.273391 478.461052 177.443294 70.787864 70.787864 -0.000000 5.831923 0.336600 
40 58.662097 300.341914 15.909885 245.043730 146.493441 187.105642 142.596745 142.596745 0.000000 2.230510 2.724002 
44 352.646505 305.111497 373.241574 155.151868 446.905999 240.863583 126.323933 104.809237 -1.409814 2.543318 4.002438 
45 301.072253 214.692705 282.206642 259.103903 159.225034 178.902200 146.226912 146.226912 -0.000000 0.247158 0.577881 
46 743.282965 206.810305 755.713135 200.875548 750.395036 206.265695 7.044957 7.044957 -0.000000 3.065166 5.491059 
47 5.678679 170.954861 30.235029 99.085322 153.954517 182.095179 148.309991 148.309991 0.000000 3.216584 3.732556 
50 735.222686 205.441708 737.222763 190.338446 736.411962 197.602426 6.833479 3.998346 -1.544966 1.721356 4.823548 
53 132.646844 134.847090 112.839448 135.076482 122.170587 125.659757 14.345960 14.345960 -0.000000 0.719943 2.351629 
54 740.781587 139.723442 728.265371 153.245629 636.246943 59.650727 131.218503 131.218503 -0.000000 0.653658 0.793891 
57 304.723557 215.915336 281.194220 268.507840 153.270068 179.994349 155.471576 155.471576 0.000000 0.232872 0.605284 
60 513.610503 183.514564 537.185664 201.974171 523.818854 196.054735 16.284155 11.605662 0.979375 4.029138 0.416889 
61 6.722948 204.038948 5.587186 170.992999 161.589991 183.808983 156.450441 156.450441 -0.000000 3.011700 3.223561 
64 391.932715 357.827303 357.922240 316.048236 451.765163 276.195993 101.174991 101.174991 -0.000000 2.203302 2.740002 
65 38.363395 276.742331 13.860055 234.057157 148.288863 179.812078 145.598923 145.598923 -0.000000 2.418935 2.758053 
66 191.922259 115.043566 192.611422 97.995147 192.423744 106.414397 8.201373 4.316013 1.437804 1.628846 4.734677 
74 667.061219 743.754253 712.953505 755.186643 517.229972 1461.158246 732.488536 732.488536 -0.000000 4.918281 4.982836 
77 729.034710 790.152155 739.974040 797.987745 732.051975 795.706861 10.746733 5.989517 -0.424919 4.214789 0.280333 
78 59.615582 298.382414 38.670595 277.327688 348.065004 4.934741 411.714958 411.714958 -0.000000 2.347605 2.419709 
86 354.219849 192.608096 392.716391 140.690825 474.271706 241.774745 129.521135 129.521135 -0.000000 3.530300 4.033511 
88 345.368534 242.055514 344.754440 224.008356 401.750492 231.147786 56.943767 56.943767 -0.000000 2.950492 3.266205 
89 442.101959 360.835537 413.366914 343.021185 533.730877 180.277805 201.984620 201.984620 0.000000 2.040408 2.207604 
94 55.071993 177.566519 51.086995 165.041035 52.942718 171.914628 6.788458 6.788458 -0.000000 1.210504 4.448697 
96 480.982505 398.097800 406.465396 367.214561 512.444723 226.379926 175.320260 175.320260 0.000000 1.752007 2.215901 
137 502.057848 315.882690 487.622982 308.764555 511.587412 282.743786 34.511737 34.511737 0.000000 1.850805 2.315079 
