1 359.913836 421.805419 538.914264 441.241122 418.230063 757.896615 339.471628 339.471628 -0.000000 4.540586 5.076516 
3 143.717585 197.062058 153.768236 330.876427 -513.223360 316.257214 667.918918 667.918918 0.000000 6.103698 0.021915 
5 246.970738 318.994226 402.359303 333.861775 299.575382 659.845238 342.794389 342.794389 -0.000000 4.559264 5.017826 
7 168.399311 342.436155 236.729428 321.740788 266.763108 545.547193 225.247263 225.247263 -0.000000 4.261392 4.578991 
8 294.620321 458.392482 515.977797 446.088842 420.580223 778.286203 345.292907 345.292907 -0.000000 4.337277 4.992035 
10 250.896776 333.123286 308.996022 329.927676 300.005315 680.385433 349.849919 349.849919 -0.000000 4.571904 4.738038 
16 180.739359 353.366688 236.907827 335.627998 266.264050 530.404812 196.445022 196.445022 -0.000000 4.262364 4.562798 
20 310.977590 433.914833 359.981476 422.893855 403.718945 717.592727 298.104443 298.104443 0.000000 4.396417 4.565050 
33 489.907681 437.308640 517.597578 444.917402 453.970808 631.022179 197.099299 197.099299 0.000000 4.895819 5.041818 
35 364.893389 434.421215 379.080874 432.521809 390.000363 564.857814 132.476727 132.476727 0.000000 4.522231 4.630062 
67 390.103698 413.442307 347.818133 421.739977 350.728645 316.981867 103.834147 103.834147 -0.000000 1.183242 1.598572 
89 416.485223 353.484969 389.293003 407.586687 345.708260 376.512644 83.269572 37.299343 -0.048787 5.968632 0.619369 
90 142.104766 191.002790 142.904551 160.970827 310.365032 181.046752 168.172922 168.172922 0.000000 3.082491 3.260908 
98 467.537641 459.039582 478.176211 457.694279 475.572078 469.601532 13.512371 13.512371 -0.000000 4.062077 4.927700 
112 421.377086 115.119307 446.966689 87.371215 717.871362 292.975431 356.191592 67.788317 0.589086 3.681912 3.790800 
120 333.412932 902.550290 357.253383 871.428071 469.836296 987.786049 160.485816 160.485816 0.000000 3.700040 3.943479 
124 296.551786 444.373940 345.045998 431.226770 349.236229 550.216280 118.050465 118.050465 -0.000000 4.250532 4.677188 
135 431.214419 390.628300 390.421830 413.990460 341.900881 284.201849 137.492707 137.492707 0.000000 0.872603 1.213038 
226 234.726295 237.212735 228.323716 213.276282 450.774175 187.555731 222.198936 222.198936 -0.000000 2.915674 3.026480 
