2 285.857486 386.988595 439.088453 243.603146 416.352171 372.893506 130.487362 130.487362 -0.000000 3.033997 4.886464 
3 307.318711 447.919354 303.263410 501.195384 146.604360 461.224983 161.341996 161.341996 -0.000000 6.200583 0.249813 
4 153.029062 292.629845 232.904344 307.650669 216.351031 189.469568 120.599862 119.279586 -0.226859 2.121317 1.431634 
7 64.033062 379.079264 289.152853 392.133265 172.302079 461.636604 135.552887 135.552887 -0.000000 3.793059 5.746595 
11 507.919484 287.752596 688.431384 442.081116 532.863764 439.345455 172.742049 145.641718 -0.821765 4.549303 0.017583 
14 424.906282 425.000096 463.622491 314.702302 561.065802 411.583806 136.696881 136.696881 0.000000 3.043376 3.924100 
15 -0.281219 618.992181 149.673760 798.744341 45.272495 733.130859 122.680493 122.680493 -0.000000 4.332651 0.561094 
18 691.002204 69.987173 744.436372 97.459622 675.426200 164.402543 95.631348 95.631348 0.000000 4.875889 5.512992 
20 761.701569 214.213167 779.760064 245.084752 637.051851 310.580396 157.498852 157.498852 -0.000000 5.625061 5.852915 
24 294.842545 528.803554 451.238100 510.542474 385.522560 619.939310 128.365132 128.365132 0.000000 3.929497 5.253329 
28 310.925732 570.149915 301.824472 595.142538 384.600285 612.899569 84.804496 84.517772 1.563902 3.667363 3.352910 
32 59.641751 435.899961 153.996824 574.450337 172.076160 459.604812 115.762006 115.221402 -0.812760 3.349382 1.726938 
34 7.698028 386.254513 37.995570 431.488549 -85.141971 482.912541 133.418185 133.418185 0.000000 5.477642 5.887587 
37 405.099876 221.299947 330.948637 235.353450 343.654230 108.768329 126.577456 126.577456 -0.000000 1.071006 1.670833 
39 658.773352 491.749955 611.530245 529.139488 559.388030 417.975129 122.634027 122.634027 0.000000 0.638562 1.132210 
43 688.728089 442.499909 774.461580 533.219080 653.727382 561.600165 122.843918 122.843918 -0.000000 4.998218 6.052306 
44 463.830320 314.790185 507.140647 287.309491 547.558620 398.406299 117.925837 117.925837 -0.000000 3.926320 4.363466 
46 62.883241 380.045593 107.699748 251.479528 149.441813 337.378383 96.060756 96.060756 -0.000000 2.683618 4.260049 
47 411.272199 -0.664455 450.862807 36.270408 348.050052 107.708664 124.909723 124.909723 0.000000 5.240494 5.675932 
49 597.239119 536.336820 431.290380 439.881929 553.022122 427.350647 122.306113 111.982476 0.317787 1.185376 3.039012 
50 295.002415 704.035836 201.268941 694.200225 261.588727 555.394013 150.909866 150.909866 0.000000 1.349679 1.980737 
53 -0.357848 621.474529 150.804549 790.087413 40.521805 738.143967 127.118464 120.862382 -0.883470 4.375368 0.440182 
56 300.036037 489.333643 45.055652 501.783212 171.753310 464.506057 132.502863 132.502863 -0.000000 0.191174 2.855446 
62 42.268580 507.535415 -0.321335 573.713271 -71.098331 481.048411 115.229369 115.229369 -0.000000 0.229522 0.918524 
64 476.301297 644.146811 291.738196 641.129739 384.554985 612.469810 96.650012 96.650012 -0.000000 0.332452 2.842101 
65 394.206852 197.578688 371.846763 205.571305 332.728272 65.346782 145.339070 145.339070 0.000000 1.135596 1.298743 
69 32.017147 -1.322648 96.245923 129.013051 -30.740592 110.656437 127.371049 127.371049 -0.000000 5.223213 0.143561 
70 558.133609 127.690355 543.920353 128.396215 538.527983 -114.034076 242.434053 242.434053 -0.000000 1.489866 1.548557 
71 559.854757 198.015967 557.767113 179.025602 667.619948 176.778394 109.597849 109.597849 -0.000000 2.947013 3.121139 
73 799.697902 509.400971 776.059675 538.049239 686.389605 441.484317 131.050776 131.050776 -0.000000 0.539976 0.822404 
75 91.630111 150.666283 -0.525067 242.811544 27.454262 181.521277 78.514278 38.854821 -0.763940 5.835025 1.999047 
76 527.783383 279.190766 782.311940 331.051300 657.073615 295.899438 129.650115 129.650115 -0.000000 3.270114 0.273639 
77 680.064761 452.703461 658.917484 491.618576 561.431273 408.608650 127.195682 127.195682 -0.000000 0.355865 0.705367 
78 780.997209 344.998435 693.281360 422.113350 661.970914 299.185165 126.446947 126.446947 -0.000000 0.367422 1.321394 
82 295.855775 524.817344 315.470592 509.329522 393.631906 630.653854 143.843014 143.843014 0.000000 3.966557 4.140078 
86 510.006300 127.790513 494.929835 128.948401 497.932667 -0.034204 128.710078 128.710078 -0.000000 1.476621 1.594073 
87 624.729558 702.808797 421.367685 733.583500 516.377528 673.866779 115.274754 93.390904 -0.167208 0.261017 2.580458 
90 238.563075 37.826322 279.279855 -0.946122 335.710589 99.364915 114.412695 114.412695 -0.000000 3.706249 4.199956 
91 17.072010 321.018829 25.724410 287.927940 234.982669 358.140012 220.486317 220.486317 0.000000 3.310323 3.465317 
94 552.988947 48.699036 578.995566 48.478081 559.797755 362.669206 314.010992 314.010992 -0.000000 4.690706 4.773415 
99 739.288393 25.084120 758.965542 9.560244 759.171233 30.443189 21.113296 21.113296 0.000000 3.404869 4.702540 
100 741.903560 657.886547 512.829205 548.863713 644.055554 567.983080 132.105286 132.105286 -0.000000 0.743109 3.286272 
104 620.848993 73.510131 647.758063 65.215152 667.480678 169.344834 105.588652 105.588652 -0.000000 4.259531 4.525202 
109 777.639196 357.496845 799.281744 384.991052 694.626629 446.042425 120.561318 120.561318 -0.000000 5.465547 5.755093 
113 468.864826 137.951113 404.828779 220.767004 345.518436 108.010679 126.367921 126.367921 -0.000000 0.238129 1.086562 
114 338.792771 294.774982 398.664692 263.846429 410.843020 362.522531 98.626010 98.626010 0.000000 3.896223 4.589593 
115 354.295540 491.135246 309.676891 450.191936 401.925468 393.478832 108.463660 108.463660 0.000000 2.024580 2.590372 
119 292.351227 472.889505 54.611173 478.039130 171.941630 469.726828 119.645871 119.645871 -0.000000 0.026260 3.070866 
129 233.021935 310.433934 152.102547 292.900410 215.041970 195.412935 115.854402 115.854402 -0.000000 1.415732 2.144083 
130 154.133679 573.499536 60.620675 481.091534 130.396297 506.605315 79.786049 51.891208 0.735582 1.229808 3.492145 
133 368.107190 705.648159 332.680134 691.634747 376.280753 631.323893 73.937798 73.937798 -0.000000 1.680328 2.196747 
142 67.601195 153.304684 -0.015911 219.967841 -31.501579 121.164203 102.903252 102.903252 0.000000 0.313612 1.262301 
146 736.029946 385.052716 693.748382 404.352688 662.894404 280.677266 126.912426 126.912426 -0.000000 0.959603 1.326311 
149 539.062269 747.506417 537.963768 728.886460 536.454961 738.531694 9.720937 9.190263 -0.798721 1.288062 4.867562 
150 540.460867 748.487771 529.446145 729.502450 536.141445 739.167609 11.115527 11.115527 -0.000000 1.136814 4.106562 
151 41.743114 190.680112 0.542407 217.125585 -30.770507 126.422101 95.739908 95.739908 -0.000000 0.725111 1.238384 
152 327.619720 283.551354 454.092348 251.547250 418.527795 380.057570 133.177581 133.177581 0.000000 3.956852 4.982377 
154 101.690257 352.358371 202.253944 335.024037 172.913341 468.692714 136.170562 136.170562 0.000000 4.163027 4.928465 
157 770.286981 530.952173 745.922211 653.337612 642.848476 569.263185 132.185465 132.185465 0.000000 5.991157 0.684225 
159 554.694369 741.864232 553.002716 734.836336 550.116089 740.309374 5.380066 5.380066 -0.000000 0.327394 5.197736 
163 202.010402 337.609048 298.777723 488.065360 176.186270 460.343486 123.565313 123.565313 0.000000 4.919771 0.222392 
164 -0.156748 13.317902 72.752561 135.005342 -0.662667 96.446466 88.013692 69.141241 1.043243 4.718475 0.483617 
171 0.042420 16.915637 69.837496 129.000183 -30.074336 113.198936 99.970009 99.970009 0.000000 5.015541 0.156853 
177 44.387355 444.861192 69.725677 383.511498 149.230658 452.018595 104.272121 104.272121 -0.000000 3.209755 3.852823 
184 22.982749 -1.462984 91.662417 131.045359 -35.566836 113.210601 128.245555 128.245555 -0.000000 5.184462 0.139271 
187 293.665672 400.127718 305.428382 434.883835 137.523487 474.526422 172.539416 172.539416 -0.000000 5.838530 6.051330 
196 603.945051 490.858470 480.405327 361.205346 558.088993 410.606972 91.608827 91.608827 -0.000000 1.051668 3.708015 
203 269.043847 402.979359 280.300189 429.883393 185.201265 454.140962 97.916053 97.916053 0.000000 5.735292 6.033434 
205 608.911351 331.893743 611.482984 486.512150 559.251017 409.779099 91.991553 91.991553 -0.000000 5.280003 0.973143 
209 0.222628 382.802854 27.036344 413.082274 -51.161408 452.193433 85.304686 85.304686 -0.000000 5.349785 5.819412 
216 291.982725 595.123254 406.052605 520.600620 383.884599 612.171030 93.533456 93.533456 0.000000 3.325008 4.949906 
221 350.780201 706.437501 331.597895 696.800373 526.921606 377.794063 373.334676 373.334676 0.000000 2.062800 2.120202 
222 508.196567 754.232925 487.660530 745.948881 497.434537 750.029225 10.449916 10.449916 -0.000000 0.372381 3.537067 
238 488.058413 544.967660 260.766480 591.884415 383.939668 612.833454 124.380933 124.380933 -0.000000 5.705538 3.310059 
243 240.130148 310.759941 243.753893 342.915039 162.927943 335.345219 80.098261 80.098261 0.000000 5.974886 0.093383 
244 321.043831 446.962195 311.999998 433.481083 376.259118 397.186983 73.978986 73.978986 -0.000000 2.407963 2.627451 
247 480.726909 360.787834 516.052877 329.111814 547.721479 398.120863 76.082038 76.082038 -0.000000 3.649989 4.282154 
263 376.222235 199.862427 344.967457 205.609277 335.582600 87.830510 118.662727 118.662727 -0.000000 1.222808 1.491282 
266 287.132786 371.868214 292.444353 336.915561 622.330260 409.477804 337.221359 337.221359 0.000000 3.253327 3.358106 
280 200.210416 693.646877 130.501857 603.167096 255.693541 579.328743 126.612983 126.612983 0.000000 2.022647 2.953430 
285 278.162041 62.184222 332.704475 28.436292 344.457150 109.616248 81.057942 81.057942 -0.000000 3.762625 4.568615 
286 444.088242 692.125579 418.984027 705.292572 383.279528 609.666367 102.522835 102.522835 -0.000000 0.935382 1.213450 
287 419.000024 706.000080 363.836535 710.221495 382.698274 580.092191 131.831183 131.831183 0.000000 1.290089 1.714740 
298 310.790358 550.817737 397.028360 516.182625 386.198178 617.755871 101.906777 101.906777 -0.000000 3.867560 4.818612 
310 371.252426 487.220732 320.724570 447.344331 406.036623 387.439623 103.895326 103.895326 -0.000000 1.906228 2.529403 
311 270.296516 300.908190 272.266511 367.845904 149.833007 337.899746 126.174488 126.174488 -0.000000 5.985249 0.239882 
318 17.541098 303.200111 33.692805 265.843087 138.711695 333.430812 124.439361 124.439361 0.000000 3.386090 3.713439 
323 66.583201 372.110256 111.514013 257.108055 150.103795 338.477049 89.765054 89.765054 0.000000 2.758766 4.269547 
328 277.628421 44.641701 382.141699 24.735253 345.686604 115.512253 98.719610 98.719610 -0.000000 3.947231 5.094265 
337 59.145951 477.061387 57.347964 452.046867 171.841598 457.502473 114.061156 114.061156 0.000000 2.969749 3.189207 
338 291.124668 395.083579 325.837790 284.866232 417.987775 374.102502 128.239919 128.239919 -0.000000 2.977693 3.910929 
343 332.794015 691.269357 307.318280 665.793024 369.066069 628.659754 72.072740 72.072740 -0.000000 2.095884 2.600166 
344 430.702271 115.472599 342.226957 194.331467 348.091891 112.114446 81.581134 81.581134 -0.000000 0.040628 1.642010 
351 545.999684 319.412563 585.003804 321.980528 562.223102 390.646460 72.091018 72.091018 0.000000 4.488460 5.032724 
353 456.497950 673.531947 438.955884 689.952872 408.394251 640.787445 57.396402 57.396402 -0.000000 0.597660 1.014640 
368 695.844246 685.593412 628.000331 696.175390 637.202428 527.824858 168.650861 168.650861 0.000000 1.214926 1.625402 
372 759.082830 384.939012 780.041698 466.119778 694.402376 445.054758 87.882730 87.882730 -0.000000 5.534348 0.241186 
377 300.489044 339.800888 502.961375 286.056920 424.267649 404.386102 153.334475 132.338780 1.355890 3.622512 5.299265 
382 414.107346 57.893553 430.374185 115.016043 344.485035 109.217017 86.140819 86.140819 -0.000000 5.647946 0.067415 
383 612.813968 474.827951 569.815881 493.987477 551.943527 399.118535 97.069025 97.069025 0.000000 0.893621 1.384589 
399 644.673393 512.539230 598.060154 538.147723 565.903010 425.592789 116.741901 116.741901 0.000000 0.834696 1.292508 
402 515.000000 697.000000 496.012125 691.015049 503.842628 698.614110 11.209364 9.604126 0.134933 6.139514 3.911992 
404 769.613810 371.492700 798.531893 430.889085 702.269708 441.699727 96.670634 96.670634 0.000000 5.476977 6.171350 
406 397.125267 516.521150 474.803454 577.576000 384.333715 612.232815 96.225726 96.225726 -0.000000 4.845248 5.917353 
409 348.007448 416.936322 362.032711 424.989441 353.222772 427.502507 10.283552 10.283552 0.000000 4.253886 6.005312 
416 519.090535 673.691819 513.913524 695.536876 518.873173 685.193880 11.224113 11.224113 -0.000000 4.731284 2.017924 
419 751.384730 392.705129 758.338637 489.161418 693.420100 444.974604 78.003285 78.003285 0.000000 5.549405 0.597621 
424 482.100811 612.175908 477.326633 642.052195 376.353018 609.521419 105.238297 105.238297 0.000000 0.025097 0.311671 
435 543.921910 697.364936 547.000000 681.000000 542.581069 687.980791 9.482202 9.155640 0.297226 1.428873 5.276730 
441 773.771533 419.873905 770.881268 474.957386 676.279817 444.446343 100.161339 100.161339 -0.000000 6.036282 0.311989 
445 306.635508 665.222306 293.363040 633.876602 403.010586 609.050718 111.890160 111.890160 0.000000 2.613884 2.918931 
446 516.039356 677.067713 513.964241 693.625313 517.835163 684.952420 9.986718 9.152569 -0.024306 4.488451 1.990589 
458 100.660603 362.613992 200.922013 342.579403 172.838228 463.496779 124.093296 124.093296 -0.000000 4.091362 4.940599 
467 348.873416 548.566667 463.134826 595.944362 386.682560 621.405315 80.746559 80.746559 0.000000 4.233594 5.961707 
475 767.995481 387.003005 786.818753 457.974127 693.340923 445.536913 94.668283 94.668283 -0.000000 5.618238 0.132273 
477 475.509920 739.962680 489.021176 722.192689 487.697430 734.231836 12.247216 12.247216 -0.000000 2.702049 4.821903 
479 234.551737 311.925408 238.208271 338.971843 173.017149 333.313633 64.498811 64.498811 -0.000000 5.948668 0.086577 
480 350.264932 376.946911 337.857030 375.363422 345.991368 368.169929 10.087898 10.087898 -0.000000 1.117679 2.417499 
482 492.694373 725.055177 509.098892 726.027775 501.167148 721.056106 9.490593 8.920361 -0.942015 2.700603 0.559897 
483 539.413425 724.626261 563.459030 728.863595 551.060659 731.628286 15.821055 12.947680 1.511580 3.682876 6.063787 
487 137.716006 621.066048 131.892277 596.025053 235.274658 584.568989 103.591455 103.591455 -0.000000 2.783608 3.031230 
488 357.964887 25.847993 393.122506 37.738261 338.536042 131.406431 108.083951 108.083951 -0.000000 4.894409 5.240039 
492 490.610140 726.028439 512.889861 721.784492 501.313723 721.596778 11.474752 11.474752 -0.000000 2.749046 0.016214 
496 166.084867 665.932292 138.036705 620.983626 241.887420 587.207321 108.739930 108.739930 0.000000 2.337285 2.827145 
501 454.200738 169.147755 427.331789 201.343333 344.152211 106.981988 125.798584 125.798584 0.000000 0.514206 0.848296 
504 476.970773 632.323032 456.494597 673.366292 384.859773 612.658070 93.758469 93.758469 0.000000 0.210334 0.703022 
510 98.549841 188.088150 101.751051 168.120408 250.819979 199.294591 152.550254 152.550254 0.000000 3.215056 3.347748 
532 559.016386 307.974678 554.014113 311.991847 558.241624 311.889668 4.145551 3.849123 1.321400 4.907761 3.117427 
537 386.535380 360.735603 397.587893 362.412330 392.091573 366.399704 7.528254 7.528254 -0.000000 3.936608 5.655574 
557 468.482446 722.740746 463.181570 741.474447 456.925744 728.058947 16.376861 11.749167 0.581102 5.851895 1.134459 
565 798.290573 458.048141 770.710483 516.773947 700.776631 447.935350 97.776074 97.776074 0.000000 0.103337 0.777506 
580 787.370924 458.106826 765.342196 505.512478 693.123185 444.333932 94.573043 94.573043 0.000000 0.145108 0.702823 
584 387.916388 384.944904 403.901288 393.107127 390.139326 399.669032 14.728902 14.728902 0.000000 4.562548 5.838257 
586 798.430494 480.193244 774.965257 519.974417 686.873157 440.702615 118.120879 118.120879 0.000000 0.340229 0.732746 
604 779.281621 466.073983 762.772329 499.863543 693.876401 444.997939 87.914098 87.914098 0.000000 0.241943 0.672514 
623 426.996243 324.013594 440.840444 333.137084 427.413313 337.757761 13.555895 13.555895 0.000000 4.682053 5.951750 
624 427.759052 390.938117 443.723671 344.877284 609.251654 424.604176 184.080794 184.080794 0.000000 3.325003 3.590454 
626 44.621326 462.024517 45.332051 444.013103 263.724862 468.747836 219.434147 219.434147 -0.000000 3.172269 3.254370 
