1 643.509879 362.244787 613.489401 326.911063 647.120411 341.735881 39.613335 19.826047 0.191417 1.745058 3.556776 
3 90.759377 23.528599 79.585613 35.482470 159.496470 49.724980 88.310552 43.885636 -0.027270 3.505709 3.317971 
4 515.219058 367.952679 482.852642 374.178634 495.158522 365.171920 27.296207 14.925982 0.792343 0.137741 2.509774 
6 653.897677 342.978344 643.959902 361.670309 646.352978 349.003470 13.247282 6.242226 -1.437018 5.609304 1.757520 
66 530.475698 379.258385 562.292753 449.390964 540.686205 415.753148 40.331358 28.228327 0.899464 4.439584 0.999833 
108 624.006513 322.413644 651.254480 334.111748 637.893097 330.586285 15.155860 15.155860 -0.000000 3.673534 0.257975 
132 122.764074 772.182965 97.018743 738.985464 604.237678 374.224872 624.434276 624.434276 -0.000000 2.450876 2.518137 
141 -0.555152 619.416065 13.238719 637.821089 -368.254827 910.579648 468.741620 468.741620 0.000000 5.613433 5.662479 
152 798.127856 548.843920 774.451464 529.448878 1117.329879 151.782791 509.606538 509.606538 0.000000 2.247918 2.307952 
213 621.848692 314.398200 590.762506 303.086847 609.075171 296.919926 19.995378 19.995378 -0.000000 0.939682 2.816764 
234 -0.933023 569.718541 17.370100 593.485099 -179.483854 726.077263 236.839667 236.839667 0.000000 5.563953 5.690428 
254 53.535746 709.356375 80.935092 745.049826 -302.363943 1022.907606 473.400800 473.400800 -0.000000 5.560961 5.655935 
257 798.146102 587.824915 751.843728 549.187273 1266.698837 -24.293341 770.404471 770.404471 -0.000000 2.224119 2.302379 
271 41.495680 624.625338 66.459540 657.652654 -317.197817 926.225336 468.050293 468.050293 -0.000000 5.584039 5.672437 
293 106.406773 777.682772 82.190724 746.631125 574.101916 363.995164 623.773010 623.773010 -0.000000 2.417394 2.480501 
294 614.277323 333.153358 631.048129 325.549965 621.431482 338.481550 15.272212 15.272212 -0.000000 3.781737 5.351817 
297 117.634828 682.299028 141.973672 712.021559 -81.737159 871.631447 274.396750 274.396750 -0.000000 5.523610 5.663479 
313 541.412117 394.876966 553.753302 431.896439 529.086525 420.992885 27.750112 27.750112 -0.000000 5.153352 0.416210 
340 678.857062 708.095456 659.886035 690.120279 966.747498 374.431025 440.517744 440.517744 -0.000000 2.282683 2.342015 
374 591.609552 300.768533 606.076815 285.263072 603.878337 297.249243 12.465205 10.815228 -0.353482 2.862244 4.893791 
398 775.695446 527.372423 798.680055 546.168396 482.342666 903.967876 477.316446 477.316446 0.000000 5.374168 5.436361 
399 672.145036 593.836760 695.984328 615.017640 251.152078 1080.531036 643.610871 643.610871 0.000000 5.425530 5.475073 
402 341.616690 772.467366 363.810523 798.163651 51.570625 1042.868776 396.431118 396.431118 0.000000 5.532825 5.618457 
414 798.000932 25.980673 786.661232 21.313632 795.885000 14.913553 10.614514 10.614514 0.000000 1.381885 2.534994 
422 254.446007 51.170912 188.924167 94.677393 217.210319 70.169639 40.711773 15.125705 -0.474537 5.811388 2.427641 
428 223.098318 489.123300 314.158155 500.786771 260.781855 547.358076 69.564172 69.564172 0.000000 4.138057 5.565768 
431 87.997999 483.001814 67.578826 460.475322 414.542182 165.854518 455.005771 455.005771 0.000000 2.370792 2.437598 
441 477.975374 380.003194 445.265871 380.061145 462.393590 387.172630 17.372782 12.995870 0.218853 5.851950 3.535136 
470 348.419014 747.556441 292.996658 759.188319 288.737283 606.581343 153.005723 153.005723 0.000000 1.170325 1.542893 
482 -1.302345 752.875624 14.168864 775.886466 -265.380089 959.206472 334.178230 334.178230 0.000000 5.619935 5.702764 
519 335.652893 774.439478 356.355276 798.553508 29.997029 1050.775159 412.117864 412.117864 0.000000 5.548124 5.625228 
529 749.728546 -0.310103 734.937384 6.634645 736.154888 -5.654346 13.845993 13.845993 -0.000000 0.375082 1.669547 
545 392.382860 373.074077 399.237833 352.307858 409.011690 366.603184 17.428182 17.428182 -0.000000 2.770486 4.112680 
548 275.015500 579.962064 320.197872 611.239659 256.890920 661.800378 82.532157 82.532157 0.000000 4.930339 5.609262 
607 769.527563 445.599185 797.490120 467.646675 322.214564 1052.996837 753.997796 753.997796 0.000000 5.347156 5.394375 
631 129.371738 798.472357 114.828454 779.128976 724.101391 327.101143 758.802385 758.802385 0.000000 2.471392 2.503287 
638 224.446535 774.449637 244.143952 798.695457 -219.918169 1160.614207 588.448254 588.448254 0.000000 5.567749 5.620826 
679 618.307341 622.669864 643.170767 645.816567 483.147924 804.909625 225.780496 225.780496 0.000000 5.350529 5.500701 
693 77.583816 35.673011 91.663511 23.459323 150.082540 105.406575 100.143570 100.143570 -0.000000 3.907552 4.093067 
694 71.153195 797.156622 47.286207 764.522026 473.302124 463.523682 521.997513 521.997513 0.000000 2.449047 2.526489 
714 259.804381 798.160401 235.446202 768.454096 586.739074 490.625382 448.082581 448.082581 -0.000000 2.386761 2.472441 
758 506.191214 7.576760 492.675697 11.202757 496.709987 -0.235581 11.888141 11.888141 -0.000000 0.689193 1.909874 
775 207.376438 500.335125 262.016393 475.187005 258.363478 544.639373 68.680710 68.680710 0.000000 3.856975 4.764937 
779 798.373661 473.534722 779.060328 457.927456 883.118182 360.283507 141.755459 141.755459 0.000000 2.213201 2.387983 
798 459.285142 3.150621 456.442023 20.114129 443.770000 7.213225 15.429884 15.429884 -0.000000 6.027087 0.794348 
803 432.242887 798.680710 414.303167 778.727426 648.239472 582.062343 305.745718 305.745718 -0.000000 2.354757 2.442536 
804 456.925552 20.829291 452.905595 -0.151849 463.859070 11.236527 13.390194 13.390194 0.000000 2.196652 3.946454 
811 763.788262 26.755121 767.348173 15.612914 769.451260 22.320730 7.359379 7.359379 -0.000000 2.477275 4.408568 
812 549.701064 250.923173 599.963858 261.018968 574.737218 253.772956 25.398748 12.646316 0.359215 3.254932 0.279706 
820 701.231375 577.736342 724.140249 597.840183 492.403206 859.964516 350.142762 350.142762 0.000000 5.349412 5.436335 
824 438.981161 372.150834 402.943528 365.999424 437.114187 339.374926 53.471758 22.497159 -0.993852 1.513896 2.479687 
855 152.111017 709.910494 123.978810 675.017084 439.392558 462.228887 379.400638 379.400638 -0.000000 2.430083 2.548096 
873 598.768548 669.237588 575.458421 646.529427 873.627331 362.896587 411.420489 411.420489 0.000000 2.302080 2.381174 
875 338.230144 773.670162 360.095087 798.787731 -153.310996 1249.823668 683.590906 683.590906 0.000000 5.513687 5.562367 
883 492.836924 8.176231 508.115547 2.300455 508.037190 49.107765 43.010853 43.010853 0.000000 4.356815 4.714063 
907 274.962060 580.093227 228.990535 559.018488 349.810623 359.514331 232.760523 232.760523 0.000000 1.897932 2.115325 
917 613.086629 289.026382 631.617311 270.287696 632.041490 291.684642 19.304888 19.304888 -0.000000 3.280926 4.692567 
930 797.920147 30.923055 791.034133 38.069306 787.617601 28.195303 10.586200 10.586200 -0.000000 0.258826 1.237678 
975 601.191970 260.992701 601.914828 280.003239 550.483566 273.069745 51.527157 51.527157 0.000000 6.049375 0.134003 
988 745.804873 95.880336 762.190099 81.931485 764.937275 98.867882 18.633138 18.633138 -0.000000 3.296493 4.551584 
992 91.744286 502.804424 122.935132 480.815918 136.472117 534.743670 55.357782 55.357782 0.000000 3.761706 4.466450 
994 555.332164 639.630700 598.477975 616.907559 796.534295 1042.370729 469.011170 469.011170 -0.000000 4.172777 4.276714 
997 479.472446 327.278055 530.101259 309.902672 534.666755 401.138174 91.694273 91.694273 -0.000000 4.070630 4.662390 
1011 187.208351 607.209357 160.410075 621.043249 155.718100 572.774779 47.137483 47.137483 -0.000000 0.830030 1.473895 
1038 432.192379 454.907655 429.426597 535.574488 419.559484 483.289352 53.288299 22.584173 1.285334 5.131167 1.384273 
1043 580.541425 48.950533 584.367092 21.766613 602.561617 38.557296 23.439100 23.439100 -0.000000 2.700606 3.886886 
1055 707.313817 109.299606 698.481794 118.550544 690.619328 105.387682 15.737985 15.737985 0.000000 0.230172 1.032348 
1106 384.909319 193.571050 362.134317 200.654188 316.416076 21.407977 185.492304 185.492304 -0.000000 1.192154 1.321063 
1117 402.040180 13.695283 385.353629 5.493994 400.153823 -2.525909 15.578669 15.578669 0.000000 1.455027 2.645006 
1130 399.012976 459.066933 407.791644 506.566968 406.440445 482.105316 23.770136 12.337414 1.426531 4.400515 1.515615 
1135 680.099004 117.079727 673.866481 126.928106 565.873780 61.110105 125.468268 125.468268 -0.000000 0.455610 0.547352 
1137 260.056536 211.025721 245.722050 233.151231 226.583381 205.082614 33.394206 33.394206 -0.000000 0.175717 0.972354 
1139 767.834838 242.834403 750.937501 250.195432 760.232283 243.096569 8.514313 8.514313 -0.000000 6.248715 2.489351 
1141 749.195296 403.745530 722.060789 382.920792 1081.787627 -65.695661 575.053902 575.053902 -0.000000 2.187195 2.246669 
1146 587.044794 18.797859 585.910300 47.972771 564.330137 34.135233 25.501206 25.501206 -0.000000 5.689285 0.570175 
1154 377.135061 368.902113 389.407518 363.687798 451.360298 521.880031 169.384476 169.384476 -0.000000 4.260649 4.339119 
1161 728.980917 103.307207 717.302553 112.070557 710.029741 91.650395 21.411645 21.411645 0.000000 0.551446 1.228646 
1163 720.407267 275.765660 712.490342 242.812804 738.967130 252.832395 28.239377 28.239377 -0.000000 2.251182 3.503366 
1172 444.843344 339.605573 481.490338 327.741850 520.635693 507.493230 184.122794 184.122794 0.000000 4.288333 4.497962 
1175 670.588333 6.655907 657.624786 9.713892 661.677562 1.910812 9.871933 9.871933 -0.000000 0.489318 2.049829 
1189 702.967138 49.222023 692.329845 28.198125 713.450589 30.062515 20.589339 20.589339 -0.000000 2.071462 3.229637 
1198 486.672502 121.592582 509.417256 111.988122 529.071901 183.393624 74.030039 74.030039 0.000000 4.111078 4.443787 
1205 608.061002 -0.214980 605.324429 19.133483 594.325413 7.222784 15.446934 15.446934 -0.000000 5.786895 0.825172 
1211 710.967602 19.625988 702.645328 1.866804 716.203718 7.136518 13.813517 13.813517 -0.000000 1.967780 3.512292 
1212 89.320475 233.979571 63.766624 135.022845 228.027961 150.166989 162.618410 162.618410 0.000000 2.598061 3.233528 
1224 789.434075 82.097754 748.345577 98.344995 592.345130 -322.359770 449.151218 449.151218 0.000000 1.117367 1.215706 
1225 566.496573 114.443747 554.021960 118.215007 558.647182 104.930585 13.443466 13.443466 -0.000000 0.880932 1.905839 
1240 759.083794 3.077569 749.945299 12.949362 744.055620 -1.667484 14.833447 14.833447 -0.000000 0.305837 1.187760 
1241 94.981367 85.044446 68.067271 59.969024 107.663886 42.565040 43.877104 43.877104 -0.000000 1.860929 2.727478 
1243 360.570995 240.119789 349.952733 249.893484 327.219264 216.764744 41.023676 41.023676 0.000000 0.610904 0.969381 
1281 28.361652 50.511070 51.374391 32.507727 111.936429 160.797685 140.714533 140.714533 0.000000 4.063917 4.271333 
1282 235.145154 19.766317 253.453303 52.083385 240.413745 36.783919 19.460559 9.741861 0.956234 4.412151 0.864975 
1289 371.710733 48.646859 351.937575 55.716312 355.789526 27.675924 26.730662 26.730662 0.000000 0.921431 1.707313 
1295 762.973010 465.014253 766.262455 494.852603 741.483793 484.430375 27.742307 27.742307 0.000000 5.548424 0.398149 
1298 388.661929 0.622901 404.359010 11.550692 375.632916 37.879252 38.817603 38.817603 -0.000000 5.048808 5.541308 
1300 59.589326 352.557829 27.577990 323.570348 256.250001 116.306589 307.474349 307.474349 0.000000 2.264996 2.405264 
1304 554.129244 52.454160 563.103050 33.136833 566.202599 46.526939 12.756049 12.756049 -0.000000 2.685224 4.484915 
1314 681.547303 52.668209 686.464015 73.038367 666.164160 65.244281 20.471275 20.471275 -0.000000 5.597851 0.366592 
1364 657.658065 6.322428 669.718529 4.635495 664.975998 10.807790 8.700867 8.700867 -0.000000 3.691463 5.367536 
1371 388.920064 477.025829 411.762126 443.446077 423.820930 488.860560 64.281775 23.099460 0.934057 3.468520 4.452850 
1407 568.841360 31.878266 580.094178 21.098309 659.660920 122.496452 128.730503 128.730503 0.000000 3.925881 4.047050 
1418 656.782903 42.491989 666.761795 30.744584 668.387168 43.687796 11.168871 11.168871 -0.000000 3.244279 4.587466 
1423 145.909348 359.380176 101.083253 363.030300 114.033272 265.452381 98.083336 98.083336 0.000000 1.243625 1.702740 
1427 665.168223 27.460707 655.286458 23.923960 659.551584 24.791915 5.322267 5.322267 -0.000000 0.443577 3.342352 
1429 667.695693 335.395211 691.947214 354.068555 479.646152 598.960984 323.793038 323.793038 -0.000000 5.332106 5.426622 
1438 354.722151 13.427080 372.321118 21.106496 359.169940 22.790875 11.812496 11.812496 -0.000000 4.268942 6.155801 
1448 647.091823 84.702407 652.117252 69.366103 666.887712 80.588145 18.571356 18.571356 -0.000000 2.936676 3.791313 
1451 430.150935 468.840653 437.609585 500.043527 363.572261 497.590093 73.529015 73.529015 0.000000 5.875559 0.033126 
1463 500.793123 22.397393 487.051331 12.958715 499.184541 11.314762 11.336605 11.336605 -0.000000 1.426658 3.006921 
1467 356.095533 205.176660 344.822830 244.780782 328.075350 218.955310 30.622289 30.622289 0.000000 5.826167 0.995486 
1490 671.892033 21.787615 659.711930 24.407675 664.422148 14.270210 10.675848 10.675848 -0.000000 0.788569 2.005754 
1492 426.995205 71.997925 439.858427 57.997415 439.082917 67.919852 10.519345 10.519345 -0.000000 2.816210 4.790388 
1500 673.030881 84.362680 666.768255 64.056412 686.735230 67.190899 19.871930 19.871930 0.000000 2.244362 3.297305 
1601 261.855624 165.184243 257.623425 139.081052 821.787583 61.685261 569.255964 569.255964 -0.000000 2.958814 3.005257 
1643 726.807549 74.516154 738.633121 79.208953 731.491890 80.002980 7.397591 7.397591 -0.000000 4.005726 6.172451 
1657 402.205967 365.931700 418.034763 351.618670 437.717174 378.623108 42.559784 17.688470 0.578388 3.484837 4.082556 
1738 219.929844 2.713878 192.035850 3.800142 204.675677 -28.173614 34.101976 34.101976 -0.000000 1.112071 1.947261 
1739 481.499391 73.541623 462.964985 71.066314 474.477190 62.555890 13.627903 13.627903 -0.000000 1.002043 2.505006 
1755 553.511347 139.037560 565.990441 139.017577 560.115389 145.178153 8.900457 8.900457 -0.000000 3.890643 5.474068 
1808 448.379420 498.015182 444.150224 530.742768 363.923497 503.982005 84.515422 84.515422 -0.000000 6.212652 0.321958 
