10 295.133526 377.584862 283.894062 527.356238 283.822041 451.821308 80.786137 73.352132 0.623524 4.863597 1.569843 
11 230.168395 505.843090 242.025686 381.041093 273.539565 451.322020 76.715192 69.329604 0.895139 2.242784 4.290867 
20 571.126345 205.333571 468.916869 205.153634 519.353621 -245.193035 453.014449 453.014449 0.000000 1.456382 1.682327 
49 562.097217 359.675006 563.627276 510.355695 542.456739 434.684721 78.924403 71.725240 1.467924 4.968479 1.298000 
60 241.743852 511.294023 249.708160 381.353721 271.019601 450.188061 71.711443 65.043219 1.076101 2.017583 4.412144 
65 496.163396 369.398395 519.567982 357.172938 544.481045 432.053644 78.333196 78.333196 0.000000 4.055478 4.391205 
68 700.814008 349.073163 681.926535 335.051023 702.889206 328.202803 21.343570 21.343570 -0.000000 1.669903 2.825836 
72 702.451081 349.450684 683.460177 341.408039 692.567841 344.376645 10.163584 5.289705 0.684867 0.474309 3.456680 
77 350.965068 428.010852 357.183393 466.994387 288.786120 458.800061 68.566726 68.566726 -0.000000 5.823408 0.119237 
78 281.891649 508.876429 261.024194 518.117348 263.122389 492.299924 25.342431 25.342431 -0.000000 0.723440 1.651889 
81 294.979403 380.054857 241.777212 511.522090 282.398956 451.693320 78.462322 71.371813 0.475575 4.886227 2.167266 
85 269.300154 510.697232 219.874904 487.112100 245.546899 496.929560 27.887374 11.290679 0.598928 0.525293 3.506852 
98 682.229191 340.194378 664.882460 356.839222 640.216639 316.523627 47.515835 47.515835 0.000000 0.513089 1.021732 
101 511.158716 578.440421 506.963876 558.647779 744.994759 526.460472 240.049636 240.049636 0.000000 2.922857 3.007185 
106 218.963865 452.097466 234.036051 437.500604 229.300044 448.662672 11.548615 11.548615 -0.000000 2.820765 5.113662 
123 290.241648 499.147288 273.593349 519.546121 254.274828 484.727358 38.686453 38.686453 -0.000000 0.381302 1.064252 
126 221.185076 449.403843 247.074987 463.986905 226.120510 468.772709 25.267173 17.645178 -0.947807 4.462886 6.058646 
127 480.027709 389.408151 493.458738 373.220427 540.806765 424.091152 70.019256 70.019256 -0.000000 3.660145 3.962841 
128 596.985897 210.801886 614.007615 210.726825 604.644850 274.635838 64.958854 64.958854 -0.000000 4.592977 4.857856 
135 565.253406 362.601359 513.847028 503.483291 543.392799 434.624911 75.481863 68.029769 1.490227 5.007072 1.976118 
136 268.792516 497.639951 241.998463 503.726526 250.187426 473.289519 30.718594 30.718594 -0.000000 0.918360 1.833619 
138 222.017980 451.038633 245.286199 461.916036 232.034161 461.394174 13.639230 13.639230 -0.000000 3.943648 0.039359 
146 480.424412 392.534465 519.953422 359.911405 538.334158 422.603212 64.472315 64.472315 0.000000 3.620509 4.427190 
147 267.302102 496.668626 238.917116 500.910293 249.271701 464.623079 37.308621 37.308621 -0.000000 1.058294 1.848760 
155 270.735707 474.964157 250.950700 496.835781 216.477653 461.737830 57.641426 29.884182 0.406118 0.239104 0.794380 
156 250.776656 464.045280 257.932962 447.744493 263.674588 463.659266 18.288207 11.005304 0.863442 3.111673 4.366149 
158 248.956390 466.024362 257.892992 445.692886 272.635745 468.665605 29.728012 16.603620 0.700081 3.252676 4.141835 
167 671.969435 631.268934 643.869248 627.932181 674.213048 479.000849 151.832805 151.832805 -0.000000 1.585530 1.771789 
182 513.944106 416.910748 501.759922 415.816878 509.892651 406.148200 11.961786 11.961786 -0.000000 1.210764 2.270125 
206 530.759344 492.674055 506.128546 496.731738 518.938330 493.824922 12.019940 5.100314 -0.243313 6.186133 2.918450 
224 486.952764 426.870881 506.523693 444.022630 494.300796 437.689736 12.910988 12.910988 -0.000000 4.115768 0.478036 
256 487.012485 429.023584 504.506459 444.072937 488.236236 445.065310 20.719472 13.874184 -0.876683 4.636251 6.222268 
