6 173.478527 322.643013 777.423959 521.006614 443.935248 511.738164 334.356163 317.538995 0.030780 3.751761 0.027785 
7 413.150754 577.344850 399.512611 554.363803 402.450063 568.249467 19.088284 13.329494 -0.710417 0.704483 4.503917 
8 637.013141 772.432243 636.039336 770.959517 634.389608 781.913382 9.997811 8.960442 1.355127 4.982345 4.861872 
9 586.894509 744.040958 586.399134 744.033004 577.109999 744.128972 9.651467 9.651467 -0.000000 6.274190 6.272854 
11 398.999190 552.765410 402.392934 576.899306 402.581523 564.785111 16.685884 11.047340 -0.398898 4.422733 1.586363 
14 448.212524 564.884879 453.430131 567.682931 453.695155 561.083717 6.843094 5.459652 -0.214757 2.535371 1.610935 
18 512.988546 701.924454 512.701100 701.958395 520.829015 707.343466 9.560749 9.202714 1.256916 3.746360 3.726733 
19 409.131530 554.591724 409.594043 572.395944 381.139976 571.971230 36.565676 14.801608 -0.369051 5.727551 0.014925 
22 536.704841 577.850182 546.864324 564.833149 551.689842 578.762617 14.181698 14.181698 -0.000000 3.202407 4.378902 
23 397.661956 586.961072 397.609778 552.547081 397.513714 569.661550 17.040441 13.180866 -0.833281 1.562227 4.718002 
24 197.982176 712.175464 118.864491 515.013047 421.875412 508.444560 302.427751 302.427751 0.000000 2.403309 3.119919 
27 550.794994 564.064388 539.232225 581.477784 544.213475 572.876715 9.929406 5.075835 -0.825399 5.353873 2.095739 
33 451.664482 569.140802 437.751448 574.780752 445.224483 573.790299 7.722558 5.804469 -0.547735 5.657865 3.009824 
37 440.765280 581.341784 440.911450 571.168698 440.133689 574.891683 5.024284 5.024284 -0.000000 1.473188 4.918335 
39 409.848317 823.717693 343.635681 809.723786 464.553583 408.478395 418.066134 418.066134 0.000000 1.701786 1.863497 
40 709.555748 714.536403 672.223149 753.215381 468.079533 517.322377 311.080267 311.080267 0.000000 0.684842 0.857425 
43 599.916176 801.803343 189.443815 720.406067 447.059264 493.745567 343.312251 343.312251 0.000000 1.110197 2.420028 
62 188.459024 720.648806 110.180495 545.961721 426.017435 508.811914 317.318284 317.318284 -0.000000 2.413368 3.024507 
64 535.460472 580.004783 550.075157 564.786842 543.632112 572.171459 10.212125 5.915697 -0.693468 2.377330 5.429799 
66 116.666343 502.380851 119.307530 515.003321 94.644067 508.752791 25.066975 25.066975 -0.000000 6.001536 0.248207 
68 550.100816 566.477863 540.178302 579.353533 543.360071 572.313497 8.718525 3.937242 -0.941237 5.569632 1.995274 
82 570.438905 803.476121 453.965847 825.562798 449.906003 486.226508 338.799830 338.799830 0.000000 1.207710 1.558833 
87 362.700084 596.774744 394.036549 608.905587 256.120961 919.132175 339.202543 339.202543 -0.000000 5.031699 5.130713 
101 416.037424 626.656847 394.060155 609.375465 415.168758 606.705039 19.971675 19.971675 -0.000000 1.527286 3.015752 
111 690.336164 720.291738 654.174005 754.185650 308.914670 348.519670 532.336041 532.336041 -0.000000 0.772588 0.865668 
114 375.987940 637.766145 402.548140 664.055646 381.373441 657.979882 20.973739 20.973739 -0.000000 4.452010 0.279428 
121 774.643015 575.178505 720.381264 698.254197 496.202214 526.800434 281.699770 281.699770 0.000000 0.172029 0.652911 
129 222.091767 503.021906 266.033138 530.949533 113.515274 722.768556 244.448379 244.448379 0.000000 5.171304 5.384143 
130 302.004194 597.893620 350.705248 613.089982 309.517505 661.920346 64.037404 64.037404 0.000000 4.595577 5.413089 
154 454.118026 409.461677 428.996269 412.923221 430.472700 323.014111 90.005565 90.005565 -0.000000 1.303805 1.587216 
158 480.037027 829.931604 290.046122 791.903709 445.979586 505.271767 326.079927 326.079927 0.000000 1.466277 2.069037 
160 210.449518 521.250152 253.342783 548.480702 -85.725502 1032.223702 590.080060 590.080060 0.000000 5.237695 5.323736 
178 419.161877 411.842427 398.947491 415.726735 352.668424 133.119749 286.363071 286.363071 -0.000000 1.336609 1.408479 
189 506.847794 581.203023 519.835613 565.154229 512.056280 572.164893 10.592036 5.308162 -0.792177 2.093591 5.549713 
194 236.991126 757.009844 201.768410 725.256897 438.466476 496.337372 328.814352 328.814352 0.000000 2.228797 2.372899 
200 436.796876 656.316294 464.805214 674.303309 152.677650 1135.924234 557.221860 557.221860 -0.000000 5.247201 5.306932 
205 241.640109 592.328179 240.019541 573.021007 247.206105 582.768454 12.735662 10.132284 0.385211 2.098050 4.077081 
213 531.783672 457.438477 515.286617 440.261877 526.593113 448.214241 15.803071 6.209335 0.392366 1.058248 3.754560 
214 556.460981 673.268875 562.739512 697.038823 530.665356 692.907441 32.035260 32.035260 0.000000 5.632483 0.128102 
331 297.555372 250.211366 302.048565 272.066583 275.303733 265.532600 26.926838 26.926838 0.000000 5.680189 0.239615 
352 423.173168 570.198472 407.153434 584.175853 392.492836 550.603314 35.446317 35.446317 -0.000000 0.568382 1.159071 
364 435.289368 266.928205 436.709706 252.869641 456.022972 261.498839 20.497604 20.497604 -0.000000 2.885480 3.561784 
