5 296.376419 219.646336 334.455540 277.959150 237.220357 302.855738 101.464607 101.464607 -0.000000 5.330413 6.032525 
13 298.777154 226.309547 331.284373 274.381542 248.009402 296.512758 85.095573 85.095573 0.000000 5.338486 6.023429 
17 74.785470 418.031654 634.962432 150.076604 414.173494 371.150274 341.668587 275.024854 -0.099939 3.004326 5.497143 
33 756.942306 361.998940 204.277481 608.418030 421.708245 394.356448 336.243566 264.449056 -0.137556 6.186961 2.364003 
38 637.505415 151.644728 651.442780 161.394997 441.735182 451.551261 358.017415 358.017415 0.000000 5.290710 5.338214 
41 494.960551 413.326000 471.270533 451.183050 337.597406 344.616374 170.844980 170.844980 -0.000000 0.411681 0.673043 
55 313.888788 385.246645 297.243424 356.283954 342.400932 353.227846 44.156102 44.156102 0.000000 2.298328 3.074019 
58 281.530294 311.552876 321.752325 258.488889 342.973479 315.838770 60.677646 60.677646 0.000000 3.211234 4.357983 
68 188.853163 598.191677 135.871406 553.135216 340.447863 367.788599 275.448928 275.448928 0.000000 2.152743 2.405472 
86 272.019867 643.949387 181.292494 596.584663 373.702890 332.825406 327.000963 327.000963 -0.000000 1.886678 2.201043 
111 373.619513 221.183974 362.574812 250.788816 307.836967 214.487796 65.404745 65.404745 0.000000 0.101443 0.585585 
112 331.779431 659.886729 283.765310 647.943498 481.147249 -45.816771 721.079120 721.079120 0.000000 1.779376 1.847983 
134 360.827009 249.918435 371.973331 210.986500 444.890138 255.810272 84.991712 84.991712 0.000000 3.211566 3.692769 
178 405.996624 655.881294 370.315831 654.224728 393.830251 484.489386 171.673719 171.673719 -0.000000 1.499930 1.708456 
182 619.282180 308.103709 633.532702 279.679711 677.841099 319.363784 59.184754 59.184754 -0.000000 3.331560 3.871990 
