1 634.999604 507.000019 619.079986 586.044433 497.534049 523.256885 137.966555 137.966555 -0.000000 6.165471 0.476819 
5 600.454727 643.020870 616.298320 645.097854 606.226811 646.744101 7.396823 7.396823 -0.000000 3.714474 6.121162 
17 586.433742 673.521765 572.264099 670.788361 579.478626 671.552971 7.019831 4.687267 0.332074 0.275854 3.247181 
33 572.437067 669.398624 586.687744 673.220350 579.342970 671.859153 7.087030 4.745124 0.411457 3.483863 0.183250 
50 623.626797 541.763820 114.044324 546.506341 367.642009 509.071587 259.620253 154.393944 -0.017324 0.127024 2.995036 
55 569.903812 687.283559 565.179252 676.123043 577.417584 681.342308 15.359772 7.198868 0.037509 2.472539 3.544707 
57 522.269063 683.357794 506.982869 682.028516 514.055588 679.665576 8.746967 5.899872 0.579046 0.422464 2.819159 
58 514.398904 690.585939 500.132586 689.829674 506.487399 687.322534 8.470045 6.117026 0.585352 0.391226 2.765814 
61 -1.674296 439.823493 45.070857 401.134486 75.830735 488.773006 92.034934 92.034934 -0.000000 3.704899 4.374836 
62 623.781061 460.918890 732.465950 515.444981 689.649924 470.501255 66.263221 56.675502 0.110297 3.286056 0.809638 
74 81.530394 410.190651 121.146960 395.451107 130.499251 489.847183 93.386526 93.386526 0.000000 4.161194 4.613636 
83 499.526140 687.459984 514.702365 689.417730 507.183285 690.384984 8.047771 5.440402 0.506908 3.506483 6.155248 
87 331.060354 66.780793 432.425361 158.792406 366.168912 118.566496 75.279467 39.166339 0.468331 4.116610 0.545642 
90 507.400433 679.495129 522.699960 682.286054 514.978570 681.746510 7.374694 4.790097 0.369891 3.430377 0.069763 
98 171.761219 371.545731 121.624029 396.236552 79.037387 250.696707 149.915391 149.915391 -0.000000 0.916334 1.286132 
105 669.493958 577.894298 676.791774 542.956506 865.239166 598.050603 196.000125 196.000125 -0.000000 3.244203 3.426024 
114 514.816860 381.350385 558.654453 599.346851 443.387778 501.642902 176.972526 129.439220 0.011812 5.248233 0.703119 
119 539.790183 55.870505 558.768512 38.643331 646.724784 152.651835 143.918982 143.918982 0.000000 3.877192 4.055276 
121 588.399236 419.579799 619.517741 458.928896 523.493745 504.044524 106.101957 106.101957 0.000000 5.367583 5.843958 
123 555.441645 566.049064 547.636539 598.258031 479.655755 565.760035 75.540557 75.540557 -0.000000 0.003814 0.445931 
130 332.912151 165.442660 353.981892 199.043282 340.978743 183.700820 19.740859 19.740859 -0.000000 4.296369 0.867740 
135 316.138352 178.878146 294.882660 182.239759 304.003246 168.179830 16.505649 16.505649 -0.000000 0.722556 2.146253 
143 558.850586 38.119535 631.754809 0.878881 680.634223 185.555138 189.782956 189.782956 -0.000000 4.021987 4.453646 
144 467.332114 717.511637 476.509183 726.775358 473.380409 721.332217 6.700548 4.494560 0.645948 3.704980 1.049104 
147 331.455461 70.836054 366.257935 10.430507 364.661707 43.818210 41.013846 28.991058 -0.516081 2.458591 4.760161 
149 61.551543 429.121763 51.410925 422.753344 62.052270 410.698756 14.899718 14.899718 0.000000 1.597969 2.294006 
151 797.985599 250.204879 529.707059 89.873462 794.707337 119.491710 267.895685 129.924239 0.009903 1.545722 3.252898 
153 287.083042 661.651240 142.290497 593.680395 321.190889 391.580023 271.084107 271.084107 0.000000 1.696423 2.295377 
172 492.079938 24.863184 522.411045 42.584976 479.109780 83.168423 57.612715 57.612715 0.000000 4.931278 5.530175 
174 375.398140 417.012454 350.337262 402.114864 480.154032 213.318599 228.768753 228.768753 0.000000 2.045803 2.173153 
175 465.646454 469.690735 550.673656 550.730499 434.083730 592.178029 124.459440 124.459440 -0.000000 4.964584 5.941621 
181 9.035692 507.727081 -0.022438 507.914276 3.144130 241.840245 266.698014 266.698014 -0.000000 1.548642 1.582697 
185 493.744309 588.544331 471.249326 588.179484 482.758114 566.763454 23.787220 23.787220 0.000000 1.103638 2.063908 
197 298.224802 136.186530 314.051903 137.119528 315.476357 165.614217 33.813971 33.813971 -0.000000 4.182152 4.662440 
222 624.457493 511.047923 617.363354 540.130116 519.407544 497.127869 106.763062 106.763062 0.000000 0.131741 0.413666 
233 219.498565 205.443775 210.608354 215.431603 201.476218 201.192541 17.845840 17.845840 -0.000000 0.231652 1.000530 
236 617.957970 460.010749 626.309510 492.665085 542.053187 496.959065 83.290886 83.290886 0.000000 5.830176 6.232266 
241 205.476637 94.263193 273.071654 60.643354 253.720956 108.832282 51.844196 49.499588 -0.886029 3.434870 5.094239 
252 206.738897 667.518014 114.998011 582.618762 272.549198 503.219286 176.132059 176.132059 0.000000 1.951779 2.674782 
258 383.630972 48.990217 417.925089 54.277738 394.013570 77.830498 30.764117 30.764117 0.000000 4.366830 5.505346 
260 412.991429 456.017842 399.845244 446.174460 413.985324 441.774060 13.585303 13.585303 -0.000000 1.640461 2.839892 
263 445.055768 660.442521 292.933364 662.667611 361.926233 206.916315 460.707390 460.707390 0.000000 1.389513 1.721038 
266 112.269303 525.977652 511.053363 376.676942 344.899088 484.200184 231.224302 126.036754 -0.135960 2.963899 5.708831 
268 365.287553 71.945295 377.230075 57.192453 377.224408 69.970726 13.280936 13.280936 -0.000000 2.977659 4.712832 
273 208.275347 143.030035 206.025713 97.018739 231.980862 117.051154 33.864638 33.864638 0.000000 2.310470 3.798906 
284 495.000820 406.453246 554.069240 435.900587 453.702272 566.742494 164.931015 164.931015 -0.000000 4.964555 5.366736 
294 153.573373 194.235885 169.987494 190.153770 164.754250 202.027632 12.780072 12.780072 0.000000 3.750223 5.127513 
300 393.014092 16.084578 443.652389 8.453640 422.213193 29.101693 30.281031 30.281031 -0.000000 3.560953 5.516583 
306 412.125692 717.073225 422.493917 720.032361 417.358768 718.331764 5.709294 5.332976 -1.025248 3.377607 0.319800 
309 73.524411 422.342145 138.883149 403.592671 262.273963 956.453131 565.553913 565.553913 0.000000 4.372697 4.492802 
313 487.681331 55.469890 519.146809 43.715988 517.801085 89.648383 43.825360 43.825360 -0.000000 3.990031 4.741679 
333 644.607501 502.005629 633.837554 488.871185 667.272186 466.353165 41.090732 41.090732 0.000000 2.137061 2.548878 
342 339.969754 139.923462 329.608119 139.366494 333.855992 138.245918 4.952195 4.952195 -0.000000 0.267797 2.883671 
348 201.972135 547.994755 213.223773 517.620792 259.632526 554.584076 58.249702 58.249702 0.000000 3.255377 3.814179 
357 123.903367 490.574700 138.871255 458.927600 237.223073 526.756801 118.958062 118.958062 0.000000 3.450653 3.745344 
359 755.009888 318.699313 695.021184 308.927586 751.936884 145.518779 172.958951 172.958951 0.000000 1.553054 1.905958 
363 231.350614 210.110777 235.309217 200.239368 239.864277 206.906818 9.329008 9.329008 -0.000000 2.781655 4.113042 
364 567.839758 263.135764 540.356765 230.697732 743.062098 85.634348 248.705765 248.705765 -0.000000 2.349733 2.520449 
367 333.967814 304.885365 277.999110 315.949761 279.661071 190.046620 125.965729 125.965729 0.000000 1.129066 1.583996 
368 722.365970 391.065333 669.673956 368.557445 743.714732 269.348101 123.077520 123.077520 0.000000 1.744427 2.211931 
378 134.260585 549.948725 136.340556 519.954271 231.446534 541.735434 96.771574 96.771574 0.000000 3.057282 3.366730 
383 133.494381 127.676455 177.855964 95.722192 217.785618 196.054357 107.628670 107.628670 -0.000000 3.823132 4.333630 
394 373.997558 671.162040 283.979672 665.183176 360.391156 215.940567 455.157531 455.157531 -0.000000 1.540916 1.739274 
399 156.963198 203.367054 153.480512 193.540143 155.941990 198.795696 5.330510 5.330510 -0.000000 1.351012 4.274374 
422 530.546532 163.231777 518.533031 139.727556 607.347686 107.829830 94.004768 94.004768 0.000000 2.516669 2.796790 
427 407.452073 47.476000 401.780238 72.324937 387.016209 58.224759 33.012757 14.670029 0.111119 5.798974 0.762403 
428 562.327938 696.489627 557.249079 684.293019 571.706834 689.730677 17.837668 7.754968 0.063531 2.517138 3.501333 
430 533.934130 725.834272 521.837774 720.115620 527.733565 722.639614 6.229604 2.965995 0.549929 0.475750 3.546087 
