3 786.233163 338.300001 778.839748 368.690847 746.167119 344.323082 39.151765 39.151765 -0.000000 6.133974 0.640818 
6 478.817115 529.953071 451.106882 507.488724 458.245056 529.573467 19.946787 19.946787 -0.000000 0.018450 4.399770 
8 364.100764 493.933222 361.183990 465.137411 382.780996 478.058558 24.577533 24.577533 0.000000 2.437208 3.680750 
9 467.044378 542.403072 450.189383 518.226720 462.279205 526.885634 18.068071 15.747079 -0.718282 1.272852 3.763119 
10 407.685772 607.652168 389.613281 586.829026 394.683427 600.249659 14.853357 14.853357 -0.000000 0.517556 4.351177 
13 333.098096 555.159494 338.889524 556.783731 325.160550 548.485969 14.803877 14.570891 0.438832 0.699102 0.543647 
16 392.549635 482.619728 390.020621 464.898498 379.457148 476.701847 14.904174 14.534704 -1.100225 0.424521 5.442410 
18 313.224276 401.640482 301.134295 400.894478 308.774941 413.075491 15.120771 14.594712 0.242310 5.083462 4.152167 
20 321.421969 428.450503 295.174549 399.368219 307.130335 413.548790 20.281653 20.281653 -0.000000 0.806293 4.011908 
21 400.287907 620.420082 374.809437 592.832233 391.983447 602.619476 20.126039 20.126039 -0.000000 1.134284 3.659576 
22 329.033242 682.991713 328.538347 683.405944 343.572878 682.074223 15.138676 14.406649 0.744389 3.078574 3.053246 
23 255.905765 510.221409 257.178566 509.196172 261.105548 494.156486 14.960836 14.796929 0.972508 1.883828 1.826202 
24 272.095587 510.730199 251.120043 476.013159 257.408976 495.381417 20.678375 18.755815 1.531300 0.807441 4.398426 
25 340.508845 558.796366 305.910741 557.934634 321.712932 560.048435 17.140311 10.922356 0.272004 6.216670 3.274570 
28 266.878989 629.519813 268.137160 628.900766 273.802958 614.868271 14.797189 14.447514 0.814207 2.012265 1.954542 
29 450.907570 522.866932 468.449883 535.002801 455.393204 534.187662 14.873160 12.546155 -0.897603 4.335135 0.062350 
31 390.274252 590.541367 404.077816 606.022476 358.023779 643.863964 65.721940 25.238398 -0.873429 5.256344 5.595366 
34 199.972682 577.976713 201.966165 578.224648 191.587280 565.538562 14.955985 14.030672 0.568509 0.977619 0.885097 
36 280.075792 634.091872 258.064730 598.705511 269.207407 616.913953 20.636138 17.954171 1.186931 1.006683 4.163228 
40 449.754693 517.468013 474.859634 529.047380 459.816039 528.225113 14.730120 14.730120 -0.000000 3.960398 0.054605 
48 317.925884 541.869034 333.738383 554.014331 323.349491 550.857574 11.098507 11.098507 -0.000000 4.169480 0.294993 
50 389.945992 585.442092 407.551570 607.557185 393.809964 600.630289 15.160157 15.160157 -0.000000 4.463268 0.466908 
51 192.358637 679.901419 177.611549 665.297923 424.255891 440.434566 333.725693 333.725693 -0.000000 2.340137 2.402356 
52 339.187230 673.021265 351.244797 688.073564 341.162264 684.940514 11.684801 11.684801 -0.000000 4.548180 0.301281 
54 270.106412 606.561905 281.009272 619.001342 251.044587 641.750196 42.508277 18.642594 -0.878789 5.208845 5.633829 
63 338.027850 740.676499 287.664284 733.817884 337.623550 565.007687 175.329290 175.329290 0.000000 1.568495 1.858533 
69 363.877133 680.964333 335.934032 699.157953 342.678071 679.975148 22.315318 22.315318 -0.000000 0.046628 1.908866 
70 360.461745 464.546970 396.948417 469.442595 377.243000 471.210897 18.918148 16.120796 -0.361488 3.519601 6.193688 
74 182.693591 561.546594 196.332223 574.261987 189.204142 568.050119 9.611835 9.611835 -0.000000 3.926451 0.716824 
81 336.973101 738.193807 290.081236 726.737665 346.687071 595.821538 142.253878 142.253878 0.000000 1.638920 1.978903 
83 388.270339 464.833318 393.976475 475.714442 383.103974 475.148414 11.075014 11.075014 -0.000000 5.176720 0.052014 
84 680.319953 496.035622 672.544377 520.301443 643.946591 496.837634 36.720732 36.720732 0.000000 6.261139 0.687102 
89 377.170733 590.016313 414.004516 596.450336 392.566824 607.677298 32.110637 21.350091 -1.501681 3.995399 5.800756 
92 156.054663 620.954026 138.446943 595.766552 191.793462 578.637802 55.156771 55.156771 0.000000 2.272127 2.830906 
94 173.285521 576.625873 178.561704 544.226636 210.568794 568.014431 39.320503 39.320503 -0.000000 2.914600 3.780730 
97 308.863648 532.910703 337.559286 529.635553 322.847843 535.641877 15.881349 11.747215 -0.286595 3.334469 5.895565 
99 452.638315 510.424551 473.291689 517.909162 462.124780 521.995213 14.195845 14.195845 -0.000000 4.025648 5.932410 
102 250.161827 472.529348 276.711279 481.523942 260.854711 488.060808 17.700796 17.700796 -0.000000 4.109446 5.892164 
103 258.880404 595.906645 281.782734 592.288461 272.967334 608.960023 19.671437 19.671437 0.000000 3.888927 5.198786 
107 177.792764 543.407875 210.737118 557.295969 193.240690 550.119329 16.559531 6.862460 0.483861 3.551446 0.389249 
112 392.162792 489.984470 358.822656 485.089649 376.788289 480.973115 18.003300 18.003300 -0.000000 0.530154 2.916347 
116 218.933615 711.258500 199.329026 695.843250 229.946434 673.494106 38.584422 38.584422 0.000000 1.854547 2.511048 
122 371.066430 470.388940 387.276006 476.364388 376.134933 481.209043 11.997767 11.997767 -0.000000 4.274312 5.873004 
135 277.296384 748.430456 210.675056 715.660613 507.789025 198.272564 595.825939 595.825939 0.000000 1.967538 2.092072 
145 307.167515 535.094218 332.066302 528.780689 322.717374 545.168744 17.980929 17.980929 -0.000000 3.716480 5.230814 
154 162.025547 655.633565 150.473038 635.812778 194.773048 623.313959 45.993008 45.993008 -0.000000 2.362771 2.866600 
158 302.913112 406.741702 315.100026 416.978625 239.171816 492.272682 110.572766 28.962012 -0.851688 5.352838 5.501981 
