7 463.681715 273.992257 457.727227 308.238680 394.126145 280.184861 69.622007 69.622007 -0.000000 6.194388 0.415420 
15 520.155358 165.198684 563.165772 160.243988 543.410575 197.746949 41.331471 41.331471 0.000000 4.092008 5.197218 
20 493.254121 273.960198 489.781014 307.467956 438.369729 283.563613 56.238504 56.238504 -0.000000 6.109964 0.435227 
27 454.247296 310.573432 432.407055 254.004995 503.317617 258.200261 71.355662 71.355662 -0.000000 2.323647 3.200687 
28 454.687679 121.753447 488.784335 100.064690 487.660321 129.980873 29.445824 29.445824 -0.000000 3.386122 4.749943 
34 515.018923 274.960141 483.053813 252.187013 528.340362 218.216908 57.546067 57.546067 -0.000000 1.801387 2.498018 
35 376.999842 135.712662 373.540123 86.952003 437.620582 107.842435 66.420499 66.420499 -0.000000 2.710662 3.456732 
36 520.963276 160.928087 566.969373 162.041434 543.129698 188.976363 35.336090 35.336090 0.000000 4.043594 5.436902 
37 651.920942 264.108748 625.182597 240.818903 695.060324 188.995900 86.338041 86.338041 -0.000000 2.092125 2.503474 
43 647.288987 264.788361 617.263047 237.708337 748.175376 121.398269 174.406882 174.406882 0.000000 2.183921 2.415191 
46 599.477045 268.393306 618.992210 283.738132 543.118764 360.885360 107.784276 107.784276 0.000000 5.259641 5.489463 
63 344.384959 154.940618 334.961628 192.393532 268.493969 156.075969 75.565662 75.565662 -0.000000 6.268226 0.500071 
79 451.240745 168.566944 462.275786 154.354729 474.861414 175.468446 24.270264 24.270264 -0.000000 3.425860 4.174851 
95 630.138724 266.864569 602.583479 239.414290 790.023227 80.530449 245.144200 245.144200 -0.000000 2.279947 2.438463 
119 485.587866 310.464949 467.970660 288.625733 512.039990 271.820662 46.749229 46.749229 -0.000000 2.171046 2.777282 
131 568.949493 193.187993 595.901684 216.028262 571.042538 219.333483 25.322118 25.322118 0.000000 4.632506 6.151003 
133 392.111637 94.793892 398.287681 109.228455 386.965804 102.556444 14.241760 8.798856 0.177668 5.297783 0.532517 
148 179.121385 157.125533 164.913786 166.307270 156.964824 140.509678 27.380754 27.380754 -0.000000 0.643456 1.271899 
151 495.784817 109.041189 476.574776 132.169461 483.203007 118.491531 15.651799 9.311172 -0.719661 5.638973 2.022043 
152 596.846446 228.680354 619.437037 217.828107 629.046528 266.476047 48.418350 48.418350 0.000000 4.006763 4.517368 
153 408.946495 318.979711 416.914298 297.967502 482.298629 334.470890 74.464348 74.464348 -0.000000 3.349724 3.650778 
162 610.598783 228.364162 626.222283 221.506410 656.613110 300.335423 84.513430 84.513430 -0.000000 4.143542 4.344420 
166 443.133710 149.100250 459.167677 152.870181 450.623962 151.400893 7.880509 5.693607 0.393387 3.439598 0.170307 
171 214.472414 164.127597 244.852109 145.755452 282.829561 242.538021 102.934833 102.934833 -0.000000 3.995382 4.338452 
182 487.710946 223.521141 458.468001 198.631754 507.941683 168.631854 57.950251 57.950251 -0.000000 1.923921 2.596494 
189 375.181296 308.847016 366.413152 331.250583 334.925073 306.280310 40.127932 40.127932 -0.000000 0.063673 0.670462 
201 248.746191 146.910455 245.792133 174.159711 174.055030 149.590504 75.472000 75.472000 -0.000000 6.247319 0.329968 
215 414.029234 166.973448 402.441523 138.986893 433.444301 143.329082 31.116803 31.116803 0.000000 2.258288 3.280746 
230 429.397224 149.279897 422.242595 126.942906 486.088636 118.249618 64.455447 64.455447 0.000000 2.640783 3.006265 
233 450.009351 175.022078 459.854441 153.820540 466.806940 169.486224 16.991323 16.991323 0.000000 2.823240 4.294699 
240 353.031647 187.005032 340.105409 211.824071 312.676335 180.594712 41.079128 41.079128 0.000000 0.157531 0.850094 
243 470.181494 225.759228 491.415458 246.681408 455.938007 261.948774 38.063123 38.063123 -0.000000 5.087349 5.876800 
244 379.736869 303.185965 373.743240 326.935201 320.952602 301.635715 57.814976 57.814976 -0.000000 0.026366 0.446904 
260 486.055492 145.884161 498.787833 156.452164 485.251488 160.243784 13.631636 13.631636 -0.000000 4.768321 6.010078 
270 499.258419 94.560741 518.070608 109.058734 506.143538 106.025485 13.836417 13.836417 -0.000000 4.171567 0.249037 
275 231.710192 144.469515 252.162012 133.296559 321.584522 279.165566 161.487154 161.487154 0.000000 4.123991 4.268187 
294 461.352238 220.674830 447.007722 201.996017 492.753891 179.858146 50.887010 50.887010 0.000000 2.226557 2.690885 
303 319.207325 199.145257 322.928612 129.981000 495.268669 178.992556 179.085524 179.085524 -0.000000 3.027625 3.418666 
312 322.734987 129.866264 332.203734 111.102812 423.383351 171.792144 108.936236 108.936236 0.000000 3.536291 3.728858 
319 612.792058 184.628525 596.945704 190.593770 598.447967 172.140341 18.502362 18.502362 0.000000 0.716341 1.652026 
350 417.216827 371.410213 413.300147 347.802781 430.338589 356.260915 19.044792 19.044792 0.000000 2.284599 3.602368 
358 81.801167 343.950734 170.073480 169.066631 406.721378 397.022837 328.452398 328.452398 -0.000000 3.303502 3.908285 
377 662.880560 257.139235 646.250618 242.873579 704.105692 187.487238 80.091583 80.091583 -0.000000 2.105219 2.377992 
381 260.923702 105.624886 285.346365 94.557596 348.709344 261.069229 177.977169 177.977169 -0.000000 4.198300 4.348777 
402 308.906177 149.927575 291.902033 168.884815 258.804475 123.277865 56.191617 56.191617 0.000000 0.488850 0.943021 
404 48.359276 274.543389 339.085899 30.340964 397.692148 396.193126 369.420725 369.420725 -0.000000 3.476694 4.553547 
406 769.193921 443.838828 28.607752 359.952161 399.310767 398.881356 371.771769 371.771769 -0.000000 0.120952 3.246224 
410 339.766583 31.059485 770.328047 443.007377 402.946302 394.866515 369.389686 367.216432 0.779493 4.540441 0.130295 
422 30.939037 339.984410 47.646101 274.653766 428.051082 408.076164 402.048306 402.048306 -0.000000 3.311409 3.478925 
439 88.600033 478.454398 81.538629 343.968124 415.390599 397.144006 337.167950 337.167950 -0.000000 2.897730 3.299546 
443 436.097179 713.504096 182.145660 635.167652 399.264351 383.936237 331.475218 331.475218 0.000000 1.459497 2.283487 
452 151.188677 602.861114 89.512060 486.176764 378.219212 409.316165 297.967534 297.967534 -0.000000 2.435645 2.881404 
453 532.102824 153.166098 554.144230 153.436949 542.278219 174.661554 23.970820 23.970820 0.000000 4.270268 5.222168 
459 367.388234 100.204526 350.276016 92.340833 361.056547 93.913305 10.138708 7.917914 0.257692 0.782192 3.286433 
465 109.930822 247.958710 155.560112 180.651441 385.243801 384.214566 306.596985 306.596985 -0.000000 3.601162 3.866773 
476 573.511134 664.809486 508.383794 695.983555 429.834237 442.856452 264.634269 264.634269 0.000000 0.996300 1.269902 
