7 342.630756 13.684850 355.022703 -0.834123 368.329592 23.423606 26.473436 26.473436 0.000000 3.503828 4.210650 
14 484.138506 672.203548 452.963920 693.416573 286.515025 411.326506 327.029529 327.029529 -0.000000 0.922490 1.037721 
29 261.808252 425.271146 273.235059 412.426552 275.654652 426.318159 13.868253 13.868253 0.000000 3.217065 4.539942 
41 299.450263 85.208283 324.995405 62.984192 327.309760 91.174718 28.089876 28.089876 0.000000 3.352567 4.630476 
42 322.931028 721.453840 270.539186 710.721530 335.248409 533.146885 188.499689 188.499689 0.000000 1.636114 1.920247 
52 125.002904 772.003469 166.925893 782.082160 137.845639 808.116765 39.091726 39.091726 0.000000 4.370713 5.552991 
54 286.386983 148.990315 286.861070 118.982007 361.141465 137.543692 75.031376 75.031376 0.000000 2.989650 3.386465 
56 304.984049 559.897808 291.047963 548.813776 301.699815 550.207526 10.643583 10.643583 -0.000000 1.244026 3.271699 
73 307.830426 404.756889 323.088647 418.064436 308.344850 423.590867 22.183127 13.090767 -1.187852 4.685082 5.924563 
76 463.943663 -0.929428 452.815846 11.717830 139.809919 -282.219022 429.546154 429.546154 -0.000000 0.714749 0.753990 
91 142.044146 765.880910 169.046020 780.949492 139.215667 805.634040 38.657782 38.657782 0.000000 4.783420 5.591901 
102 755.452403 299.971325 737.410907 328.504135 725.034057 299.741264 30.246413 30.246413 -0.000000 0.007563 1.164440 
109 524.964701 509.256872 538.336313 513.653324 528.549793 521.048664 12.411701 12.411701 0.000000 4.417237 5.636068 
110 278.284856 332.311784 315.173731 347.580264 258.949423 427.510218 96.122267 96.122267 0.000000 4.912770 5.325406 
113 257.185204 397.397903 213.162996 403.230277 217.528498 281.157859 121.236051 121.236051 -0.000000 1.242016 1.606543 
121 685.316674 586.619002 676.914763 608.329227 681.376550 597.705135 12.968761 10.811559 1.062933 5.053875 1.968398 
124 748.410047 155.892776 745.834486 146.043280 802.450436 131.718429 58.087431 58.087431 0.000000 2.720954 2.893776 
140 447.732855 650.732294 421.017067 674.737099 429.385238 656.065030 20.460280 16.156176 -0.906777 6.000328 1.992123 
146 754.031041 293.003112 735.529822 327.599069 718.788432 296.143127 35.168289 35.168289 -0.000000 6.194323 1.081708 
147 213.390110 402.349994 203.813628 387.030037 215.724593 390.812352 11.659881 11.659881 0.000000 1.770437 3.449071 
148 192.808090 443.792521 141.491224 461.361585 168.176841 442.642570 33.222636 18.151115 -0.730453 0.046653 2.529884 
151 491.892076 705.935436 475.012468 722.020565 468.089518 697.241290 24.908144 24.908144 -0.000000 0.350205 1.298358 
152 335.015855 735.980745 341.983994 772.992792 320.486010 757.092145 26.218913 26.218913 -0.000000 5.315183 0.636834 
155 336.947427 735.334985 337.836984 777.768180 320.075228 757.402771 28.854814 28.854814 -0.000000 5.365145 0.853581 
161 757.673602 97.436669 766.475479 124.172680 689.486912 134.935190 76.643583 76.643583 0.000000 5.780389 6.144292 
162 722.722073 55.885670 706.939245 60.360107 692.475826 37.179578 36.527735 13.661682 0.643029 0.553883 1.012955 
167 372.045605 707.392244 328.941223 699.578323 362.345333 692.479090 34.063024 15.829942 -0.271308 0.994104 2.932183 
175 225.717563 334.573718 222.983629 313.975727 233.720424 320.112225 14.476099 14.476099 -0.000000 2.076239 3.660822 
179 599.633298 345.512602 601.084062 382.152644 579.091063 365.948531 28.712022 28.712022 0.000000 5.500381 0.634990 
180 456.948925 600.048959 492.358258 571.409123 478.715115 591.098283 24.676358 20.110052 -0.972884 2.751452 5.318352 
183 482.847647 254.106663 518.539918 261.509008 497.919948 254.521453 32.542021 17.725492 1.276966 3.169106 0.326728 
186 770.638820 372.524459 796.131565 418.978566 751.049845 413.045205 44.539499 44.539499 0.000000 5.162694 0.130861 
187 281.127009 413.854096 285.802517 431.459177 277.174043 424.555813 11.277277 11.277277 -0.000000 5.066221 0.674782 
191 152.921276 381.986720 184.238287 372.409932 166.303564 405.046461 43.309906 19.982468 -1.386153 4.186557 5.214871 
197 230.103011 537.154845 249.846646 548.490970 236.870283 548.335609 18.732225 12.542324 -0.937663 4.168111 0.011972 
198 694.756477 590.810447 675.971367 612.147366 683.133428 598.832435 15.110895 13.632353 1.213911 5.679081 2.064300 
201 744.895838 244.844034 684.295499 303.402758 613.382568 158.129629 159.830921 159.830921 -0.000000 0.582926 1.116686 
203 674.031867 510.649548 644.501451 483.982188 680.413929 473.780507 37.906410 37.906410 -0.000000 1.742199 2.864813 
209 617.867367 95.722486 609.200691 119.102662 588.876253 99.876528 27.421091 27.421091 0.000000 6.140867 0.757636 
210 396.039761 418.966982 404.404169 442.003169 385.207654 436.574213 19.442642 19.442642 -0.000000 5.263916 0.275612 
211 719.300599 490.101570 727.998354 474.998390 737.639322 489.234187 17.130088 17.130088 -0.000000 3.094330 4.117106 
217 300.017751 98.003097 306.658118 74.866305 336.320651 95.951490 35.746099 35.746099 0.000000 3.085139 3.759554 
219 296.526546 422.010586 306.819333 401.774018 309.798574 416.331388 13.850005 13.850005 -0.000000 2.737262 4.510521 
220 484.228289 517.776438 489.779040 538.874060 475.685471 532.721681 16.766443 16.766443 0.000000 5.231670 0.411603 
222 633.975081 90.052258 667.553035 112.453364 618.539270 151.352013 62.508815 62.508815 0.000000 4.959069 5.612342 
223 340.896110 579.231440 362.933500 613.308285 348.808771 597.823697 20.590089 12.258630 0.874357 4.310020 0.831293 
243 478.289216 51.190953 534.113665 17.582405 503.544380 49.909994 49.285425 20.679645 -1.048097 3.090915 5.469839 
246 549.361878 457.940789 538.129278 474.058308 532.531493 445.731166 29.842896 14.417246 1.179562 0.627604 1.375698 
247 308.219598 65.600081 297.938768 48.023950 337.732115 34.972891 42.229436 42.229436 0.000000 2.337662 2.824676 
250 288.648440 639.494356 287.001248 662.002968 88.756738 608.304238 212.553557 41.550003 0.218976 0.154787 0.264524 
251 451.759266 318.716377 483.598288 350.071013 466.514503 335.951589 23.134351 12.141966 0.994223 4.004358 0.690681 
264 518.343151 261.893683 509.901687 266.679725 513.703542 261.971310 5.248303 5.248303 -0.000000 6.266456 2.250069 
274 306.995313 102.088960 324.394648 68.451685 343.533787 99.943392 36.607262 36.607262 0.000000 3.082939 4.166289 
279 461.133282 212.613657 447.573798 142.737621 465.143911 169.600585 42.612865 22.855396 -1.436706 1.663770 4.133162 
283 538.003876 543.165374 504.648512 539.135442 524.157941 503.373650 40.639899 40.639899 -0.000000 1.235940 2.070208 
284 678.405792 18.102826 707.939041 64.124241 700.276544 39.013721 30.925077 15.538423 0.836243 3.904558 1.274621 
288 274.966776 548.856085 278.298061 567.413048 278.811530 556.328017 11.170929 7.774712 -0.700023 4.237162 1.617084 
290 289.591778 158.579168 284.932288 126.502086 315.194948 136.248840 32.838243 32.838243 0.000000 2.424367 3.453174 
304 546.936155 126.939257 567.738046 138.882557 554.831400 139.873036 13.978100 13.978100 -0.000000 4.164331 6.206594 
308 442.106870 100.982289 477.164995 67.649859 458.356473 89.598537 30.631236 12.355170 -1.057766 2.530494 5.420894 
310 659.135708 87.629604 665.896607 108.359857 440.730068 158.483325 229.501895 229.501895 -0.000000 5.969484 6.064150 
314 594.911559 344.077331 602.332093 380.089025 577.281508 365.106791 28.150137 28.150137 -0.000000 5.410081 0.539006 
315 154.155665 400.850350 154.444124 368.258302 163.994351 390.223456 14.677552 14.677552 0.000000 2.317700 4.302255 
323 732.126895 570.678532 743.806512 590.583791 741.592777 579.676170 11.092153 10.624693 1.133418 3.901636 1.370563 
324 536.091369 414.642944 550.249511 457.918369 386.989153 489.396848 165.543656 165.543656 0.000000 5.818450 6.092711 
327 381.958212 755.086835 407.796715 759.561561 387.571016 795.876527 41.383099 41.383099 0.000000 4.575644 5.220554 
335 483.478252 67.080584 478.732694 51.963460 491.516088 57.832905 12.983115 12.983115 -0.000000 2.286317 3.572026 
338 281.967658 46.901537 280.884510 62.319715 268.542435 54.646202 14.676799 14.676799 -0.000000 5.759944 0.556249 
339 635.986361 0.086471 646.024573 22.040219 616.205461 9.688033 37.001163 15.295030 0.142238 5.831289 0.392719 
347 352.359673 670.299822 369.603067 710.421348 356.759283 690.337200 24.202037 12.830836 0.851568 4.496249 1.001839 
354 688.952921 16.110996 722.313928 54.903840 671.122972 64.199060 51.628527 51.628527 0.000000 5.067452 6.103563 
357 703.777120 462.186969 687.995602 431.001275 735.186753 427.644939 46.582821 46.582821 -0.000000 2.308735 3.070590 
359 280.087731 383.149852 298.251727 373.490893 367.331382 545.825741 185.726558 185.726558 0.000000 4.220122 4.331154 
361 413.953512 575.411150 373.716075 567.951119 409.741231 493.274700 82.265218 82.265218 -0.000000 1.519557 2.020279 
386 307.124670 637.888769 279.563588 603.669246 353.869088 571.889293 80.252048 80.252048 0.000000 2.187041 2.737443 
392 369.083067 711.218389 337.955045 713.340625 345.400517 584.286339 128.484051 128.484051 -0.000000 1.386341 1.628425 
401 448.149773 144.726128 455.422044 138.746881 454.562406 146.188143 6.705034 6.705034 -0.000000 3.365751 4.827402 
403 248.933597 617.119106 288.042954 638.922954 75.627515 968.604964 391.721161 391.721161 0.000000 5.170475 5.284750 
404 618.695954 126.974846 622.412850 108.197444 634.840465 120.170407 16.774948 16.774948 0.000000 2.742715 3.908360 
415 449.055877 118.978740 441.435988 101.979144 458.456821 104.180955 17.240291 17.240291 -0.000000 2.136764 3.270238 
420 683.177288 301.335284 598.965343 322.382220 604.327349 160.385921 161.538319 161.538319 0.000000 1.060749 1.603884 
429 686.753554 429.027657 689.980165 401.775780 746.056335 422.879840 59.750273 59.750273 0.000000 3.038293 3.501543 
437 271.518164 473.321757 273.975056 494.979155 265.838104 486.754081 14.355471 11.070144 -0.477451 5.112450 0.790784 
444 215.080657 449.909073 239.833073 414.980438 233.249728 438.572564 22.906541 17.391128 -1.357536 2.583752 4.984515 
454 509.970748 408.135134 542.076331 423.511939 537.370053 519.550226 118.782203 32.683758 1.412240 4.471253 4.761354 
465 642.983904 296.552364 619.311678 289.356914 641.056662 266.776671 30.548928 30.548928 0.000000 1.506161 2.337353 
466 742.110233 434.737515 719.528839 419.671432 736.953078 414.198368 18.671754 18.671754 -0.000000 1.324793 2.837245 
494 564.583373 156.095870 583.024150 138.548958 581.323013 154.105752 16.505381 16.505381 0.000000 3.023262 4.821306 
499 699.450797 147.037861 696.974820 194.146114 475.318265 146.840578 226.254738 226.254738 -0.000000 0.000880 0.210264 
500 523.405432 614.351684 503.433447 637.375985 472.129670 588.939474 56.044723 56.044723 -0.000000 0.460121 0.997037 
501 422.850737 698.090902 411.704703 679.788841 453.816220 665.592980 43.755306 43.755306 -0.000000 2.332052 2.816454 
502 369.464042 357.717635 361.511002 340.695694 401.713410 332.314756 40.527494 40.527494 -0.000000 2.474396 2.936068 
504 691.932891 206.986643 686.654369 234.857794 646.742611 210.239352 46.881541 46.881541 -0.000000 6.211331 0.552697 
525 491.477308 568.053011 493.744339 543.203043 531.096136 559.041757 40.210718 40.210718 0.000000 2.917949 3.542651 
548 177.952607 547.509729 161.968772 548.018040 167.750284 501.858597 46.729514 46.729514 0.000000 1.350925 1.695398 
553 627.629360 136.647910 628.552135 147.756969 626.287392 141.556767 5.423366 5.423366 -0.000000 4.979246 1.220584 
559 365.951780 612.611020 381.953799 610.627309 375.095730 636.657487 25.330073 25.330073 0.000000 4.349013 4.970001 
560 566.419946 120.178564 580.187627 114.772613 574.360005 118.741231 7.170997 7.170997 -0.000000 2.962509 5.685324 
562 422.126267 676.686056 426.294415 691.639185 392.798323 692.411227 32.745909 32.745909 0.000000 5.791011 6.260141 
565 568.132450 139.217853 557.723973 145.545993 554.137264 124.859020 19.615726 19.615726 0.000000 0.798223 1.399123 
570 768.179964 196.870381 750.472297 238.098077 650.161300 170.552211 121.336764 121.336764 -0.000000 0.219410 0.592625 
586 593.260629 119.867319 607.497569 111.399135 599.928838 116.789882 8.150636 8.150636 -0.000000 2.709209 5.664292 
588 428.816676 383.276809 407.313877 369.036007 464.376134 307.175479 83.355115 83.355115 0.000000 2.007914 2.315869 
592 500.307898 476.800726 491.399262 463.036011 526.998060 449.233935 37.935095 37.935095 -0.000000 2.340039 2.771724 
601 310.668211 31.164468 316.626806 43.184993 267.305800 61.516576 52.585332 52.585332 0.000000 5.672484 5.927329 
603 415.068784 363.825036 429.473391 379.747592 398.704318 391.627708 32.774679 32.774679 -0.000000 5.244379 5.914714 
610 239.228684 476.962201 250.175718 476.751898 246.054855 480.255682 9.205379 5.260025 0.901021 3.591125 5.578543 
612 262.187868 692.656018 228.597123 667.122058 254.591232 666.228516 25.854240 25.854240 -0.000000 1.290891 3.107231 
618 383.793117 525.682400 366.582092 536.893606 330.577981 467.134634 78.415863 78.415863 -0.000000 0.833076 1.094335 
630 350.861512 493.918887 360.431859 499.085870 355.548169 496.279017 6.067706 4.771882 1.271010 3.608104 0.521639 
641 711.944303 383.773106 755.880182 385.373538 734.797385 415.966310 37.592592 37.592592 0.000000 4.095068 5.315791 
642 535.128543 482.456478 542.687097 498.150698 509.403620 505.336864 33.469686 33.469686 -0.000000 5.556244 6.070542 
648 533.033124 581.090100 514.930561 583.248498 520.592662 562.742935 21.880414 21.880414 -0.000000 0.974948 1.840208 
659 613.783549 98.940367 606.907096 111.932949 594.721467 98.272269 19.146141 19.146141 -0.000000 0.035034 0.842406 
667 264.068770 689.771524 245.197791 685.380560 265.449538 650.834304 39.399775 39.399775 -0.000000 1.606243 2.101023 
673 705.519682 460.376033 694.303235 441.866665 716.413369 442.076498 20.582959 20.582959 0.000000 2.107752 3.151083 
684 471.834282 27.828768 494.204939 6.178485 629.797381 166.348563 209.633111 209.633111 -0.000000 3.861505 4.009900 
689 533.226251 561.820392 516.196617 573.291881 499.950426 530.881812 44.678259 44.678259 -0.000000 0.749017 1.204966 
710 528.264798 107.330287 557.784835 92.289269 559.012621 126.555823 34.794296 34.794296 0.000000 3.700382 4.676574 
720 271.853998 410.899813 282.519760 395.356661 301.177662 419.341620 29.520249 29.520249 -0.000000 3.421897 4.051270 
724 745.011457 375.921931 778.966804 391.054682 738.365100 435.107007 59.737303 59.737303 0.000000 4.824218 5.457048 
732 502.988791 476.992764 525.396462 475.720022 513.161761 493.273794 20.853417 20.853417 0.000000 4.153908 5.321088 
734 474.080607 205.476005 467.489963 192.746327 494.234914 187.865181 26.297696 26.297696 0.000000 2.423443 2.961072 
742 304.806262 398.094029 328.014958 380.363020 325.678632 392.183758 24.686613 11.618579 0.087689 2.865654 4.907520 
743 337.798273 382.082777 366.668528 395.361688 339.473285 417.328810 34.824765 34.824765 0.000000 4.664901 5.603733 
751 746.671873 446.634739 730.999727 447.000624 740.313759 441.253623 9.590101 9.590101 -0.000000 0.702364 2.588748 
759 359.112913 545.263075 328.444629 542.866740 344.626180 525.561728 23.973996 23.973996 -0.000000 0.936759 2.322657 
793 674.648937 236.799541 551.851487 246.067347 614.648219 228.572809 64.355755 47.553113 -0.250754 0.136261 2.869892 
806 198.470507 54.389960 248.012690 0.013114 477.569127 258.118383 345.208027 345.208027 -0.000000 3.772139 3.985466 
820 263.409179 687.621981 271.344106 675.220166 285.607750 694.348805 22.768096 22.768096 0.000000 3.435827 4.071665 
822 511.811533 154.168403 528.210696 109.203016 549.141716 143.324338 38.975015 38.975015 -0.000000 2.858883 4.162153 
825 537.261695 194.530701 518.811385 178.821008 541.891805 170.379117 24.210786 24.210786 -0.000000 1.760209 2.790947 
843 217.580707 493.201656 232.320685 467.286686 252.319814 495.758319 34.180083 34.180083 -0.000000 3.215056 4.100039 
853 139.724247 746.475037 179.032006 784.970178 -142.819891 1071.028138 430.683594 430.683594 0.000000 5.428701 5.556600 
859 410.993731 560.310792 393.481951 552.751008 406.584297 554.599279 14.263312 5.913815 -0.029280 0.913347 3.281732 
869 543.441732 101.761629 523.979524 116.717251 524.855433 98.531067 18.309313 18.309313 -0.000000 0.172095 1.618923 
877 602.445167 72.226214 655.060765 73.863408 627.542724 126.543201 59.606820 59.606820 0.000000 4.279554 5.193767 
878 582.908309 80.862210 601.742530 71.164702 611.451739 112.872931 43.060042 43.060042 0.000000 3.984188 4.483674 
880 629.396753 126.266040 618.715153 125.124585 624.326726 122.532725 6.213820 6.213820 -0.000000 0.634708 2.708905 
884 601.882432 67.294046 629.937032 62.621899 630.090410 138.392899 75.195048 75.195048 -0.000000 4.334693 4.710365 
886 591.435535 250.928621 572.970027 231.850856 579.525071 242.114552 14.748543 7.980623 0.600823 0.637088 4.144025 
890 435.548781 473.787071 453.573543 491.301229 426.219930 500.620605 28.169520 28.169520 0.000000 5.046974 5.954819 
902 425.260726 151.017293 441.666569 72.855495 598.685289 145.091706 172.902050 172.902050 -0.000000 3.107438 3.572771 
910 454.716319 540.006345 393.957540 568.904817 407.376855 512.202752 57.146074 57.146074 -0.000000 0.531047 1.803184 
918 773.482757 135.971347 769.087974 197.012712 619.437285 153.782992 154.825331 154.825331 0.000000 6.168071 0.281216 
919 616.008283 271.758445 588.596503 267.768369 608.244596 220.233168 51.875005 51.875005 -0.000000 1.421244 1.962748 
924 458.866130 512.974265 437.853311 529.271281 436.537598 496.370157 38.787166 18.604423 1.214423 0.639410 1.530828 
929 563.300341 231.996629 552.029766 212.987349 575.244353 213.242983 22.528733 22.528733 -0.000000 2.137900 3.152604 
960 387.051813 556.723581 366.434621 542.748026 387.974215 532.966038 23.692955 23.692955 -0.000000 1.609602 2.715301 
967 260.344742 560.618632 241.811124 559.671743 253.721961 542.831717 19.970126 19.970126 -0.000000 1.214360 2.186400 
970 523.034164 205.967355 494.997907 161.079708 593.243498 135.641566 100.248480 100.248480 0.000000 2.355366 2.888233 
983 673.548019 203.369798 665.368105 217.348887 613.429691 175.861840 66.592407 66.592407 0.000000 0.429126 0.673993 
994 639.271209 264.835491 618.217410 271.669759 610.138159 211.249848 60.403992 60.403992 -0.000000 1.072824 1.437867 
1003 670.194632 236.111190 644.594130 261.965798 632.363986 223.790375 39.328546 39.328546 -0.000000 0.314850 1.260761 
1025 182.808335 335.769169 346.880811 272.281011 339.204750 494.957546 222.714023 222.714023 -0.000000 3.935838 4.746847 
1034 768.469206 95.894171 777.500464 161.970977 579.219828 154.763714 197.777400 197.777400 -0.000000 5.981605 0.036333 
