85 269.668601 463.962559 263.760133 485.861268 245.675066 471.626295 23.435041 23.435041 -0.000000 5.974019 0.666833 
114 218.960612 274.908549 180.972874 278.133623 195.251390 230.676498 50.159079 50.159079 -0.000000 1.078750 1.863053 
125 253.156412 484.790250 243.649519 478.934809 250.316037 479.124477 9.233170 6.063455 -0.841099 1.106092 3.170036 
146 187.366597 464.269515 183.192914 485.432479 133.502375 462.699473 53.637461 53.637461 0.000000 0.029140 0.429066 
153 527.862518 322.057099 540.203845 307.168975 566.863452 342.325576 43.413289 43.413289 -0.000000 3.620870 4.063591 
175 347.770691 375.663264 368.701063 388.118748 345.880649 406.131388 29.904407 29.904407 0.000000 4.774343 5.614990 
218 439.050098 93.277561 422.236855 96.312255 422.375967 39.866403 55.890922 55.890922 -0.000000 1.268199 1.573261 
288 405.802818 398.483510 358.146190 375.767293 460.360921 216.929728 189.154861 189.154861 -0.000000 1.862718 2.142601 
335 367.590947 173.348126 383.033424 159.070279 382.797986 174.263477 14.126630 14.126630 -0.000000 3.201713 4.727884 
355 350.109895 211.323877 354.480369 194.386141 364.269393 207.405888 15.837511 15.837511 -0.000000 2.871643 4.067699 
367 190.099946 365.386005 167.894759 365.423719 180.463214 340.134371 27.672084 27.672084 -0.000000 1.206227 2.032030 
370 200.911214 97.653259 236.216228 97.488581 218.993218 190.647416 95.242416 95.242416 -0.000000 4.520343 4.895203 
376 417.977438 91.296970 392.037770 93.857838 399.981535 37.820931 56.233210 56.233210 0.000000 1.246178 1.711618 
449 284.274613 214.901899 294.836636 202.626118 295.565446 214.659346 11.627587 11.627587 -0.000000 3.120114 4.651896 
486 37.275644 475.328309 38.852470 475.768473 38.093395 468.706247 6.811066 4.553007 -1.539486 1.693663 1.463724 
579 31.592774 473.738656 31.440239 463.678949 28.395320 468.656102 6.812812 4.640118 -1.542832 1.009251 5.261425 
588 274.005778 498.601048 274.014340 491.052831 271.401730 495.078747 3.648594 3.471510 1.567794 0.934177 5.288024 
591 446.028542 403.813943 416.943299 399.207999 452.119601 303.627622 101.665913 101.665913 0.000000 1.631519 1.923441 
608 496.906792 322.884133 480.334900 332.708098 479.874032 309.193555 22.424644 22.424644 -0.000000 0.677041 1.551200 
658 296.823327 182.955709 276.952984 205.102539 279.547148 191.926135 14.504994 14.504994 -0.000000 5.804267 1.765190 
659 508.863912 271.918123 523.327549 265.863395 516.295891 269.700728 8.963592 5.853556 -0.997779 2.851642 5.783632 
718 127.986053 125.984567 144.093149 113.140867 163.950787 152.908952 44.272044 44.272044 -0.000000 3.784218 4.249273 
727 258.000000 495.000000 257.917744 497.113279 261.089747 494.955592 3.600101 3.542612 -0.476218 3.127221 2.544259 
739 514.760303 449.141279 478.194537 460.468292 324.078114 -137.533148 616.952196 616.952196 -0.000000 1.256544 1.318566 
770 490.319532 343.854758 475.069292 347.108448 478.820210 331.184277 16.989021 16.989021 -0.000000 0.833816 1.802128 
772 379.575912 459.566620 261.217830 377.699292 459.016045 219.011320 253.141008 253.141008 0.000000 1.889757 2.465468 
781 346.291334 112.434311 365.864469 103.510516 368.921560 133.899039 30.643524 30.643524 0.000000 3.900565 4.612126 
847 443.997913 394.547970 418.998276 394.452762 433.137179 335.342962 60.120786 60.120786 -0.000000 1.389371 1.805582 
858 53.880415 468.322940 51.183973 471.058136 54.158328 471.825520 3.605157 3.605157 -0.000000 4.633210 3.394087 
898 267.701467 415.775584 140.896376 415.227877 203.971399 221.278967 204.787876 204.787876 0.000000 1.254154 1.885222 
903 97.338704 233.223342 109.300133 244.917880 103.056064 238.360893 7.889581 4.181753 1.008753 3.873627 0.809838 
918 606.578861 400.396477 574.879529 421.212255 517.467585 322.044490 116.739358 116.739358 0.000000 0.721238 1.046008 
919 236.991583 493.997246 236.891338 497.127962 239.963612 495.010581 3.647033 3.519910 -1.330493 3.470189 2.538158 
925 385.721557 381.901132 365.084964 372.807193 393.516084 345.121326 38.026145 38.026145 -0.000000 1.779631 2.369474 
936 344.025787 430.815779 323.829846 427.822618 342.387421 382.856399 48.185865 48.185865 -0.000000 1.536648 1.962203 
1023 192.001727 318.485337 211.001513 318.549102 205.556800 410.544551 92.079353 92.079353 -0.000000 4.566196 4.771505 
1032 374.003287 322.419615 361.706567 316.320836 380.694765 301.455271 24.064529 24.064529 -0.000000 1.879759 2.477375 
1036 460.050205 468.723191 381.732900 459.375239 454.364639 187.254207 281.261313 281.261313 0.000000 1.550599 1.831626 
1085 349.016708 440.922263 363.408501 444.431958 362.310058 620.373671 179.105166 179.105166 -0.000000 4.638446 4.718632 
1091 310.241624 413.467438 298.032588 407.928173 316.656774 388.344840 26.417653 26.417653 -0.000000 1.820807 2.331096 
1112 598.054926 394.899605 572.549879 416.804599 156.374644 -102.151124 665.092499 665.092499 0.000000 0.844314 0.894869 
1124 648.778285 334.814225 637.921146 347.771826 612.338196 314.801044 41.221027 41.221027 -0.000000 0.502235 0.910907 
1168 313.498310 157.988620 303.953197 182.866954 292.270766 163.900375 21.515620 21.515620 0.000000 6.011573 1.018733 
1186 152.763630 493.731503 154.033050 498.422866 156.543960 495.048039 3.606823 3.606823 -0.000000 3.476716 2.210454 
1194 22.972186 246.043186 38.101101 174.033798 252.141460 256.209521 229.390199 229.390199 -0.000000 3.185925 3.508166 
1200 94.038794 227.459223 109.040902 233.973271 100.078076 235.909537 9.286671 9.286671 -0.000000 4.091878 6.070422 
1246 362.108337 369.816857 352.203839 361.799799 370.597296 345.988784 25.364616 25.364616 -0.000000 1.913036 2.431552 
1287 174.086089 497.101320 173.134582 488.720054 171.447165 493.840112 4.792998 3.665799 -1.402551 0.890479 5.030749 
1305 41.565954 259.424241 27.598116 243.846860 36.960044 247.585120 17.391772 10.588423 -1.247876 1.199772 3.521499 
1367 289.478697 476.967590 284.305111 484.682457 282.608253 467.609703 19.978640 4.725538 1.310918 0.937492 1.471732 
1425 123.355018 124.811473 143.617944 111.449724 168.827423 161.997900 56.455686 56.455686 -0.000000 3.827081 4.249764 
1450 287.369507 439.444658 141.397828 439.802995 212.082646 246.827062 206.088153 206.088153 0.000000 1.198192 1.921908 
1452 105.858956 419.280569 57.230975 369.855897 168.808498 306.807815 128.208790 128.208790 0.000000 2.081046 2.627260 
1454 160.189954 267.794987 154.360367 256.435568 160.514777 259.457059 8.699950 8.699950 -0.000000 1.609734 3.597972 
1476 355.112943 476.816252 296.528136 435.341094 398.829655 354.121073 128.973138 128.973138 0.000000 1.913076 2.470565 
1503 281.133841 498.923798 280.678991 493.307017 277.476747 495.091373 3.619382 3.619382 -0.000000 0.808804 5.774815 
1515 512.660267 111.399308 533.134989 116.803734 523.268447 117.175726 11.578271 6.245882 0.634983 3.640223 6.245501 
