1 183.294768 489.959569 207.993145 397.964061 205.346870 447.090978 48.055256 48.055256 -0.000000 2.045907 4.766203 
3 497.591097 376.011490 497.546762 375.875217 275.741063 408.052588 224.228961 220.958011 -0.699074 6.139750 6.139120 
4 289.945198 334.442339 240.004289 370.029695 222.739070 301.014320 77.561741 56.867774 0.799044 0.461562 1.325663 
6 221.333124 363.751199 252.015439 274.896133 245.154046 322.328751 48.901221 47.185668 0.844741 2.092685 4.856048 
7 211.978754 491.518166 206.953109 400.660257 203.788644 446.436861 45.407641 44.273654 -1.132219 1.391082 4.781408 
9 257.486255 277.873179 245.144534 367.683038 246.423201 321.734786 45.051267 42.273460 1.316636 4.959462 1.598618 
10 665.334338 736.330219 693.522801 671.963501 555.753855 649.004669 139.848486 137.929424 1.201029 0.672853 0.165130 
14 735.512826 440.534501 518.899653 374.917888 668.916886 297.406573 171.770661 155.720920 -0.001955 1.135301 2.664688 
17 221.699812 361.323629 257.614772 278.035864 244.089013 321.893342 46.008183 44.468088 1.092502 2.087216 5.011537 
22 333.226335 188.292508 400.200713 217.699125 274.256072 413.783968 233.080949 233.080949 0.000000 4.968179 5.283330 
32 228.183584 407.602904 211.953662 490.825357 212.906283 447.950774 43.026778 36.832927 -1.295547 5.074347 1.593011 
37 798.907869 395.896774 752.031237 434.042963 675.143773 289.457177 162.665838 162.665838 -0.000000 0.710282 1.082051 
40 389.961616 798.103706 403.113563 760.184625 457.536007 795.051008 66.929735 66.929735 -0.000000 3.096448 3.711375 
43 488.393282 296.017237 518.118812 178.492800 684.612303 281.562544 196.500396 196.500396 0.000000 3.068059 3.695910 
47 562.350986 134.557506 615.900662 109.553728 676.936265 300.178746 201.165566 201.165566 0.000000 4.107153 4.402517 
49 306.407376 314.051206 292.617134 333.845361 297.540925 322.817609 11.497875 7.562638 -1.005564 5.503461 1.990728 
52 566.891209 506.784119 634.640023 530.796492 547.972847 659.469356 154.392549 154.392549 0.000000 4.835665 5.305140 
61 487.758991 773.383495 420.189140 610.042898 554.190236 649.760898 139.741989 139.741989 -0.000000 2.063892 3.429744 
71 692.079313 671.793045 682.843589 704.610430 524.867864 640.004641 170.325144 170.325144 -0.000000 0.187867 0.388207 
75 478.623106 665.544270 473.583822 645.482632 480.524951 651.788435 12.712692 12.712692 -0.000000 1.708183 3.879067 
81 336.494323 706.607048 355.854601 674.818738 371.499329 713.154285 39.952339 39.952339 0.000000 3.326493 4.324920 
88 402.285889 218.602813 434.366826 244.648663 296.946402 381.629269 194.001640 194.001640 -0.000000 5.286053 5.499390 
96 432.299847 579.202907 566.010330 506.602086 551.229070 638.429584 131.913208 131.913208 0.000000 3.603638 4.824048 
97 354.105118 728.835069 367.887725 698.818231 388.740709 734.292124 39.426927 39.426927 0.000000 3.297864 4.180958 
100 389.602501 715.158685 408.196106 688.178956 437.105014 724.943076 46.577664 46.577664 -0.000000 3.344728 4.046036 
116 133.258528 585.696441 55.466552 463.155914 260.296739 418.515099 209.280372 209.280372 -0.000000 2.220592 2.927008 
119 333.453070 661.029534 355.916270 635.905874 388.854274 686.094046 59.818165 59.818165 -0.000000 3.566456 4.131605 
123 363.756402 681.614820 378.297339 664.267640 405.819779 702.517547 46.238828 46.238828 -0.000000 3.602785 4.088667 
130 397.590860 686.605273 414.201133 670.520255 457.502276 730.453818 73.775132 73.775132 0.000000 3.773402 4.086731 
131 341.665859 525.036741 343.016772 476.939285 333.352688 501.371291 26.182195 26.182195 -0.000000 1.232983 5.089053 
134 231.023860 362.575807 272.037319 329.095240 276.777252 379.045720 48.778368 48.778368 0.000000 3.487123 4.617780 
135 353.461179 682.867109 343.054876 703.018810 308.837931 678.143470 44.607219 44.607219 -0.000000 0.105463 0.628611 
137 385.511142 663.672208 394.930765 649.624102 458.544880 701.275033 81.816959 81.816959 0.000000 3.617065 3.823573 
144 111.904768 252.891740 290.046947 182.620862 277.991898 411.183515 228.876828 228.876828 0.000000 3.902964 4.765083 
149 649.193572 343.779505 672.323211 375.350664 639.499078 371.895521 28.350109 28.350109 0.000000 5.044427 0.104876 
152 752.270052 288.631575 763.705259 234.937230 1241.076985 359.618222 493.138724 493.138724 0.000000 3.285809 3.397068 
158 410.105723 694.058013 394.019199 722.569105 354.830718 680.695883 56.131316 56.131316 0.000000 0.237189 0.818506 
166 510.386861 796.801895 524.725654 789.463913 530.803378 820.443857 30.816724 30.816724 0.000000 4.000069 4.518667 
167 446.890179 257.081348 467.368422 284.727096 296.140255 392.065375 201.736746 201.736746 0.000000 5.552908 5.723240 
172 279.961772 634.589237 140.605395 591.625529 275.850266 403.944494 230.846947 230.846947 -0.000000 1.552972 2.195221 
173 353.400343 660.769047 342.970458 681.975480 310.698719 658.303098 41.865367 41.865367 0.000000 0.057684 0.632879 
177 372.174067 658.699471 357.541688 682.861026 322.811188 646.052239 51.132229 51.132229 0.000000 0.250814 0.814441 
185 294.630973 740.075791 287.527519 770.669019 223.165032 745.050573 70.851205 70.851205 -0.000000 6.213687 0.378810 
190 395.173829 634.136009 414.719104 622.157653 414.783191 643.096323 21.234479 21.234479 -0.000000 3.570203 4.709328 
204 327.713469 734.102668 331.037183 711.005351 532.383979 729.163511 202.484575 202.484575 0.000000 3.117465 3.231533 
217 355.110635 444.914952 398.837212 413.173308 374.518684 426.567413 27.525875 26.850992 0.429505 2.384276 5.779745 
224 746.675514 274.001385 752.480564 232.132389 823.297741 264.334841 77.249457 77.249457 0.000000 3.016097 3.568370 
227 427.094102 760.034666 441.003221 734.371737 496.762327 779.710922 72.230816 72.230816 -0.000000 3.416851 3.824286 
233 651.011977 392.237146 630.043584 387.961197 645.058487 364.163775 28.943355 28.943355 -0.000000 1.361823 2.133660 
235 736.883032 794.004177 736.778299 765.997090 898.451739 783.137245 161.822967 161.822967 0.000000 3.074435 3.247215 
236 389.922052 646.754774 373.815734 664.677059 368.271665 645.917696 19.848725 19.848725 -0.000000 0.038644 1.283440 
246 409.449017 660.234293 396.236237 679.307050 379.744709 654.715661 29.757013 29.757013 0.000000 0.183691 0.980060 
247 325.070958 788.196183 322.124755 764.032951 370.966401 794.066149 55.927168 55.927168 -0.000000 3.268801 3.692903 
255 758.457608 756.769011 771.741362 798.290948 670.504747 808.470264 102.005114 102.005114 0.000000 5.751763 6.182972 
258 409.927874 589.926547 371.141304 613.276721 287.689711 419.162955 210.761749 210.761749 -0.000000 0.949523 1.164774 
275 264.211403 708.028281 271.480738 689.679742 301.268832 712.764534 37.689207 37.689207 0.000000 3.268712 3.800882 
277 516.268979 594.842129 511.881923 610.194688 510.770356 602.486690 8.917876 8.917876 -0.000000 5.335941 1.427574 
279 555.212839 628.138985 550.180688 648.348916 520.597724 632.859426 34.043929 34.043929 0.000000 6.147652 0.482345 
299 628.967374 389.023484 643.064910 344.220772 642.909473 368.657113 24.213936 23.283755 -1.262341 2.171088 4.718750 
316 401.223470 623.199288 386.067049 639.088910 366.700338 604.610286 39.052406 39.052406 0.000000 0.493933 1.059013 
325 368.077203 798.139698 375.219089 789.196404 378.560983 794.920627 10.958904 10.958904 -0.000000 2.843678 4.183954 
326 370.683603 725.769457 365.429891 738.767515 352.908631 727.918643 16.952188 16.952188 -0.000000 6.162859 0.713959 
335 727.762622 798.147605 724.516871 770.938343 783.775256 780.830673 58.265045 58.265045 0.000000 2.841752 3.307003 
338 331.233945 371.324138 297.263972 345.091396 331.498231 342.145535 35.734370 27.963101 -0.575453 1.579854 3.055754 
342 297.833476 652.660788 291.358321 670.131437 247.790161 641.528115 51.237242 51.237242 0.000000 0.218896 0.580944 
348 354.069158 659.050165 371.824520 640.722171 397.384454 678.044999 46.309018 46.309018 0.000000 3.554863 4.111914 
350 407.108781 605.082516 378.587375 628.207314 365.935838 586.003169 44.345817 44.345817 -0.000000 0.433937 1.279551 
351 376.970511 725.970713 389.432642 713.422854 412.430757 750.269829 42.973391 42.973391 0.000000 3.742350 4.154400 
352 434.671487 724.694530 419.083337 740.070700 297.053067 605.553668 181.740090 181.740090 0.000000 0.713557 0.834032 
361 316.896124 753.970435 311.405431 773.261525 286.208111 738.648288 41.032694 41.032694 -0.000000 0.463078 0.941546 
363 331.916056 643.944122 353.794373 623.080960 369.662737 662.544460 42.001723 42.001723 0.000000 3.599438 4.330072 
369 372.058904 745.008680 365.246583 763.745431 349.358886 744.068330 23.738583 23.738583 -0.000000 0.041401 0.891547 
373 588.076942 259.195125 568.311245 230.967869 581.001605 243.733359 17.536284 10.866946 1.207155 1.141639 3.929942 
390 560.542411 644.697515 546.995813 676.984326 531.119385 656.320330 27.985909 27.985909 -0.000000 5.906976 0.915677 
398 314.345681 325.062609 346.947208 339.337360 323.262505 346.155034 24.054296 24.054296 -0.000000 4.312426 6.002911 
399 330.341227 340.314286 317.509278 349.030506 317.346037 335.722052 13.095383 13.095383 -0.000000 0.339682 1.558531 
404 375.625241 759.189650 371.572933 770.211283 307.083811 739.707558 70.413762 70.413762 -0.000000 0.276934 0.441820 
417 258.128421 776.953323 256.398756 755.018356 275.527294 767.858032 21.869747 21.869747 -0.000000 2.659910 3.732749 
424 356.128876 637.499057 378.531878 615.435219 387.056000 647.023430 31.111829 31.111829 -0.000000 3.440338 4.448816 
431 265.066862 278.909102 290.782343 313.088366 246.811851 311.508804 46.303238 37.055026 0.570236 5.222858 0.035908 
457 712.000310 93.586633 669.999793 93.608847 693.199217 -412.427440 506.299738 506.299738 0.000000 1.533658 1.616610 
459 305.338433 765.207560 304.061139 739.012951 338.093510 747.206538 35.371302 35.371302 -0.000000 2.639084 3.377855 
471 375.087099 626.987509 356.451877 647.502091 334.212460 609.695478 43.432525 43.432525 -0.000000 0.400218 1.039068 
495 704.728705 307.749041 652.950433 326.020404 669.568416 298.434399 34.171389 34.171389 0.000000 0.258970 2.112983 
509 589.002079 788.015417 545.000017 791.021072 554.545950 619.899161 171.403890 171.403890 0.000000 1.368642 1.626523 
512 440.278828 770.004067 432.837294 791.880672 413.513259 776.708694 26.946576 26.946576 -0.000000 6.037741 0.665611 
519 772.603484 760.039819 768.895273 742.880010 784.535480 749.661281 16.493063 16.493063 -0.000000 2.425711 3.550708 
543 740.003065 758.879080 747.966995 774.014826 732.807863 771.333944 13.725323 13.725323 0.000000 5.236252 0.175039 
547 798.348774 401.382328 778.968556 419.061734 677.950917 288.902845 164.468210 164.468210 0.000000 0.751409 0.910793 
578 365.924195 505.032342 346.175028 525.816427 350.967861 510.512272 16.462952 16.462952 -0.000000 5.931980 1.874293 
604 707.130380 748.573984 695.819630 717.859950 733.235528 721.711651 36.920951 36.920951 0.000000 2.341900 3.244174 
614 751.041629 714.962978 755.549550 727.885308 743.619845 722.314464 13.146253 13.146253 -0.000000 5.502546 0.436878 
633 611.089498 571.652078 591.213510 563.000548 635.845787 499.717334 76.589148 76.589148 0.000000 1.902249 2.185056 
634 712.558953 688.578914 727.646766 723.593621 676.394165 722.366288 50.133617 50.133617 0.000000 5.531760 0.023942 
636 722.766707 650.406578 699.935074 632.060712 742.292021 601.986176 51.798128 51.798128 0.000000 1.954097 2.524169 
637 282.106023 773.768221 284.814049 752.943770 301.760259 767.385236 21.439340 21.439340 -0.000000 2.827574 3.847359 
641 659.102499 647.766191 647.185367 691.460996 623.664617 662.476238 38.083875 38.083875 0.000000 5.889735 0.889090 
646 311.542315 676.983746 303.657376 702.879472 246.965222 671.486136 64.959521 64.959521 -0.000000 0.084928 0.505718 
654 736.845925 274.290672 732.995047 259.001248 828.982932 240.258251 97.827739 97.827739 -0.000000 2.787769 2.948755 
662 684.019722 767.774076 687.785828 783.034738 663.035556 781.333534 24.599238 24.599238 -0.000000 5.709503 0.068627 
681 615.636556 746.975252 630.703909 735.337438 625.167496 743.192299 10.491963 10.491963 -0.000000 2.763750 5.326355 
702 729.971543 163.172202 741.414602 239.084416 499.693555 232.105305 240.117907 240.117907 -0.000000 5.992327 0.028865 
709 640.955941 776.047593 652.682653 798.022667 627.567310 798.122112 25.815640 25.815640 0.000000 5.257589 6.279226 
720 619.820795 571.398052 643.718824 596.429285 537.571169 665.979010 126.977706 126.977706 -0.000000 5.428165 5.703151 
726 728.411121 360.440185 720.342240 397.508005 718.893746 377.757765 19.243048 19.243048 -0.000000 5.214909 1.497587 
730 422.831656 667.942670 465.536911 547.561506 561.020345 649.234446 139.040125 139.040125 -0.000000 3.007029 3.958374 
740 198.895966 470.071747 194.599189 488.777697 170.843345 475.422279 27.742235 27.742235 -0.000000 6.094717 0.512158 
744 700.083472 373.686106 692.445879 360.957818 701.380383 366.266914 8.769886 8.769886 -0.000000 1.743853 3.677754 
746 720.773555 156.451480 732.766046 162.466451 656.824779 286.335605 144.854715 144.854715 -0.000000 5.169900 5.262368 
