6 251.013012 321.086259 266.128103 335.959105 254.091645 333.844886 13.302927 12.559749 0.844553 4.475617 0.173877 
9 236.299655 341.358608 172.000940 350.016322 183.055132 193.886312 155.866406 155.866406 -0.000000 1.224314 1.641480 
12 344.851676 336.653539 431.451612 401.738747 328.605306 381.148433 111.145237 44.349147 0.069351 5.062478 0.197592 
18 433.796597 402.677674 75.556724 367.519991 248.167609 390.678668 191.164034 56.046348 -0.017087 0.064550 3.274963 
21 66.707353 404.648499 74.000000 375.000000 82.890625 392.401113 20.221645 20.221645 0.000000 2.493758 4.240041 
22 63.626561 680.199156 58.904511 623.924102 509.087299 620.035553 449.302241 449.302241 0.000000 3.007346 3.132955 
24 208.049244 364.297889 169.067420 365.776931 179.040952 139.488992 226.029769 226.029769 0.000000 1.442470 1.614842 
30 187.896143 343.549125 233.034934 333.151659 248.372514 497.021031 163.613302 163.613302 -0.000000 4.337018 4.619064 
31 417.963176 367.043433 429.559344 398.092310 412.779342 387.057953 18.958632 18.958632 -0.000000 4.965824 0.581692 
36 732.959586 755.584517 712.985929 754.203512 725.474393 726.255773 29.146253 29.146253 0.000000 1.320914 1.991028 
37 165.681659 341.427726 189.102000 330.243776 189.799311 362.868639 31.244460 31.244460 0.000000 3.868304 4.691019 
40 217.938336 321.970046 251.017246 318.074489 277.611025 741.392623 423.202092 423.202092 0.000000 4.571064 4.649649 
44 183.880831 329.480396 217.707011 321.722500 262.720233 596.693430 278.209178 278.209178 -0.000000 4.425486 4.550126 
46 191.903196 344.996907 216.064199 342.665233 217.692929 486.537765 143.513619 143.513619 -0.000000 4.532159 4.701069 
58 298.983031 484.743317 265.929160 486.928408 226.860458 -222.328780 710.374292 710.374292 -0.000000 1.469146 1.515768 
60 266.157135 499.159481 300.393582 500.327599 282.581539 508.120496 20.066967 18.120118 -1.085031 3.641045 5.870769 
61 268.387632 501.314476 297.221393 498.732631 283.518767 510.390983 19.468567 16.364365 1.541742 3.681906 5.578220 
66 271.003519 715.666266 259.212637 706.887398 269.822010 705.914376 10.229346 10.229346 -0.000000 1.450227 3.050135 
78 340.987493 698.185227 322.934755 696.966287 337.160438 625.779078 72.226916 72.226916 -0.000000 1.517990 1.768033 
81 641.700750 356.883686 602.973215 359.471299 610.858997 127.588453 231.508031 231.508031 0.000000 1.437092 1.604791 
85 218.993592 370.951930 171.697690 369.239119 198.288470 301.445339 71.625550 71.625550 -0.000000 1.281279 1.944587 
86 270.040525 718.837327 257.510703 710.295715 268.913441 706.774408 11.847250 11.847250 -0.000000 1.477633 2.842071 
87 250.997938 331.617961 258.465390 340.857317 254.281857 336.509705 5.296871 4.194635 0.867534 4.121173 0.804629 
89 198.964653 351.661629 169.676464 352.840222 144.641475 -259.338640 613.474172 613.474172 0.000000 1.482121 1.529924 
91 150.996160 370.404667 163.998796 353.012060 164.501174 367.940519 15.181109 15.181109 0.000000 2.961116 4.678749 
92 422.958119 387.960994 405.551467 406.650926 382.561010 368.586996 43.725473 43.725473 -0.000000 0.447186 1.027444 
96 675.142416 106.345823 584.149480 104.890405 629.136815 -115.872263 225.170675 225.170675 0.000000 1.366651 1.771825 
98 591.995451 74.004570 598.209315 91.210693 586.909685 85.051536 13.456461 13.456461 -0.000000 5.143839 0.499055 
106 332.238477 679.640605 324.955201 666.013357 341.961365 665.917690 16.636833 16.636833 -0.000000 2.187214 3.135967 
113 405.649469 489.231398 418.682953 510.993858 395.529708 531.544139 48.018372 15.978298 -1.182272 4.947145 5.557276 
122 248.026502 438.785509 107.275227 419.402164 228.859929 7.522501 430.917662 430.917662 0.000000 1.526383 1.857839 
127 645.944519 94.634882 599.898650 96.506269 622.372261 31.552056 65.413926 65.413926 0.000000 1.213191 1.903896 
137 604.724629 57.552451 623.035837 57.843202 611.766978 75.063527 20.177431 20.177431 -0.000000 4.330017 5.291846 
142 407.078062 486.164325 421.038031 510.004563 400.293192 528.165233 47.371493 15.607084 -1.224938 4.872546 5.564111 
145 598.262875 354.502595 579.571784 354.392162 589.185002 348.747902 11.415159 11.415159 -0.000000 0.564992 2.610686 
151 507.883541 264.040914 492.146275 219.245975 729.863453 159.738199 244.500753 244.500753 -0.000000 2.702335 2.896303 
171 457.617213 93.775694 524.924093 96.311982 491.174676 123.990424 47.931162 39.983841 1.448164 3.874622 5.596298 
198 511.252154 64.707383 537.210697 87.076428 500.827616 104.369825 38.572154 38.572154 0.000000 4.969407 5.839481 
199 391.387820 683.263044 375.373048 685.980770 383.387263 684.270242 9.378775 5.932338 -0.677504 6.157953 2.931311 
204 389.276167 681.093042 382.802854 679.784589 383.297555 684.372326 6.992275 3.950405 -0.678379 5.781492 4.604973 
219 798.892293 302.813977 752.107771 322.309584 712.073447 162.013333 164.940018 164.940018 0.000000 1.018254 1.326051 
222 547.200594 81.198727 591.141515 73.845676 577.453548 121.590482 47.439639 47.439639 0.000000 4.069536 4.991591 
235 494.464517 170.054154 475.196517 146.271278 537.329939 114.144046 69.031872 69.031872 0.000000 2.224890 2.664384 
239 242.008112 767.869937 182.025462 761.830876 244.713044 420.027344 347.513004 347.513004 0.000000 1.578572 1.752183 
245 751.720875 120.387365 762.771763 112.535266 760.384948 122.159014 9.050663 9.050663 -0.000000 3.343294 4.955497 
247 487.990699 182.617597 466.008129 134.000811 495.939387 151.386541 31.219357 31.219357 -0.000000 1.820017 3.667816 
257 703.548771 92.884516 733.551479 129.032277 665.628327 154.430146 70.428405 70.428405 -0.000000 5.264588 5.925361 
263 200.175659 380.957917 150.699972 371.726970 186.541438 305.094732 75.958953 75.958953 0.000000 1.392973 2.064302 
272 314.092659 608.971526 364.141531 552.474515 347.479142 586.945657 39.473505 34.626635 -0.664937 2.558412 5.162646 
277 314.858690 607.030403 373.331457 570.894338 342.833503 584.221737 35.264331 27.135770 -0.823338 2.457575 5.871200 
304 370.466610 315.073630 412.906945 330.926297 314.266162 536.962617 227.993078 227.993078 -0.000000 4.960454 5.158896 
331 496.497696 166.979816 487.863924 181.693164 488.948932 173.573569 8.953325 8.953325 -0.000000 5.565212 1.703638 
340 758.164190 597.392249 719.987182 607.175682 726.863512 561.732976 45.881018 45.881018 0.000000 0.850399 1.720976 
353 441.452901 340.064155 412.183819 332.306466 437.702889 279.613825 58.682489 58.682489 0.000000 1.508841 2.021806 
359 11.717160 779.309078 58.063628 761.172905 216.925689 1231.947334 496.734523 496.734523 -0.000000 4.286744 4.386939 
403 540.364957 665.763822 523.205281 671.606915 526.804041 654.659635 16.718739 16.718739 -0.000000 0.686122 1.780038 
448 315.059652 756.684784 199.973278 759.081072 249.632716 251.484514 509.101835 509.101835 -0.000000 1.442006 1.668318 
449 301.039232 761.402375 270.041410 764.424713 260.938585 500.388144 263.741380 263.741380 -0.000000 1.418354 1.536334 
466 603.276622 605.476535 569.102853 621.281275 491.434008 405.511215 229.444121 229.444121 -0.000000 1.060833 1.225275 
481 453.854532 598.613441 482.007205 588.019147 602.987046 948.864003 380.459437 380.459437 0.000000 4.309851 4.388898 
508 168.656702 345.980815 188.192310 340.749252 313.255387 497.396864 209.383215 209.383215 -0.000000 3.950017 4.038641 
517 629.081794 623.043632 650.010308 612.026086 660.777975 657.158650 46.106306 46.106306 0.000000 3.963728 4.478188 
518 796.961495 716.930941 773.123853 730.222129 727.627410 620.095627 118.687674 118.687674 0.000000 0.949413 1.179023 
