1 31.176834 543.106560 229.722465 526.243819 130.792180 538.129770 99.261934 37.783188 -0.088904 3.091674 6.163614 
4 872.043891 544.489647 702.667359 564.166385 764.673134 529.404449 108.179366 48.204464 0.102151 0.139583 2.630629 
12 28.491195 722.953909 42.136358 682.356441 70.552527 713.158669 41.640765 41.640765 0.000000 2.912791 3.967262 
13 704.456864 563.629627 686.970286 554.729422 793.839424 283.459271 294.389312 294.389312 -0.000000 1.879619 1.946084 
17 414.566392 445.533453 311.576918 466.797196 385.526426 477.425771 78.056872 33.692462 0.005492 5.451009 3.284343 
18 685.487444 557.818895 687.532750 582.971593 643.486977 570.682047 44.868019 44.868019 -0.000000 5.985993 0.272097 
20 671.935937 554.023711 648.951815 594.416393 652.515034 571.398749 25.791318 19.360751 -0.786079 5.553330 1.724381 
24 608.677293 389.304092 664.024508 405.950038 610.039726 495.632924 104.559129 104.559129 0.000000 4.699576 5.254242 
25 708.187246 357.331179 771.059963 339.429820 758.588762 433.045957 91.640329 91.640329 0.000000 4.125072 4.844826 
26 489.811635 548.810990 502.835498 535.831516 528.400654 575.871511 46.766058 46.766058 0.000000 3.753157 4.144147 
27 473.931207 609.362529 477.846841 631.944083 450.912653 626.111812 27.794004 27.794004 -0.000000 5.654147 0.213246 
29 656.942898 410.107056 586.961091 451.449565 597.702383 422.429484 67.304177 28.245238 0.008112 6.078103 1.925293 
34 299.893442 699.393468 257.483277 687.908003 324.228488 520.479222 179.560166 179.560166 0.000000 1.705982 1.950137 
40 240.826483 666.266964 255.373655 682.668593 218.504498 700.928155 40.179998 40.179998 0.000000 5.284538 5.823342 
41 442.421080 154.763205 434.049663 178.243626 435.390569 164.428200 13.779801 10.902594 1.459170 5.341282 1.667552 
45 446.616656 155.781232 432.993528 179.009913 436.895082 162.651001 19.069597 11.232654 1.296254 5.668009 1.804920 
62 431.745984 131.339933 429.448130 150.702105 424.075194 143.884964 14.880536 7.719307 -0.813791 5.261193 0.903322 
67 390.002972 514.555376 297.205374 484.664207 364.163647 418.869234 95.604237 95.604237 -0.000000 1.307045 2.364957 
69 339.199302 675.436601 281.925824 646.105321 359.063608 561.120157 114.431470 114.431470 -0.000000 1.742844 2.307828 
74 854.163937 362.583942 720.213430 375.385696 788.767494 369.961971 70.931036 24.815759 0.051770 6.170840 3.062641 
79 861.233879 503.974154 844.897660 534.849811 804.446322 504.548995 59.041164 31.860760 0.211248 6.273063 0.642905 
87 228.332516 732.662061 199.158070 747.314729 174.571013 662.344880 87.383222 87.383222 0.000000 0.918044 1.289127 
91 122.961697 506.132385 157.147099 571.484412 136.768417 539.357487 82.469425 33.911097 -0.097948 4.318549 1.005525 
93 403.010901 434.217878 376.051202 436.372721 359.985291 -190.068996 625.831235 625.831235 -0.000000 1.501986 1.545156 
94 89.025681 572.903769 86.337591 514.357481 106.117843 542.145780 61.984270 29.372656 -0.079705 2.078004 4.093774 
103 235.873667 710.848083 212.344778 730.414599 167.790507 649.948124 90.777945 90.777945 -0.000000 0.729765 1.065117 
106 156.068030 572.086281 105.017748 575.283398 118.780020 360.981949 213.545550 213.545550 0.000000 1.395967 1.634927 
109 241.217723 681.061369 235.273443 710.171405 210.802115 690.368415 31.471615 31.471615 -0.000000 5.986237 0.680345 
113 701.067411 388.427381 649.252398 396.600186 555.066075 -414.339713 815.938607 815.938607 0.000000 1.390890 1.455170 
116 504.728453 616.485446 489.260805 596.250958 526.084187 580.906061 41.147713 41.147713 0.000000 2.111383 2.746759 
117 768.099452 397.473652 713.927191 380.153099 772.532344 287.304642 109.381742 109.381742 -0.000000 1.611012 2.133836 
118 292.506317 641.289101 293.577983 601.274116 313.916164 622.917374 28.243798 28.243798 -0.000000 2.432417 3.958068 
120 697.794052 457.366929 678.123566 447.802499 810.383122 157.666092 319.883145 319.883145 0.000000 1.930156 1.998507 
122 303.634577 694.113161 272.018867 647.978592 308.689905 654.326728 37.474786 37.474786 0.000000 1.697181 3.313004 
123 190.074040 739.274495 80.830647 743.066243 129.705521 548.036563 200.523687 200.523687 0.000000 1.265024 1.816342 
125 692.679107 514.070769 696.331192 492.199092 707.499558 505.367742 16.846186 16.846186 0.000000 2.610615 4.008997 
127 841.081817 396.281963 782.994623 400.777688 803.200896 256.617071 144.715849 144.715849 0.000000 1.305941 1.710054 
129 478.936095 649.902448 397.023635 677.192398 397.316499 536.088721 140.290769 140.290769 0.000000 0.948664 1.572872 
134 720.906665 375.596751 773.001084 345.975511 767.166147 365.904301 50.509911 20.068147 -0.022624 2.935057 4.997217 
136 526.799729 404.602042 560.919839 393.603205 563.028465 463.055950 68.816793 68.816793 -0.000000 4.157550 4.682038 
155 319.109213 456.248893 363.888335 442.418794 370.276952 540.863423 98.264028 98.264028 -0.000000 4.168509 4.647584 
161 103.991578 577.493561 126.002121 577.127537 119.152295 746.962811 169.842840 169.842840 -0.000000 4.623167 4.752699 
