2 231.118014 176.035498 232.055405 176.406521 133.974297 136.899415 104.666918 104.577111 -0.416487 0.382976 0.382918 
3 160.202268 235.220311 160.618805 234.883695 134.006587 136.956335 101.349945 101.349945 -0.000000 1.310270 1.305450 
8 636.502707 412.139879 616.286271 468.165139 486.381623 389.031032 151.549736 151.549736 -0.000000 0.152736 0.547135 
17 554.426783 294.758994 563.181770 347.046387 481.278824 332.191829 82.784533 82.784533 0.000000 5.810189 0.179418 
32 145.220560 166.025659 144.946020 146.986359 490.660649 148.296014 345.742016 345.742016 0.000000 3.090313 3.145381 
60 388.448433 783.277722 383.248788 648.877468 631.214177 715.108639 255.366016 255.366016 -0.000000 2.867840 3.402598 
80 301.643417 491.768528 246.058321 458.942980 379.025238 297.937877 208.745659 208.745659 0.000000 1.950633 2.261105 
85 412.998759 492.033144 336.064356 483.604428 411.611161 178.961926 313.023746 313.023746 0.000000 1.566364 1.813878 
91 271.502852 474.710278 225.734158 438.301890 372.531552 307.594508 195.231032 195.231032 0.000000 2.114550 2.414111 
92 206.733793 437.220261 187.263150 384.780523 298.271945 374.456637 111.220409 111.220409 -0.000000 2.540559 3.048859 
94 659.735681 266.481111 687.974196 256.855106 684.441706 295.953837 37.940092 37.940092 0.000000 4.014746 4.802492 
97 741.562464 196.893528 746.207058 177.807042 823.384472 203.387394 81.291210 81.291210 -0.000000 3.220792 3.461646 
103 233.690106 456.344942 212.351156 431.878568 314.443107 364.183940 122.432918 122.432918 0.000000 2.290315 2.556081 
106 774.788121 211.959907 788.210815 164.105569 907.292219 220.461020 132.229984 132.229984 0.000000 3.205662 3.583613 
110 525.481784 672.172675 537.169424 650.104982 589.340623 693.546817 67.451083 67.451083 0.000000 3.464581 3.835944 
111 527.866161 670.934648 543.829837 646.849607 575.558031 685.434824 49.469518 49.469518 -0.000000 3.436751 4.024204 
118 179.000000 394.000000 198.231928 324.608697 288.702558 387.906376 110.064646 110.064646 -0.000000 3.086103 3.752083 
122 775.598420 476.018076 752.890779 462.179216 817.069086 382.906163 101.259117 101.259117 -0.000000 1.989806 2.251355 
138 761.028248 248.374667 750.805677 209.013242 826.649239 207.111879 76.340894 76.340894 -0.000000 2.580262 3.116528 
172 723.577628 177.786463 741.485034 150.418061 771.337977 190.024243 48.519646 48.519646 0.000000 3.392429 4.066496 
178 539.237080 731.201092 532.620874 706.099931 786.446275 652.319949 259.227345 259.227345 0.000000 2.832718 2.932803 
182 520.691730 704.969619 523.746344 673.975001 633.564367 701.346917 112.262146 112.262146 -0.000000 3.109508 3.385863 
188 518.542899 704.955029 521.699345 672.872037 686.185183 705.552168 167.202279 167.202279 -0.000000 3.145155 3.337719 
189 483.086294 760.968956 469.804315 706.030240 626.070796 696.811656 156.179770 156.179770 0.000000 2.719819 3.082668 
192 759.825074 713.026786 755.779530 775.159991 645.515147 734.310823 116.513982 116.513982 0.000000 6.099097 0.354789 
196 704.735341 444.856360 660.573971 363.790807 919.200547 272.183267 274.633630 274.633630 0.000000 2.463729 2.801174 
203 426.488957 634.206574 460.574315 581.624217 563.116845 685.238304 145.682476 145.682476 0.000000 3.499055 3.932189 
204 527.880888 674.333350 543.942725 647.370186 580.246238 690.742999 54.092187 54.092187 -0.000000 3.445269 4.015484 
209 530.784521 736.053976 523.300092 706.175323 656.474471 686.103517 134.350342 134.350342 -0.000000 2.763321 2.992000 
213 509.506659 704.949817 513.172073 668.915783 735.153203 711.807182 225.473218 225.473218 -0.000000 3.171973 3.332461 
217 764.050144 248.980882 752.500606 204.075282 892.842026 191.194608 141.173122 141.173122 0.000000 2.719837 3.050068 
218 546.717496 286.299718 560.697060 351.027727 480.759160 330.318820 80.606374 80.606374 0.000000 5.694691 0.253490 
221 429.201476 783.263085 413.626670 710.130283 608.408296 704.977548 194.865695 194.865695 0.000000 2.729732 3.115145 
226 177.621588 390.648577 202.464248 313.941845 273.477838 382.916146 97.134541 97.134541 -0.000000 3.061100 3.912424 
229 364.367777 739.965486 368.020069 675.006087 527.228039 712.497955 164.933289 164.933289 0.000000 2.974508 3.372869 
236 408.861019 793.042188 391.358722 709.953400 669.994413 693.631823 278.897236 278.897236 -0.000000 2.777845 3.083083 
247 353.967080 686.997972 355.753955 657.984846 500.646271 682.211083 146.223323 146.223323 0.000000 3.108969 3.307262 
256 152.621465 412.010267 151.888952 385.003012 223.222370 396.775705 71.330795 71.330795 -0.000000 2.929067 3.305156 
260 779.719045 202.960318 791.730054 162.857062 850.901256 201.970757 70.593466 70.593466 -0.000000 3.127692 3.725680 
266 672.198062 678.918675 676.929317 708.991692 615.317444 706.532224 63.103069 63.103069 -0.000000 5.831233 0.039898 
271 359.728002 686.971904 368.142797 641.168648 513.364188 689.113656 153.254460 153.254460 0.000000 3.155532 3.460477 
272 528.538381 735.160120 521.421717 707.111526 654.594513 688.048023 134.629546 134.629546 -0.000000 2.783928 2.999410 
274 520.358736 262.663314 556.130113 327.977593 468.586386 333.132144 86.669777 86.669777 0.000000 5.346016 6.224373 
284 503.531725 705.960694 506.303304 672.941520 621.984345 700.066821 117.907446 117.907446 0.000000 3.091876 3.371915 
285 511.437984 742.136128 503.444544 709.134539 795.515593 653.378692 297.194145 297.194145 -0.000000 2.838762 2.952964 
294 487.295807 648.602332 506.800710 620.821269 549.741564 673.562423 67.102625 67.102625 -0.000000 3.521848 4.029061 
299 541.750812 644.670340 562.811544 628.750685 582.361976 675.595619 49.740594 49.740594 0.000000 3.792411 4.317021 
303 485.204626 760.926611 472.347329 706.957291 693.923194 682.687578 223.337236 223.337236 -0.000000 2.782950 3.032495 
307 538.435169 676.647779 551.503799 655.690576 626.641523 718.184482 97.080519 97.080519 0.000000 3.581694 3.835381 
308 522.837817 703.984680 525.485939 675.951440 935.320552 715.614128 412.065314 412.065314 -0.000000 3.169779 3.238070 
316 745.020463 174.012569 759.386439 150.623146 792.727117 187.928237 48.526650 48.526650 -0.000000 3.425410 3.983049 
322 754.905845 201.983314 769.637414 160.795339 818.557794 201.467681 62.858733 62.858733 -0.000000 3.133492 3.835188 
334 357.937481 740.007904 356.748846 688.979054 502.088306 710.065122 146.810136 146.810136 -0.000000 2.936787 3.285669 
337 798.245235 276.781188 774.194641 249.826331 1035.415972 46.790900 330.298841 330.298841 0.000000 2.371564 2.480876 
341 381.375976 707.939953 385.998330 659.903613 921.713491 733.863062 540.522183 540.522183 0.000000 3.189532 3.278783 
342 515.935628 704.992899 519.580055 671.953678 652.258713 703.493183 135.620014 135.620014 -0.000000 3.130592 3.374975 
345 718.134280 224.974783 717.653361 201.846516 755.474465 213.458341 38.906707 38.906707 0.000000 2.842430 3.439477 
348 164.614622 368.057234 163.393569 391.050182 31.422772 371.409315 133.570657 133.570657 0.000000 6.258023 0.147743 
349 471.109741 479.593458 397.001638 484.945828 417.290477 244.187889 241.554751 241.554751 0.000000 1.346036 1.654868 
353 533.317519 736.178482 525.462067 706.140680 647.473375 690.147430 122.466187 122.466187 0.000000 2.758305 3.011256 
355 526.744329 275.519018 547.135005 311.936847 387.185777 380.276363 174.466878 174.466878 -0.000000 5.639279 5.879404 
357 473.716863 651.863913 498.000706 614.000759 562.748200 681.142476 93.109370 93.109370 0.000000 3.459309 3.945142 
361 486.103652 659.045874 503.700026 626.805036 562.626814 681.350928 79.318514 79.318514 0.000000 3.425216 3.888402 
371 500.707883 704.966243 504.993120 667.883646 737.217242 711.077420 235.890343 235.890343 0.000000 3.167426 3.325492 
378 738.108314 175.061765 752.116648 150.496274 798.980632 194.069311 62.694483 62.694483 -0.000000 3.444252 3.890618 
389 530.157331 703.989654 532.061388 677.010436 589.535946 694.561928 59.878401 59.878401 -0.000000 2.984134 3.437976 
394 470.936997 651.971646 491.832241 615.887286 582.628750 692.374664 118.444432 118.444432 0.000000 3.488685 3.841661 
396 413.059035 708.007227 424.641946 638.150887 739.415694 725.139125 326.320270 326.320270 0.000000 3.194039 3.411215 
400 673.966065 745.981555 658.208696 766.303327 641.984270 740.126979 31.359637 31.359637 0.000000 0.181055 1.015936 
407 374.226093 685.863336 380.572528 649.924513 523.292583 690.547855 147.798213 147.798213 -0.000000 3.173008 3.418896 
408 389.566429 708.033275 402.296300 630.802990 633.218915 709.598085 243.620535 243.620535 -0.000000 3.148015 3.470423 
414 434.341469 527.391182 466.171846 504.355607 485.194779 565.197851 63.578425 63.578425 0.000000 3.780886 4.409358 
418 748.322162 204.058903 756.379186 171.783286 835.845723 206.253682 86.687816 86.687816 0.000000 3.166664 3.550870 
420 526.816414 229.109411 603.103643 482.031808 398.963796 406.660786 217.661928 217.661928 -0.000000 5.336470 0.353687 
422 504.038449 742.212875 496.700229 709.066366 654.031224 688.208738 158.410161 158.410161 -0.000000 2.795997 3.009790 
428 326.850983 586.997191 331.595373 544.102242 464.753596 581.531859 137.792253 137.792253 -0.000000 3.101982 3.415613 
429 471.961187 704.869645 477.737023 658.841515 640.638241 703.699883 167.650588 167.650588 0.000000 3.134658 3.410304 
430 727.389660 196.827276 733.074794 176.738171 779.108216 200.244742 51.047729 51.047729 0.000000 3.207575 3.613717 
444 422.674273 708.871205 434.152444 640.040523 626.989612 706.929062 203.536485 203.536485 0.000000 3.132087 3.475472 
461 635.753877 402.003224 631.341915 412.083993 587.504920 405.036550 48.931194 48.931194 -0.000000 6.220400 0.159401 
463 477.607777 655.832102 497.517557 620.667492 571.806998 687.724595 99.411670 99.411670 0.000000 3.468044 3.875868 
464 468.874739 649.934220 495.058476 610.051123 552.875039 675.672748 86.797120 86.797120 -0.000000 3.438920 3.990137 
468 712.286184 758.089685 687.067701 798.096628 654.961452 751.025764 57.120063 57.120063 0.000000 0.122608 0.972196 
473 761.029834 204.004630 775.830843 160.890502 824.677581 199.997101 62.377163 62.377163 -0.000000 3.078711 3.816698 
478 731.098186 664.607434 741.385208 702.945976 633.674043 713.528295 108.456347 108.456347 -0.000000 5.817825 6.185252 
484 185.477622 322.588325 235.018316 279.031341 276.607877 376.692642 105.316907 105.316907 0.000000 3.677369 4.309794 
485 639.477757 388.961922 613.042127 483.021253 484.005911 395.204107 155.274835 155.274835 -0.000000 6.243057 0.597561 
489 161.002790 393.000041 161.366870 367.990783 246.056418 380.792226 85.158637 85.158637 -0.000000 2.999035 3.291614 
496 459.739147 699.969439 463.736313 665.851948 647.873632 702.160423 187.418752 187.418752 0.000000 3.153238 3.336277 
499 733.257367 174.129647 747.323097 150.971410 788.333954 193.588710 58.173528 58.173528 0.000000 3.481212 3.946198 
505 481.207348 659.082971 505.700896 618.744410 553.747183 675.698758 73.665446 73.665446 0.000000 3.366766 4.011626 
507 507.517809 705.951466 510.945789 671.893891 675.384072 706.444020 167.320641 167.320641 0.000000 3.144527 3.348690 
509 460.089088 769.972041 445.944093 709.006616 638.409931 693.265810 193.176357 193.176357 -0.000000 2.735361 3.059989 
510 396.267680 798.262099 381.460973 743.098665 615.304758 708.332669 236.491958 236.491958 -0.000000 2.752010 2.994002 
514 388.710346 176.199919 392.355261 141.786248 451.672778 170.680182 65.246846 65.246846 0.000000 3.054149 3.594872 
519 548.944837 649.947154 597.062923 630.610032 589.238554 680.627924 50.660706 50.660706 0.000000 3.792368 4.867563 
520 684.249169 226.112695 699.069662 202.070800 724.335016 233.523168 40.035037 40.035037 0.000000 3.324394 4.035646 
523 713.943773 380.042591 701.867699 364.100216 923.713106 209.284961 270.315448 270.315448 -0.000000 2.458358 2.532310 
536 391.492103 708.031574 404.497649 628.871892 698.542000 721.135082 307.852225 307.852225 0.000000 3.184242 3.445637 
540 507.612701 744.101720 499.725696 714.072043 633.487352 690.714877 135.652227 135.652227 -0.000000 2.740462 2.968718 
543 431.984187 783.006074 415.495796 711.062436 588.059495 709.339757 171.955696 171.955696 -0.000000 2.700601 3.131610 
548 191.862012 322.873518 207.635122 305.665547 287.075940 393.637734 118.173465 118.173465 0.000000 3.780736 3.977907 
554 508.648319 615.533013 541.029761 594.058565 601.056964 713.862481 134.382819 134.382819 0.000000 3.958022 4.247905 
564 724.143772 727.019673 720.443670 754.060709 595.573300 720.753125 128.489592 128.489592 0.000000 0.048702 0.260668 
575 511.442308 705.944444 514.825533 671.982620 681.230168 706.344528 169.243264 169.243264 0.000000 3.143949 3.345227 
579 528.205007 789.828699 502.639261 754.220004 592.024806 715.578234 96.766334 96.766334 -0.000000 2.280792 2.733551 
584 436.789951 526.748426 470.938842 505.860969 483.587496 566.578007 60.898602 60.898602 0.000000 3.846727 4.507005 
588 394.890377 689.988555 397.184017 668.019212 949.201537 754.117463 558.274936 558.274936 0.000000 3.256772 3.296316 
590 128.388165 751.133571 99.183564 767.837384 106.592993 747.530396 21.847480 21.847480 -0.000000 0.163838 1.920657 
591 501.493828 798.357011 479.584116 767.293330 622.538636 688.440860 162.605926 162.605926 -0.000000 2.404341 2.637529 
594 756.798747 247.070011 748.380160 211.996205 857.227032 198.787932 110.861054 110.861054 -0.000000 2.693454 3.020836 
595 297.138566 482.742785 266.788470 466.392654 401.899202 251.448533 253.326943 253.326943 0.000000 1.996086 2.131970 
597 500.246940 611.272448 536.741486 586.441696 576.867652 680.914338 103.088273 103.088273 0.000000 3.879313 4.310740 
600 488.537014 695.932932 515.824525 629.847347 589.996510 699.256190 101.468432 101.468432 0.000000 3.174335 3.893829 
606 731.940572 105.313917 763.431010 -0.233622 1222.459085 199.434817 500.580952 500.580952 -0.000000 3.331169 3.551887 
608 525.713626 436.249508 499.972100 450.951149 238.186742 -33.346110 550.487724 550.487724 0.000000 1.021392 1.075240 
612 498.951237 705.996594 501.115995 675.008103 675.438477 704.577393 176.159301 176.159301 -0.000000 3.133551 3.309617 
613 399.075777 792.976638 381.852756 714.021661 634.633989 700.522624 252.430709 252.430709 0.000000 2.767578 3.088241 
620 546.575958 763.299421 529.140354 738.607006 608.373190 699.347669 87.811878 87.811878 -0.000000 2.339063 2.681557 
629 523.340656 669.603854 537.207539 646.523875 582.956464 691.218820 62.631538 62.631538 0.000000 3.489422 3.915338 
630 505.847014 704.919043 507.813213 676.916669 898.099741 715.796593 392.177151 392.177151 0.000000 3.169317 3.240884 
631 491.466038 758.172151 480.232257 706.972152 602.006031 704.654687 121.821031 121.821031 -0.000000 2.690709 3.122564 
632 679.891747 710.094137 677.364070 734.038433 623.294738 715.350098 56.220665 56.220665 -0.000000 6.190584 0.332782 
634 718.564626 768.815974 702.226503 798.170753 645.923001 746.916105 75.786898 75.786898 -0.000000 0.292812 0.738492 
638 493.830152 704.862373 498.410276 665.930622 610.957819 699.697898 116.160815 116.160815 0.000000 3.097528 3.433074 
639 431.823664 771.044681 420.300680 707.967698 624.006548 701.594192 203.506795 203.506795 0.000000 2.794819 3.110315 
641 402.446601 789.154259 387.412526 715.948021 678.870481 690.083128 292.872692 292.872692 0.000000 2.797452 3.053081 
643 767.947304 360.045770 731.883458 311.060604 877.935905 235.611849 164.799956 164.799956 0.000000 2.294651 2.664764 
647 516.858432 743.045765 508.078482 707.985103 704.991682 675.572357 199.814805 199.814805 -0.000000 2.797235 2.978451 
649 670.935718 734.373947 657.303613 759.279261 634.074466 732.149656 35.525746 35.525746 -0.000000 0.060269 0.862697 
650 772.242233 715.985604 766.402656 781.851204 618.265507 735.005792 155.166185 155.166185 -0.000000 6.160282 0.306279 
651 773.671529 202.949349 781.875259 170.948170 850.390384 203.766630 76.059055 76.059055 -0.000000 3.152245 3.588296 
656 499.460044 663.719621 513.066874 637.515463 582.413676 687.738317 85.090850 85.090850 0.000000 3.423429 3.768394 
657 492.149397 704.933113 497.701716 664.922319 675.040744 706.894382 182.650931 182.650931 -0.000000 3.152316 3.373993 
658 452.653164 707.973135 461.008503 651.002162 611.805982 701.313792 158.570045 158.570045 0.000000 3.099775 3.463617 
659 444.683495 773.100306 432.520666 725.073320 600.257814 705.078003 168.974844 168.974844 -0.000000 2.729406 3.022946 
663 677.378052 785.453034 661.551121 798.660430 640.066753 758.562745 44.890814 44.890814 0.000000 0.624485 1.078920 
670 377.508142 643.808684 393.462646 602.790987 800.536486 795.248717 449.450975 449.450975 0.000000 3.485368 3.583231 
671 490.028806 661.012729 512.015034 625.012489 555.598287 677.302180 67.068893 67.068893 -0.000000 3.385093 4.017555 
673 465.140623 768.952868 450.454074 710.107061 632.473519 695.812898 181.771440 181.771440 -0.000000 2.729524 3.063223 
675 717.821484 763.278450 699.997130 797.731321 649.432509 749.524869 69.518162 69.518162 -0.000000 0.198461 0.761528 
683 447.941943 698.992830 456.377581 650.087976 628.432302 703.888937 179.927758 179.927758 0.000000 3.168713 3.444657 
685 511.998835 798.733550 485.880922 763.087248 629.502249 682.539240 163.931921 163.931921 -0.000000 2.361796 2.630468 
692 715.652099 534.592989 749.576285 563.515761 690.284450 599.109954 68.853171 68.853171 0.000000 5.087014 5.742529 
694 539.081268 645.094214 564.123751 627.277155 581.585618 675.283234 51.088431 51.088431 0.000000 3.759170 4.363524 
696 440.084297 708.925348 448.728884 647.935625 682.927296 708.818900 242.261304 242.261304 -0.000000 3.141154 3.395927 
704 440.131659 633.068259 471.913946 585.725839 551.053562 678.939887 120.091209 120.091209 0.000000 3.533724 4.008470 
706 425.310362 779.221107 415.615625 653.924687 640.960802 697.143762 230.403058 230.403058 0.000000 2.777918 3.331082 
707 367.472752 158.875642 372.204918 138.812469 468.217591 170.660398 100.957540 100.957540 0.000000 3.258040 3.461877 
710 155.029623 384.005527 163.706384 355.858105 210.877387 385.054751 55.282729 55.282729 -0.000000 3.160378 3.695832 
718 384.955935 596.976177 405.810468 564.101374 505.983027 649.767519 131.667357 131.667357 0.000000 3.552907 3.849090 
725 465.474562 579.518108 513.893468 546.786335 563.718491 670.887526 133.724603 133.724603 0.000000 3.890751 4.330601 
728 393.383594 175.896322 398.946457 142.822797 524.935988 185.093370 131.679948 131.679948 -0.000000 3.211391 3.465300 
729 694.418000 283.145070 693.291543 263.095990 824.418825 271.377084 130.739565 130.739565 -0.000000 3.051316 3.204662 
731 192.942230 304.944463 263.777885 261.423022 291.054022 388.487207 128.800999 128.800999 0.000000 3.846960 4.500934 
734 397.384947 665.833674 407.138302 629.766975 545.434500 688.035099 149.024850 149.024850 0.000000 3.290443 3.540349 
736 718.959292 713.001344 714.820000 757.965702 608.584394 723.619414 110.907032 110.907032 -0.000000 6.187280 0.312696 
737 525.498642 769.320736 512.959594 748.017086 619.660476 698.759118 117.516571 117.516571 -0.000000 2.498498 2.709097 
741 527.427982 642.228720 556.056568 618.102540 568.875361 665.822331 48.106436 48.106436 0.000000 3.659089 4.449958 
743 521.829051 780.114655 503.753945 753.165029 617.061062 696.598202 125.986539 125.986539 -0.000000 2.421643 2.678558 
746 732.642556 216.117193 739.561502 190.771341 775.692662 213.737846 43.115443 43.115443 0.000000 3.086380 3.707808 
750 412.118348 694.889011 422.413625 637.095300 678.064691 717.654372 267.117226 267.117226 0.000000 3.226986 3.446857 
752 490.138084 701.017538 494.342242 667.916458 671.542766 708.636210 181.172121 181.172121 -0.000000 3.183566 3.367466 
754 728.094655 710.999157 723.250203 761.060677 631.814401 728.568064 96.709953 96.709953 0.000000 6.102694 0.341442 
759 487.590409 245.967639 521.949547 270.051986 464.929973 313.276207 70.907761 70.907761 0.000000 5.037135 5.634546 
763 646.080392 511.812904 725.816947 560.201328 590.086381 696.113585 192.033462 192.033462 -0.000000 5.007346 5.497118 
766 526.346455 736.905137 518.980988 710.005206 701.191335 671.305504 186.067060 186.067060 -0.000000 2.782658 2.932312 
768 512.430373 792.428849 491.639555 762.631996 588.911565 713.652461 108.831381 108.831381 -0.000000 2.341412 2.675124 
769 724.133862 224.002154 724.536264 198.992539 779.679662 213.043598 55.756994 55.756994 0.000000 2.946806 3.391093 
775 473.569560 587.488212 498.556616 566.472822 568.293784 670.163254 124.569476 124.569476 0.000000 3.859174 4.120323 
777 467.013962 695.851757 472.858232 656.978686 644.967070 704.937950 177.633966 177.633966 0.000000 3.192608 3.413355 
779 183.520494 321.401474 243.952219 270.917665 283.152189 382.728775 116.555816 116.555816 -0.000000 3.693360 4.375188 
782 397.029631 623.015390 432.315387 566.489126 569.354078 692.394845 185.265274 185.265274 0.000000 3.524347 3.884676 
783 703.991011 591.009110 739.039654 634.976528 650.964447 672.244729 95.252283 95.252283 0.000000 5.290695 5.882891 
784 381.137504 642.046124 396.263324 603.112403 618.035280 714.642458 247.797773 247.797773 -0.000000 3.438953 3.607561 
792 516.808758 625.745455 541.432843 607.245110 576.979614 675.171846 76.243861 76.243861 0.000000 3.829267 4.230267 
794 117.941171 246.246040 243.612914 162.145778 135.071181 136.594680 110.824230 110.824230 -0.000000 1.725766 0.231194 
800 472.899225 584.879161 521.060943 553.123414 568.543288 673.371003 129.346854 129.346854 0.000000 3.888168 4.336312 
802 419.655208 681.929448 427.243484 644.845200 623.779294 708.131732 205.517453 205.517453 0.000000 3.269259 3.453118 
805 701.250404 712.010448 696.705846 747.926157 618.603734 720.757115 82.492249 82.492249 0.000000 6.177746 0.334772 
806 377.379408 761.926638 372.761852 738.046048 949.150611 634.601115 585.474648 585.474648 -0.000000 2.922482 2.964012 
809 449.499238 798.285227 426.028129 711.874418 615.393282 709.755951 188.408665 188.408665 0.000000 2.651389 3.130406 
810 377.962535 227.447544 424.115684 235.523200 367.555433 410.810026 183.825475 183.825475 -0.000000 4.769085 5.024514 
816 189.018089 308.013905 274.342808 254.873603 293.176486 386.876027 131.300973 131.300973 0.000000 3.789645 4.570669 
821 566.904726 630.811132 593.010968 625.753662 589.680006 677.377396 51.990048 51.990048 0.000000 4.257504 4.776824 
822 567.866558 631.363293 596.961538 629.162879 587.506002 675.213174 47.426877 47.426877 0.000000 4.291300 4.914905 
828 568.963113 389.257853 529.207896 429.245860 418.012519 278.041534 187.358567 187.358567 0.000000 0.634982 0.936706 
833 532.036115 703.958843 533.103460 678.961719 603.054776 692.728987 70.807245 70.807245 0.000000 2.984766 3.335921 
838 747.140579 643.919842 767.942122 708.850563 621.164775 720.246706 147.261574 147.261574 -0.000000 5.738450 6.205698 
839 706.872230 662.063748 719.716241 704.036386 639.923140 706.819366 79.887893 79.887893 0.000000 5.693913 6.248322 
848 651.759226 652.233149 667.657135 673.659801 629.961556 685.466676 39.114379 39.114379 -0.000000 5.292896 5.979648 
861 432.872599 710.992445 440.061993 653.012024 669.491840 712.708302 236.605769 236.605769 -0.000000 3.148844 3.396142 
863 457.704705 705.980056 464.237507 657.054479 590.808986 697.367675 132.508354 132.508354 -0.000000 3.076979 3.449936 
864 718.770587 682.888767 722.670082 709.903275 448.895408 734.618596 274.597806 274.597806 0.000000 6.093802 6.193153 
867 561.137834 408.162754 535.147183 430.173793 428.491576 280.430532 183.445878 183.445878 -0.000000 0.766528 0.951892 
870 401.146338 625.078311 440.478157 564.387512 555.647310 682.348794 163.812408 163.812408 0.000000 3.496571 3.938967 
874 745.697719 644.141362 765.381859 708.955977 618.027718 721.978760 148.555229 148.555229 0.000000 5.735681 6.195037 
875 428.122043 710.004810 438.337216 643.095094 615.877223 703.572879 187.483107 187.483107 0.000000 3.107349 3.469908 
876 704.919476 670.642298 713.379006 701.076151 627.881122 711.272144 86.681650 86.681650 0.000000 5.797861 6.164492 
877 751.607151 642.727249 765.247473 781.048252 564.036210 728.374804 207.607942 207.607942 0.000000 5.854845 0.256036 
878 724.322541 320.824391 709.728909 289.722640 889.064033 220.636059 192.890971 192.890971 0.000000 2.595199 2.773877 
883 655.881903 549.217957 706.392328 583.542756 606.657610 675.746617 135.117025 135.117025 0.000000 5.083409 5.537003 
885 421.417561 633.707447 466.525250 572.652813 536.547154 667.872863 118.676272 118.676272 -0.000000 3.430071 4.078317 
886 596.036515 623.632688 628.132942 630.604951 597.228439 687.406332 63.707258 63.707258 0.000000 4.693701 5.210676 
888 383.982250 713.998462 397.445467 630.122471 624.000777 706.904101 238.963049 238.963049 -0.000000 3.112044 3.468353 
891 674.788676 781.771977 652.605550 798.903946 627.804533 742.551263 60.956544 60.956544 0.000000 0.695583 1.156203 
893 489.122958 205.787471 526.226668 229.746406 370.576246 433.565398 256.738909 256.738909 0.000000 5.192261 5.364582 
901 469.693048 623.772023 533.170196 568.343932 573.306728 674.160590 113.733546 113.733546 0.000000 3.594230 4.349852 
902 425.660373 629.820342 458.588553 580.639600 528.588616 663.417603 107.318133 107.318133 -0.000000 3.457103 4.010434 
907 663.836451 767.003077 649.184437 779.221178 629.623664 742.024980 41.463028 41.463028 -0.000000 0.630630 1.086659 
914 713.733032 763.264452 693.928433 797.943077 648.828789 747.765294 66.693063 66.693063 -0.000000 0.234410 0.838646 
916 786.623388 209.023384 797.943574 160.975266 885.634185 202.007938 98.136963 98.136963 -0.000000 3.070856 3.579253 
918 497.250346 456.064033 467.024732 466.079693 370.109144 125.782223 353.909943 353.909943 -0.000000 1.203333 1.293345 
919 465.072634 571.086992 504.175263 545.353306 552.758455 659.508007 124.088817 124.088817 0.000000 3.931165 4.310018 
923 105.623021 723.577752 125.143456 743.905149 91.252699 756.605106 35.674848 35.674848 0.000000 5.122786 5.924649 
924 754.344290 713.987344 750.185784 769.035626 579.853508 726.478781 175.415894 175.415894 0.000000 6.211719 0.244834 
926 106.528268 306.046303 127.296415 248.616888 285.545866 338.713399 182.100973 182.100973 -0.000000 3.322087 3.659157 
933 427.971627 635.987188 462.152459 583.135641 546.862968 677.384416 125.796204 125.796204 0.000000 3.476657 3.980239 
937 471.302990 731.096860 468.091556 707.987277 793.596663 668.149739 327.995499 327.995499 0.000000 2.948711 3.019811 
938 536.609322 774.358680 516.736904 747.167820 658.293309 669.389011 161.269199 161.269199 -0.000000 2.429805 2.639168 
945 502.814089 611.767928 530.997388 591.995126 575.911242 682.702628 101.290034 101.290034 -0.000000 3.911978 4.252629 
946 737.338013 662.878929 747.749978 701.035869 642.006663 712.865627 106.759009 106.759009 0.000000 5.800250 6.171776 
947 481.436547 703.948121 484.192354 674.017711 625.737781 702.546455 143.801752 143.801752 -0.000000 3.131879 3.340480 
949 737.573209 711.984685 734.534900 759.086991 574.025782 724.549644 164.121289 164.121289 0.000000 6.206508 0.211942 
950 762.100031 712.988531 756.820457 777.954666 636.210705 733.390711 128.010276 128.010276 0.000000 6.122518 0.353930 
952 375.002487 506.440870 335.003760 506.666507 355.037953 288.182597 218.661161 218.661161 -0.000000 1.479578 1.662237 
953 591.007003 535.921537 648.082121 550.823066 587.327276 663.469766 127.601530 127.601530 0.000000 4.741231 5.207011 
954 467.883365 573.848278 515.878844 543.752233 563.310210 669.905152 134.566670 134.566670 0.000000 3.930281 4.352757 
959 502.378352 752.160794 491.021291 708.253151 626.712852 694.977113 135.302317 135.302317 0.000000 2.710522 3.044063 
960 451.430850 760.150069 440.807639 711.034428 739.345829 671.497506 300.974004 300.974004 0.000000 2.842893 3.009924 
963 411.667154 786.099543 395.576319 711.915847 690.544965 683.650359 296.580101 296.580101 0.000000 2.789535 3.046059 
966 562.609952 798.609525 536.899579 782.156928 636.319999 656.652616 159.529658 159.529658 -0.000000 2.049719 2.240743 
969 583.000896 274.999259 622.020843 448.004846 418.067295 401.619965 209.123245 209.123245 0.000000 5.628448 0.223625 
982 706.707026 755.919814 690.676965 788.441020 642.230486 741.731401 66.456238 66.456238 -0.000000 0.216603 0.767147 
987 751.970669 713.043661 748.682138 765.101468 581.045961 726.522739 171.673372 171.673372 0.000000 6.204488 0.226195 
991 694.828015 748.943018 677.413246 782.283779 637.880810 738.299157 57.727196 57.727196 -0.000000 0.184776 0.838656 
994 515.710754 522.996808 583.992819 512.803032 572.502294 675.108877 162.133925 162.133925 -0.000000 4.355063 4.783067 
995 436.745071 557.693313 504.994542 515.983623 552.884778 666.184514 157.774942 157.774942 -0.000000 3.892955 4.403738 
999 669.444569 682.926857 673.047817 704.827607 613.337308 704.604181 59.231919 59.231919 0.000000 5.914497 0.003742 
1002 707.887372 760.953321 687.985632 793.987866 645.562537 745.250392 63.901419 63.901419 -0.000000 0.246816 0.854554 
1006 466.833666 580.802763 515.183354 548.356737 558.779619 662.802353 122.161256 122.161256 0.000000 3.869872 4.348426 
1008 441.292768 639.576471 473.391658 591.300221 599.928968 709.942384 172.645015 172.645015 0.000000 3.559085 3.894800 
1012 227.224731 268.421758 329.009827 244.665816 320.464893 446.075239 201.557517 201.557517 -0.000000 4.229065 4.754789 
1024 354.957725 500.965444 303.967917 498.732697 337.785590 252.958126 247.336535 247.336535 -0.000000 1.501666 1.707534 
1029 679.064084 743.540849 668.932534 763.473985 635.315907 732.337461 44.561498 44.561498 0.000000 0.250700 0.747116 
1034 651.314091 551.389534 705.011754 587.988045 600.883774 683.596457 141.023121 141.023121 0.000000 5.076802 5.540415 
1043 634.187437 632.699542 651.973560 647.018315 619.028571 673.790418 43.159636 43.159636 0.000000 5.065810 5.600790 
1044 726.403740 715.009533 721.038728 760.259206 607.655061 725.575384 118.809525 118.809525 -0.000000 6.194442 0.296859 
1046 108.009794 722.984508 127.774745 746.622216 92.004628 756.217459 36.587734 36.587734 -0.000000 5.161213 6.021108 
1052 543.074093 591.205395 579.903514 582.353879 587.600017 682.574447 100.874544 100.874544 0.000000 4.258937 4.635744 
1053 483.348837 613.235725 529.217627 575.435090 560.552228 662.422229 91.899908 91.899908 0.000000 3.708848 4.366638 
1057 427.951999 798.024774 406.603270 711.040783 608.065525 705.607369 201.501181 201.501181 -0.000000 2.667515 3.114629 
1068 665.931669 735.972793 655.356138 756.231045 617.314092 724.100153 49.669407 49.669407 -0.000000 0.239517 0.701360 
1074 714.844385 658.088978 730.725083 707.029723 633.817027 711.939122 97.167303 97.167303 0.000000 5.696620 6.232568 
1077 698.107427 717.015715 693.705960 747.103274 579.301708 714.768553 118.188111 118.188111 0.000000 0.018912 0.275451 
1080 442.225059 559.279533 502.104925 521.217552 560.952226 677.320861 166.570514 166.570514 -0.000000 3.924094 4.351886 
1082 625.984430 638.036812 648.215336 651.761902 612.678963 686.435096 49.886917 49.886917 0.000000 4.980677 5.510081 
1088 707.736104 587.296695 749.194581 641.898561 635.814859 685.018288 120.737001 120.737001 0.000000 5.346857 5.919765 
1090 535.998847 771.000930 513.879336 727.036229 614.988588 707.685748 102.577607 102.577607 -0.000000 2.465900 2.952497 
1091 766.730365 713.953929 761.941053 777.198173 610.491878 734.161903 157.423710 157.423710 -0.000000 6.154559 0.276865 
1093 744.027756 169.371281 762.542524 147.429379 805.360883 199.907600 68.220504 68.220504 0.000000 3.603540 4.028012 
1097 524.709372 541.063911 586.010326 532.477317 573.718993 666.253689 134.446264 134.446264 -0.000000 4.339247 4.804011 
1102 497.866787 661.932814 516.363574 632.308093 574.321318 689.195311 80.904447 80.904447 0.000000 3.484121 3.917670 
1103 716.210378 708.979699 713.969324 754.135533 594.633706 722.382614 122.836513 122.836513 -0.000000 6.173386 0.260055 
1105 698.659332 769.463909 684.611125 789.429990 639.546351 738.958403 66.353773 66.353773 0.000000 0.476408 0.841932 
1108 777.668425 161.738477 795.755211 138.806928 839.884194 192.831766 68.501933 68.501933 0.000000 3.605053 4.027471 
1111 451.916652 538.872039 473.765795 524.640435 508.181044 598.511101 81.000064 81.000064 0.000000 3.956099 4.276404 
1114 705.166755 708.978916 704.060003 744.128225 597.099648 720.632844 109.184622 109.184622 0.000000 6.175761 0.216230 
1115 695.705177 752.228435 679.062734 784.040312 621.701304 728.694407 78.414305 78.414305 -0.000000 0.307897 0.767517 
1117 673.397666 780.442164 647.497470 798.882095 615.439072 724.381741 80.790367 80.790367 -0.000000 0.768752 1.164435 
1118 765.364438 122.029999 782.717582 -0.503721 1221.554937 121.198368 454.991471 454.991471 0.000000 3.139770 3.412122 
1121 397.522762 610.746123 430.610180 562.683932 542.061973 673.124393 156.939262 156.939262 0.000000 3.549012 3.922433 
1130 146.420509 356.264836 120.132179 282.971382 367.481356 231.243673 253.214329 253.214329 0.000000 2.626889 2.935436 
1136 659.150873 548.728381 709.226873 583.735306 617.415328 660.494144 118.379022 118.379022 -0.000000 5.069774 5.586847 
1138 734.580125 653.721193 751.305851 708.956528 616.112823 718.953968 135.447757 135.447757 -0.000000 5.779851 6.209370 
1140 714.370575 708.970785 712.900251 749.100327 571.520575 721.163650 143.762665 143.762665 0.000000 6.198037 0.195087 
1145 609.448033 301.758632 638.731823 388.985707 473.305072 400.808493 166.937549 166.937549 0.000000 5.654212 6.211838 
1146 185.267647 405.872912 190.689858 344.897198 285.172613 386.404798 102.711654 102.711654 0.000000 2.949138 3.555525 
1147 450.670356 554.557698 505.833521 521.649469 560.879338 677.064574 164.369850 164.369850 -0.000000 3.979787 4.371990 
1151 759.284155 715.995098 753.908570 772.979242 611.310723 730.822738 148.655113 148.655113 -0.000000 6.183314 0.287445 
1152 759.925835 324.029283 735.470398 298.507474 850.186518 213.356719 142.117207 142.117207 -0.000000 2.254956 2.503055 
1155 585.095294 539.185541 646.163509 553.578463 586.518365 672.295671 132.422542 132.422542 -0.000000 4.701698 5.177966 
1165 598.992692 575.167018 634.076342 582.756849 597.868451 652.082189 77.197260 77.197260 -0.000000 4.727005 5.193709 
1166 479.822920 593.781392 524.900532 563.797316 557.331514 658.256708 99.353956 99.353956 0.000000 3.835453 4.381666 
1169 741.076205 710.927931 736.158476 769.235564 599.038681 725.082295 143.337875 143.337875 -0.000000 6.183861 0.311521 
1170 671.048312 742.628244 659.763913 761.457807 628.075945 730.180898 43.707150 43.707150 -0.000000 0.281943 0.778870 
1172 632.282781 775.177598 608.001979 781.008243 595.815674 681.733230 99.666768 99.666768 -0.000000 1.198719 1.448654 
1178 446.384915 537.030512 471.900111 520.842557 510.186882 606.982912 93.630766 93.630766 0.000000 3.972941 4.294144 
1181 739.878375 647.068612 760.831561 713.173822 623.087976 718.957039 137.441925 137.441925 0.000000 5.731422 6.241225 
1182 693.426294 750.206458 681.541312 774.746473 619.748439 728.774147 76.110525 76.110525 -0.000000 0.283080 0.639634 
1185 797.828248 596.727969 797.788934 576.957294 808.209293 587.643345 13.141822 13.141822 -0.000000 2.422697 3.939578 
1188 691.821339 669.109991 703.345008 705.966071 635.721977 706.555267 67.591073 67.591073 0.000000 5.694619 6.274473 
1189 717.357626 654.818058 734.522665 709.941934 623.629452 715.426356 111.174581 111.174581 -0.000000 5.709176 6.233769 
1193 549.558315 760.314805 533.297756 737.500515 603.471015 705.431830 76.174154 76.174154 -0.000000 2.347276 2.712939 
1195 671.731684 778.718932 644.238089 798.404693 623.613802 739.975379 61.221378 61.221378 -0.000000 0.677891 1.231471 
1200 784.326408 652.888184 794.092837 685.978788 636.442690 716.529092 160.628910 160.628910 0.000000 5.876797 6.091772 
1201 686.123106 672.917076 696.015495 697.995615 638.813627 704.686382 57.197022 57.197022 -0.000000 5.691830 6.166747 
1210 494.214301 750.929396 486.637298 725.081636 659.373651 686.321928 177.189977 177.189977 -0.000000 2.768710 2.920862 
1217 585.061682 543.345958 619.042379 546.550633 590.396790 695.719328 151.453373 151.453373 0.000000 4.677390 4.902114 
1227 391.306574 229.772009 449.135083 247.668975 370.342386 396.663834 167.578307 167.578307 -0.000000 4.837350 5.198832 
1233 702.054063 596.950566 732.610760 636.234117 640.618555 679.498577 101.481348 101.481348 -0.000000 5.352193 5.843574 
1236 301.982867 237.848339 371.021209 237.602218 330.673251 587.451793 351.706696 351.706696 0.000000 4.630507 4.827211 
1238 492.792606 579.691483 522.811542 562.594766 578.601508 691.659454 140.875825 140.875825 0.000000 4.058493 4.304382 
1242 682.244094 625.804783 697.851049 645.319366 622.899002 690.554695 87.094248 87.094248 0.000000 5.454261 5.740179 
1243 631.119023 770.477202 607.115747 776.464067 575.462040 610.533784 168.825325 168.825325 -0.000000 1.235923 1.382296 
1244 722.253152 764.082426 705.886037 798.538499 628.158456 737.842099 98.157312 98.157312 -0.000000 0.271962 0.662977 
1246 238.594199 177.779238 179.229116 238.434653 139.990430 140.983456 104.513823 104.513823 -0.000000 0.357164 1.188008 
1250 444.385284 570.369192 509.311005 526.608876 557.920912 671.718967 151.824269 151.824269 -0.000000 3.870343 4.389151 
1251 653.322386 544.357508 709.318488 582.693489 608.245640 671.883434 134.525104 134.525104 -0.000000 5.052153 5.560161 
1252 508.689306 618.595260 544.142111 595.267334 585.937314 693.936744 107.021020 107.021020 0.000000 3.914497 4.311715 
1253 557.891112 612.522833 582.004611 607.020205 587.273522 686.473363 78.986823 78.986823 -0.000000 4.334191 4.646171 
1255 564.841219 624.626330 593.990197 619.802597 588.332792 685.880452 65.954329 65.954329 0.000000 4.346178 4.797798 
1257 531.086515 786.086723 506.085151 751.943697 610.286150 702.246520 114.697786 114.697786 -0.000000 2.327739 2.696566 
1259 763.485002 157.371295 789.773412 128.747447 851.575423 210.686485 102.560755 102.560755 0.000000 3.685851 4.066177 
1265 528.725221 548.144688 582.979488 539.963139 576.424742 676.388998 136.852624 136.852624 -0.000000 4.356301 4.760398 
1271 587.087260 515.057245 618.099253 517.927676 588.912096 657.713506 142.113260 142.113260 0.000000 4.699598 4.918231 
1276 731.707523 713.028423 727.406301 762.100858 632.469456 727.796508 100.521917 100.521917 -0.000000 6.135455 0.346740 
1284 287.398245 602.521036 261.062725 593.833305 305.580667 511.261858 93.255319 93.255319 0.000000 1.767460 2.065267 
1288 698.046630 665.974449 709.390289 709.058577 618.607941 712.167615 92.088682 92.088682 -0.000000 5.756484 6.248952 
1305 545.906796 768.080954 525.312609 740.437602 587.065919 713.615343 66.853508 66.853508 -0.000000 2.217929 2.731833 
1309 706.099201 270.962264 704.161244 247.038493 824.591837 249.494088 120.703871 120.703871 0.000000 2.962360 3.161980 
1312 526.717192 521.946598 581.037382 515.564496 570.396999 663.525736 148.324336 148.324336 0.000000 4.413135 4.784179 
1314 752.076313 572.934379 766.431666 589.628815 699.255921 634.260524 80.361426 80.361426 0.000000 5.423409 5.696752 
1315 706.655520 590.358630 742.128716 635.928030 652.277679 670.397023 95.483240 95.483240 -0.000000 5.309153 5.916876 
1323 591.020843 578.796492 630.982249 586.068134 577.165869 756.593802 178.643470 178.643470 -0.000000 4.790157 5.018087 
1326 547.673302 761.231717 532.743386 740.182009 626.316257 691.258591 104.945504 104.945504 -0.000000 2.414466 2.659842 
1327 542.735132 772.205273 523.985033 748.011599 637.501308 674.891491 134.790195 134.790195 0.000000 2.342932 2.569350 
1328 778.427782 718.930064 772.820732 784.169847 629.747675 737.132132 149.869475 149.869475 0.000000 6.161367 0.317635 
1329 669.691626 241.012394 721.191469 31.615980 1043.445837 224.045286 374.059848 374.059848 -0.000000 3.096227 3.679903 
1343 534.845002 573.534760 585.991503 564.713061 580.239653 683.083402 118.330130 118.330130 0.000000 4.319549 4.760943 
1344 732.138391 588.883958 763.349051 637.827728 630.076556 687.805016 141.861343 141.861343 0.000000 5.513413 5.924414 
1356 665.273475 523.476209 711.867153 552.177688 593.064294 690.472047 181.875542 181.875542 -0.000000 5.120512 5.422118 
1363 528.937777 559.762498 588.981498 550.715013 579.310349 693.429584 142.128100 142.128100 -0.000000 4.351997 4.780051 
1365 729.086052 602.932147 749.296957 634.838708 649.354606 676.090265 107.911404 107.911404 0.000000 5.540755 5.891733 
1366 689.142572 604.860207 724.693951 653.145830 628.319276 688.835502 102.454300 102.454300 -0.000000 5.339238 5.928522 
1368 765.301348 645.873112 783.282327 709.950682 606.678841 724.594608 176.877462 176.877462 0.000000 5.822517 6.200455 
1370 749.407732 708.969212 746.751826 765.118408 588.909771 727.833358 161.927946 161.927946 0.000000 6.166187 0.231965 
1371 777.332180 153.280347 797.804672 133.710948 818.583152 173.916248 45.262234 45.262234 -0.000000 3.605442 4.235384 
1374 663.150113 546.739488 708.987209 579.015077 622.394705 650.596036 110.802708 110.802708 -0.000000 5.086344 5.592409 
1377 601.078799 621.635771 629.844132 630.312576 594.038755 701.597674 79.924473 79.924473 -0.000000 4.800205 5.177862 
1378 674.570103 713.111432 671.034103 731.202125 635.189130 714.330819 38.860564 38.860564 -0.000000 6.252231 0.439913 
1379 686.885927 755.929974 674.410740 776.252141 607.092319 718.843931 87.726491 87.726491 -0.000000 0.435072 0.706109 
1386 747.320710 708.979813 749.205520 738.924120 610.880326 736.112432 138.145017 138.145017 -0.000000 6.086886 0.020324 
1387 710.794284 711.021605 707.186008 752.052735 618.228461 722.502723 93.637225 93.637225 0.000000 6.159784 0.320713 
1390 158.144267 354.065921 174.294675 328.464087 209.961576 367.254419 52.877910 52.877910 0.000000 3.390820 3.968916 
1395 640.977967 584.046659 681.194424 609.771614 622.416477 656.228369 73.766041 73.766041 0.000000 4.964085 5.614339 
1396 665.242533 593.718318 682.996147 609.004475 582.374878 705.966560 139.270592 139.270592 -0.000000 5.348330 5.516305 
1398 682.078596 614.930033 711.956638 655.025684 602.436485 708.481848 121.889207 121.889207 0.000000 5.417646 5.829108 
1400 720.873733 712.007875 717.328037 758.220432 579.216146 722.450497 142.396300 142.396300 0.000000 6.209601 0.253424 
1403 457.205055 241.538025 522.020846 280.972004 348.446666 482.291408 265.130303 265.130303 -0.000000 5.136691 5.423914 
1408 550.735085 603.150734 588.008010 596.290784 585.842650 678.114347 82.172432 82.172432 -0.000000 4.274398 4.738847 
1409 573.898423 633.385845 596.995743 631.932349 592.331576 714.666511 82.707277 82.707277 0.000000 4.489377 4.768705 
1415 690.491755 674.825020 697.989949 704.001083 630.934585 708.020181 67.453901 67.453901 0.000000 5.774704 6.223320 
1424 518.923240 505.889912 558.994873 496.920670 556.192631 602.958405 105.699165 105.699165 -0.000000 4.345795 4.738810 
1425 670.039426 523.926880 712.278439 550.624743 612.707544 659.028421 146.483732 146.483732 0.000000 5.113719 5.455342 
1436 695.832573 597.166373 732.697656 645.628376 617.535024 696.364851 125.631322 125.631322 -0.000000 5.380573 5.868206 
1437 686.619498 608.332940 714.945904 641.038852 632.038835 682.736368 91.930300 91.930300 0.000000 5.345296 5.817186 
1438 681.019753 671.989845 691.005363 701.999064 635.888518 704.268971 55.023922 55.023922 0.000000 5.662312 6.242025 
1440 736.406505 152.071228 742.002226 72.000454 966.144942 129.427635 231.237221 231.237221 -0.000000 3.043347 3.392406 
1445 539.835659 580.526511 586.959940 572.283381 577.577509 664.451726 91.868228 91.868228 0.000000 4.289778 4.813836 
1448 520.053989 628.066193 537.119746 614.146814 771.793592 902.523285 372.039435 372.039435 -0.000000 3.970137 4.029304 
1449 702.055754 708.996387 697.961244 749.989482 585.854496 716.671526 117.048162 117.048162 -0.000000 6.217231 0.288885 
1452 566.638742 777.551699 551.557234 767.676174 591.442326 722.881973 59.587297 59.587297 -0.000000 1.996722 2.298286 
1455 470.486066 580.342458 517.026774 550.054529 585.611736 699.915415 165.291192 165.291192 -0.000000 3.945937 4.283185 
1456 793.100454 756.005172 786.793210 785.942254 670.173004 743.904241 123.726857 123.726857 0.000000 0.098123 0.345971 
1458 295.022828 170.248783 299.495226 135.177293 346.019309 160.989809 52.740147 52.740147 0.000000 2.961988 3.648129 
1459 602.388789 223.594387 631.490147 251.488642 517.312409 342.315289 144.983622 144.983622 0.000000 5.334175 5.611204 
1461 147.180370 415.000405 147.167017 387.999917 214.574677 399.833804 67.734688 67.734688 0.000000 2.920238 3.315379 
1465 641.105675 600.786480 670.321040 620.660968 629.902726 649.098514 48.671995 48.671995 0.000000 4.940249 5.670060 
1470 593.036904 566.683427 634.121586 575.669954 593.555774 669.185902 101.935751 101.935751 0.000000 4.707327 5.121677 
1471 596.982602 620.168382 626.250803 626.092919 594.954553 701.767778 81.457887 81.457887 0.000000 4.737238 5.104532 
1490 591.037461 531.647041 640.981814 543.046486 584.231434 669.545307 138.280962 138.280962 -0.000000 4.761704 5.134098 
1511 134.182725 420.015281 133.715463 395.024017 179.918558 408.163770 46.511652 46.511652 -0.000000 2.888040 3.418669 
1519 134.247519 378.870881 110.796242 306.040535 312.069305 283.101614 202.192927 202.192927 0.000000 2.647568 3.028113 
1521 659.757609 534.904311 721.459587 579.590136 606.769861 664.504898 142.016862 142.016862 -0.000000 5.100505 5.645865 
1522 593.981863 587.188303 627.156990 593.434797 583.027828 718.488443 132.234797 132.234797 -0.000000 4.795624 5.051629 
1523 674.313239 623.712303 700.735146 658.165797 615.289494 697.976213 93.903971 93.903971 0.000000 5.383941 5.847176 
1524 767.042015 633.979385 784.094775 674.973268 624.682466 722.432698 166.700403 166.700403 0.000000 5.727224 5.993826 
1526 125.059105 235.038709 145.666129 207.679322 227.850643 290.026861 116.385437 116.385437 0.000000 3.632806 3.927982 
1529 625.283356 643.253306 645.130700 654.838382 619.649349 673.927813 31.054033 31.054033 0.000000 4.894035 5.640226 
1530 775.018380 723.999480 770.742943 774.952564 624.748988 735.316017 150.907441 150.907441 -0.000000 6.208019 0.265104 
1548 707.594043 107.870485 736.226632 27.091671 1406.612317 315.809864 729.541572 729.541572 0.000000 3.430730 3.548260 
1556 594.069022 551.373587 620.083736 554.240048 589.235312 700.161754 148.681821 148.681821 -0.000000 4.744865 4.920725 
1561 668.117180 638.903016 686.830585 666.082676 622.680940 692.915513 69.738794 69.738794 0.000000 5.411762 5.887016 
1562 673.091558 638.930029 691.405776 666.781768 610.350089 702.207399 88.447427 88.447427 0.000000 5.493535 5.871150 
1569 644.898347 606.182939 669.376102 624.615098 622.033629 663.119231 60.979214 60.979214 0.000000 5.094260 5.600381 
1571 362.080160 738.979274 369.118326 773.978256 254.948149 771.650744 112.208693 112.208693 0.000000 5.987180 0.020384 
1573 484.433098 198.168121 564.336873 248.788686 368.686398 472.832308 297.525658 297.525658 -0.000000 5.111216 5.430238 
1578 641.088685 602.810907 670.520871 622.385472 626.784836 653.661836 52.452401 52.452401 0.000000 4.986593 5.662386 
1585 540.692935 585.121309 589.988269 576.679263 581.317294 679.441567 102.573551 102.573551 0.000000 4.305695 4.796569 
1586 547.814583 584.233640 583.999961 578.947467 583.798012 685.417181 106.994166 106.994166 -0.000000 4.370712 4.714286 
1587 640.995039 586.010338 675.984398 608.016745 617.720132 664.688036 81.365124 81.365124 0.000000 5.000012 5.511646 
1588 593.017299 607.771979 631.212908 615.352521 595.887648 686.137551 78.315100 78.315100 0.000000 4.675778 5.175276 
1589 688.029152 606.969327 716.578782 641.223653 654.977652 667.868262 67.183304 67.183304 -0.000000 5.209631 5.874950 
1590 790.002382 674.809845 795.704214 704.866408 474.207786 756.349041 325.647219 325.647219 0.000000 6.030501 6.124399 
1592 542.213925 434.161184 525.075750 444.156923 440.860707 267.242318 195.989065 195.989065 -0.000000 1.025099 1.126515 
1594 712.293339 588.704526 749.112280 637.940683 644.763233 678.861469 111.638624 111.638624 0.000000 5.355268 5.909462 
1599 671.791931 712.074936 666.731660 685.887977 813.292837 679.144305 146.013245 146.013245 0.000000 2.912939 3.095612 
1600 790.986151 716.001863 794.237885 747.984190 640.012294 749.570986 154.174538 154.174538 0.000000 6.064394 6.272897 
1609 688.241976 538.677356 719.549663 564.485850 621.274133 650.434247 129.977227 129.977227 0.000000 5.252241 5.564601 
1621 712.133860 581.860311 749.971840 627.395749 659.755994 667.175000 98.186178 98.186178 0.000000 5.262993 5.867896 
1622 690.781246 614.207734 715.647911 646.582945 620.694808 693.157681 105.336955 105.336955 -0.000000 5.438385 5.827165 
1624 774.772036 629.196523 798.770430 687.852346 663.226895 707.548337 136.820221 136.820221 0.000000 5.670835 6.138884 
1637 693.116428 667.925294 705.213288 704.980915 641.678429 705.882594 63.629916 63.629916 0.000000 5.647458 6.268994 
1639 698.992640 754.997318 682.601020 784.491435 641.649773 742.027795 58.641845 58.641845 -0.000000 0.222433 0.803527 
1647 688.174764 196.014528 705.831787 94.688550 1148.457371 225.749917 461.380319 461.380319 -0.000000 3.206105 3.429467 
1652 714.900428 568.106916 763.031508 628.983832 635.624806 684.036916 138.800341 138.800341 -0.000000 5.312175 5.875312 
1653 632.236709 613.516070 660.095670 630.893890 615.918592 672.680596 60.694539 60.694539 0.000000 4.981507 5.525587 
1656 732.257363 143.005546 733.055242 105.979641 1054.307927 131.713095 321.896553 321.896553 -0.000000 3.106543 3.221525 
1657 414.907341 166.373956 503.940631 193.166181 324.873212 619.994302 462.302258 462.302258 0.000000 4.908322 5.109618 
1662 352.994919 226.913425 415.989755 229.081267 376.517673 414.536957 189.066576 189.066576 -0.000000 4.587668 4.922098 
1665 657.905411 537.192376 715.300366 576.684386 612.624095 664.955886 134.897008 134.897008 -0.000000 5.052992 5.573083 
1667 666.255956 634.764813 689.312295 667.872677 628.467222 687.442779 63.739405 63.739405 0.000000 5.334667 5.971997 
1673 546.188562 594.496799 585.972846 587.307933 583.283087 672.555811 86.169289 86.169289 0.000000 4.268768 4.743931 
1675 711.544213 659.700373 724.401336 707.085414 641.586106 707.086226 84.229379 84.229379 0.000000 5.687826 6.283176 
1677 299.510725 163.008240 305.944363 134.975233 348.037611 161.573658 49.360665 49.360665 0.000000 3.112039 3.705133 
1680 799.144630 554.970495 782.935411 538.064059 861.325179 476.669036 99.425137 99.425137 0.000000 2.241940 2.477179 
1697 541.951522 500.938208 581.007080 499.155061 585.385561 997.084338 497.735681 497.735681 0.000000 4.625069 4.703596 
1703 595.988783 589.080542 617.135707 592.025541 571.522749 861.454739 273.274346 273.274346 0.000000 4.801974 4.880094 
1706 631.808953 630.501027 652.028804 642.966253 625.536412 662.428603 32.232128 32.232128 0.000000 4.906380 5.649588 
1719 759.184095 641.914309 779.242519 707.962215 619.980255 723.033370 160.265959 160.265959 0.000000 5.755557 6.188835 
1720 736.180600 649.887417 755.837775 709.026282 631.860903 717.109834 124.172472 124.172472 0.000000 5.710765 6.218075 
1723 141.383060 303.169692 130.965150 250.004265 286.189930 246.421320 154.828303 154.828303 -0.000000 2.768097 3.118514 
1724 640.318672 620.484000 659.113573 634.895293 623.509532 663.688348 45.845642 45.845642 0.000000 5.083430 5.603161 
1725 362.935323 672.988179 366.425029 653.894912 943.593412 758.003214 586.766325 586.766325 -0.000000 3.286971 3.320051 
1728 460.027867 253.858511 435.775165 245.511590 511.830799 82.553121 179.212157 179.212157 0.000000 1.864454 2.007466 
1733 50.406364 552.202622 33.289851 534.876390 57.188421 526.320634 25.777750 25.777750 -0.000000 1.827072 2.797806 
1734 722.689717 541.268642 743.288243 560.694354 677.233163 609.395601 81.185757 81.185757 0.000000 5.300784 5.647873 
1736 546.723686 579.870711 586.999478 574.733118 577.497506 665.766031 91.069541 91.069541 -0.000000 4.368365 4.816392 
1738 104.832244 368.145577 105.455805 305.957474 316.093401 346.339113 213.362100 213.362100 0.000000 3.038737 3.331006 
1742 647.115664 576.724869 684.825134 601.187303 612.994889 669.311262 98.877357 98.877357 0.000000 5.065474 5.524263 
1744 687.938832 601.065408 719.050584 636.969739 633.082807 683.956555 98.123384 98.123384 0.000000 5.297004 5.782985 
1745 723.522317 658.220487 734.884352 687.024123 585.056629 738.329704 159.269449 159.269449 0.000000 5.758688 5.953270 
1752 421.056280 501.301562 390.017601 507.094307 369.460167 323.778277 184.191211 184.191211 -0.000000 1.287945 1.459121 
1753 50.292449 511.104464 81.717448 506.876598 66.241574 525.779523 22.184331 22.184331 -0.000000 3.885412 5.398430 
1754 583.914030 510.612200 651.109719 525.693113 580.005647 678.622940 167.913738 167.913738 -0.000000 4.735647 5.147602 
1755 475.888396 558.845055 506.952542 541.765581 559.265905 665.688888 135.461701 135.461701 0.000000 4.049734 4.312941 
1757 640.055872 595.877269 675.038768 618.956421 627.453483 653.191086 57.655949 57.655949 0.000000 4.928829 5.659532 
1771 559.839559 417.752820 542.511745 434.259494 519.580628 392.825205 47.020261 47.020261 -0.000000 0.554405 1.065321 
1783 667.271923 774.278860 642.079992 792.137561 624.845616 737.959781 55.843715 55.843715 -0.000000 0.707996 1.262811 
1784 763.182581 108.014565 775.291638 14.053187 1273.356813 127.652575 510.456475 510.456475 0.000000 3.180066 3.365838 
1789 472.233113 480.797368 442.742901 489.025598 412.524069 330.233570 161.580949 161.580949 0.000000 1.193251 1.382741 
1790 427.998332 493.989986 390.988838 495.723730 411.176260 357.878270 138.201377 138.201377 0.000000 1.447830 1.716212 
1801 574.544041 383.941055 566.308035 423.152285 513.694910 390.372278 61.910204 61.910204 -0.000000 6.177885 0.557188 
1821 692.274642 599.720469 730.329758 650.851614 622.247503 693.368649 116.121098 116.121098 0.000000 5.354460 5.908402 
1828 713.132190 184.010647 715.748252 131.060990 1026.190995 174.474986 313.184361 313.184361 -0.000000 3.111142 3.280537 
1829 391.883034 176.978304 396.405843 142.367856 512.256535 172.382498 120.228675 120.228675 0.000000 3.103432 3.395099 
1839 610.126311 411.026005 597.744008 442.845098 552.478616 405.732040 57.902602 57.902602 -0.000000 0.091576 0.686757 
1841 36.298299 554.655926 28.566502 532.743336 85.521431 531.337847 56.122951 56.122951 0.000000 2.699188 3.116920 
1842 410.386430 627.196162 443.797522 573.840289 572.040767 691.009415 173.351327 173.351327 0.000000 3.517566 3.881897 
1872 585.986094 524.269286 625.088073 528.484516 583.847689 725.066324 200.805681 200.805681 0.000000 4.723038 4.919178 
1874 550.842428 601.552522 588.989795 594.734251 588.501971 694.918059 100.628406 100.628406 0.000000 4.328993 4.717258 
1884 722.599818 119.927111 747.962108 18.364573 980.369877 133.524718 258.163311 258.163311 -0.000000 3.194295 3.601641 
1900 639.286045 597.422196 673.015967 619.983110 625.133270 655.744715 59.064652 59.064652 0.000000 4.950451 5.641698 
1940 694.950348 667.025973 706.692517 700.065388 649.018087 703.378636 57.602635 57.602635 -0.000000 5.613685 6.225801 
1942 712.939131 714.003878 709.145150 753.029708 609.400759 722.421849 104.186766 104.186766 0.000000 6.202061 0.297741 
1954 679.121327 671.934829 689.589645 703.895256 623.850466 707.528053 65.672516 65.672516 -0.000000 5.711055 6.227981 
1978 606.933959 582.322468 633.127190 589.628916 573.330654 747.311417 168.696036 168.696036 -0.000000 4.913311 5.074855 
1979 87.711157 605.033718 76.514641 634.458669 65.085637 613.349044 23.586287 23.586287 -0.000000 5.930989 1.074571 
1992 51.846867 514.693744 79.603985 512.458080 64.922452 541.187436 32.070931 32.070931 -0.000000 4.253926 5.184821 
1996 296.885172 600.555173 271.919051 595.391373 317.645559 447.993288 153.836095 153.836095 0.000000 1.706044 1.871607 
2021 531.753115 563.935061 586.991435 554.906483 586.086102 719.996988 164.603323 164.603323 -0.000000 4.377363 4.717873 
2027 43.799741 774.971511 34.391764 796.471164 17.138216 777.057523 26.362578 26.362578 0.000000 6.205104 0.844241 
2028 612.061780 257.956324 636.876602 298.532289 484.257336 365.121384 166.302388 166.302388 -0.000000 5.585401 5.871775 
2032 88.507726 535.676124 51.076085 542.771625 68.308564 523.774864 23.916985 23.916985 -0.000000 0.532437 2.307535 
2042 665.591305 638.520263 682.124771 658.898771 613.632456 701.656642 80.563758 80.563758 0.000000 5.400975 5.725109 
2046 46.079356 428.290976 31.970424 429.292743 35.713699 375.118598 54.406153 54.406153 0.000000 1.378267 1.639784 
2060 603.966799 632.364922 623.887318 637.269021 605.014596 671.774682 39.283301 39.283301 0.000000 4.685808 5.212884 
2071 662.661858 645.283838 676.403018 663.736320 618.588972 694.221375 65.337809 65.337809 0.000000 5.445533 5.797941 
2085 341.040805 240.600647 385.986770 242.133454 344.985574 653.978345 413.916962 413.916962 -0.000000 4.702846 4.811617 
2112 681.960496 756.976324 669.444432 774.514213 640.407061 740.009566 44.643664 44.643664 0.000000 0.387651 0.871229 
2114 283.003123 243.019955 341.014195 238.582764 326.665891 472.353716 233.573981 233.573981 -0.000000 4.524251 4.773690 
2118 111.739711 376.055673 104.932208 344.228389 360.524853 300.356207 259.361064 259.361064 0.000000 2.846217 2.971600 
2129 781.612225 111.972691 795.392392 -0.110413 1354.280870 126.981664 572.710938 572.710938 -0.000000 3.167795 3.365192 
2135 247.954745 625.766177 224.969324 628.699708 231.446701 586.594831 41.852136 41.852136 -0.000000 1.171952 1.723439 
2152 114.972926 485.940392 73.009529 479.955732 146.725231 122.939895 364.832539 364.832539 0.000000 1.658046 1.774412 
2171 305.015347 588.896628 281.015605 583.939627 309.186300 508.705918 80.085778 80.085778 -0.000000 1.622762 1.929078 
2172 680.109882 619.892007 702.647385 647.245461 627.103532 689.056315 86.349715 86.349715 0.000000 5.366293 5.777686 
2188 675.769297 631.225056 698.352245 661.779895 619.824554 694.427334 84.334371 84.334371 0.000000 5.436950 5.889180 
2224 779.330702 528.804180 765.837421 503.601186 969.706236 412.551345 223.177582 223.177582 0.000000 2.593379 2.721561 
2252 455.969757 292.124690 489.748160 302.638622 434.448209 423.437527 132.839760 132.839760 -0.000000 4.874840 5.141698 
2267 674.085196 631.914957 696.010531 661.994327 627.051038 690.269048 74.400943 74.400943 0.000000 5.390786 5.894072 
2377 621.256570 226.568224 642.153068 261.922378 544.820350 294.901538 102.203456 102.203456 0.000000 5.553700 5.956497 
2380 82.145394 541.821435 55.936952 542.239604 67.078059 504.982255 39.310827 39.310827 -0.000000 1.182553 1.861364 
2451 695.748742 169.766084 707.319368 107.872760 1205.446722 233.664703 513.115510 513.115510 -0.000000 3.266308 3.388951 
2460 684.976317 126.991910 707.878491 66.944715 1059.422905 234.855608 389.448480 389.448480 -0.000000 3.422061 3.587191 
2509 739.305789 443.574549 754.093907 419.444695 880.809555 516.163772 158.789668 158.789668 -0.000000 3.615574 3.793537 
2513 746.359363 124.034474 750.872595 76.987778 1055.230544 133.375090 308.675706 308.675706 0.000000 3.171825 3.324782 
2609 738.971112 143.999769 745.468153 72.736201 1016.418893 133.262483 277.441901 277.441901 0.000000 3.102912 3.361369 
2658 313.896112 343.718204 346.983722 334.921769 354.576007 431.168714 96.057297 96.057297 -0.000000 4.276986 4.633669 
2690 361.986753 413.880017 386.903843 411.129054 391.033689 527.246017 116.127572 116.127572 -0.000000 4.461562 4.676838 
2720 47.004833 645.783544 73.991380 646.386072 51.117494 890.636098 244.845460 244.845460 -0.000000 4.695594 4.805766 
2723 194.941308 150.695218 231.918073 143.574560 252.877717 354.135154 211.002563 211.002563 -0.000000 4.434950 4.613174 
