2 577.898047 437.468674 477.730172 620.433717 627.450826 584.345661 154.512735 152.495789 -0.973595 4.387004 2.905068 
3 578.796465 442.275827 480.991488 617.712840 627.474576 584.448608 150.900498 149.023104 -0.885717 4.382512 2.918294 
4 550.760553 554.590666 551.414275 554.204086 416.728534 468.274635 159.307427 159.307427 -0.000000 0.572143 0.567893 
5 786.167756 429.684749 727.394619 158.586273 853.781619 273.936125 169.546100 169.546100 0.000000 1.980368 3.881365 
6 176.183765 93.852450 173.181252 94.369930 146.862057 175.089343 86.501470 85.353807 -0.087664 5.058777 5.027577 
7 320.337143 334.511357 531.599016 350.576369 433.367847 229.104207 155.363596 154.706542 1.479030 2.391081 0.890790 
8 279.828035 798.461148 569.600547 798.232064 424.889720 877.407813 165.410955 165.410955 -0.000000 3.639994 5.782548 
9 373.458874 626.513110 99.441155 492.763695 252.244063 527.861742 156.476929 156.476929 -0.000000 0.683133 3.367371 
10 100.821992 -0.251450 -0.244467 46.876083 -28.595476 -141.323251 190.219317 190.219317 -0.000000 0.828458 1.421277 
11 323.023901 332.980674 529.127234 348.120126 433.297554 228.995288 151.505160 151.505160 -0.000000 2.385535 0.893349 
12 368.385735 625.323876 273.084127 547.937415 413.854340 471.902875 158.758518 158.758518 -0.000000 1.858915 2.646357 
13 150.382607 410.020738 279.933585 376.652183 253.064841 536.624987 162.272097 162.272097 0.000000 4.030947 4.878794 
14 766.345960 416.793203 766.971581 127.963866 864.277062 271.641903 175.059898 173.107099 -0.386949 2.164328 4.117097 
15 149.924320 414.887534 278.041339 379.546968 253.167041 538.445789 160.669983 160.669983 0.000000 4.016327 4.867670 
17 274.666943 798.425941 569.175567 789.867408 424.319100 877.249910 168.707224 168.707224 -0.000000 3.626383 5.740390 
18 35.533641 524.133095 5.559739 587.227396 -52.342634 522.112717 86.409312 86.409312 -0.000000 0.022987 0.843960 
20 234.940694 207.185024 235.487723 189.123950 147.643352 175.578500 91.115483 89.127184 0.278251 0.347374 0.152993 
21 394.213297 419.423617 403.025157 397.029106 403.186972 410.308435 12.931991 10.285452 -1.025506 2.348372 4.700204 
22 46.250753 0.661179 8.055651 15.146740 -33.665760 -147.161127 166.984323 166.984323 -0.000000 1.075179 1.319192 
23 266.896040 532.386433 480.399511 617.949486 416.845138 467.605665 163.258262 162.639577 0.768495 2.733792 1.170853 
26 798.472499 432.021447 757.752294 137.745275 866.789969 272.466096 173.380743 173.380743 -0.000000 1.975352 4.031967 
27 798.446960 428.108898 797.995289 115.991509 866.054982 271.713441 169.529614 169.529614 -0.000000 1.978825 4.300349 
31 763.458094 -0.311869 467.127076 -0.079179 615.330463 -70.029633 163.177347 163.177347 -0.000000 0.439901 2.700603 
32 766.761829 -0.142013 463.450098 -0.272293 614.989662 -69.816222 166.316666 166.316666 -0.000000 0.430372 2.711349 
33 477.310842 620.024328 373.786981 626.419374 415.693074 458.525615 172.757957 172.757957 -0.000000 1.206307 1.815397 
35 381.845152 486.015399 386.547005 442.843516 435.449171 470.340829 55.485301 55.485301 -0.000000 2.857110 3.653824 
38 179.149887 -0.611170 -0.007395 98.937762 -0.413561 -114.234759 212.076866 212.076866 -0.000000 0.564172 1.568891 
40 766.677078 128.731317 798.274094 112.565305 859.959151 264.883089 164.186040 164.186040 -0.000000 4.111711 4.327600 
48 40.754398 -0.783764 -0.574353 12.167133 -40.581952 -175.065893 190.581046 190.581046 -0.000000 1.134147 1.360284 
50 397.923377 419.734197 405.066786 400.400317 406.522767 411.490200 11.560730 11.560730 -0.000000 2.377291 4.581846 
52 42.871685 521.109664 21.846758 577.897382 -47.866656 519.573089 90.377690 90.377690 -0.000000 0.016933 0.696680 
55 37.125597 524.011425 4.973114 591.893986 -45.841509 528.051871 81.764917 81.764917 -0.000000 6.234524 0.898535 
56 359.049317 458.811523 381.453303 425.350285 397.988850 461.032112 38.977078 38.977078 0.000000 3.198558 4.278434 
58 8.008905 451.992596 36.031325 491.980771 -152.337560 593.118566 213.697754 213.697754 0.000000 5.561456 5.790445 
61 175.181580 0.155771 -0.022199 94.406268 -1.913686 -116.726077 210.998586 210.998586 -0.000000 0.583369 1.561838 
64 789.395049 284.083989 798.002976 257.000178 800.694582 277.243093 21.566580 12.042348 1.224210 2.597202 4.580199 
72 190.561230 780.891009 193.888025 798.021746 138.909985 799.660366 54.614035 54.614035 -0.000000 5.934635 6.253389 
73 239.019179 189.749145 234.631211 206.905678 145.676673 174.062178 94.410997 94.410997 -0.000000 0.166502 0.353691 
75 584.011558 36.212425 576.155618 -0.062026 1244.238460 -19.655845 667.947764 667.947764 0.000000 3.057174 3.112273 
87 430.385641 798.193366 446.018374 797.978046 439.282560 801.038836 10.160215 6.692500 0.904045 3.451138 5.856674 
94 249.112481 505.781856 241.573732 494.963139 248.776448 498.390925 7.159475 7.159475 -0.000000 1.525362 3.585777 
96 54.805584 390.857431 90.922988 364.683064 85.733718 381.596287 32.491104 15.534516 -0.145299 2.850649 5.010088 
98 596.702377 575.000018 597.049323 575.008686 588.447015 570.817537 10.217573 9.413921 -1.142264 0.468944 0.453365 
99 620.163228 601.082242 631.259234 611.079225 624.178036 608.055695 12.182107 7.717071 -1.121718 4.190008 0.403547 
104 635.632050 603.048677 636.041147 603.363710 645.510216 603.615000 9.424483 8.700961 0.797629 3.198861 3.168124 
109 26.008618 297.039212 45.997576 294.196607 38.220469 318.040983 24.400408 24.400408 0.000000 4.185708 5.027671 
113 33.906882 522.655222 -0.345102 513.637009 27.808095 474.394731 48.193683 48.193683 -0.000000 1.445090 2.193118 
116 413.009659 785.028320 425.933128 792.017376 419.740829 789.613137 7.127085 5.524037 1.026952 3.739543 0.370347 
118 94.299550 -0.931267 -0.358366 42.523494 -30.399041 -148.483808 193.216518 193.216518 0.000000 0.869146 1.414799 
120 413.666337 420.551640 437.994373 404.981685 467.731503 469.111877 71.861840 71.861840 0.000000 3.873401 4.278201 
126 202.861189 493.717385 223.654070 497.228569 209.982632 504.177211 16.388892 11.615948 -0.985304 4.114640 5.812952 
128 215.383982 519.568101 235.623632 516.656327 223.542214 546.801544 36.100403 15.141646 -1.399987 4.421330 5.093562 
131 644.313724 624.903376 636.960089 618.833505 636.207370 628.202156 9.151534 9.151534 -0.000000 5.896713 4.792561 
134 265.958661 541.259313 256.292978 533.745939 270.195990 528.800611 13.915740 13.915740 0.000000 1.898633 2.799847 
146 223.927933 497.804075 202.169693 496.816826 213.479093 493.437395 10.847630 10.847630 -0.000000 0.395850 2.851222 
148 409.964198 431.012409 409.559815 451.197719 398.073867 440.461386 14.658265 14.658265 -0.000000 5.611698 0.751678 
149 25.732923 293.192429 44.350260 287.035359 61.860918 378.461490 92.594029 92.594029 0.000000 4.311625 4.523153 
152 629.405349 579.154150 611.946121 588.046379 620.761054 584.503575 12.330544 9.117455 0.738341 5.729029 2.759441 
156 6.127620 448.215828 2.763077 419.027310 76.224073 424.450515 72.905067 72.905067 -0.000000 2.814717 3.215283 
157 597.808400 579.091114 587.687954 583.844251 594.576714 588.725162 10.542844 7.274022 1.239927 5.036038 3.758022 
172 428.527141 458.835465 439.818653 439.893594 475.332911 467.180571 44.496892 44.496892 -0.000000 3.318031 3.796728 
178 231.949587 476.170406 240.487169 487.032231 230.243662 486.269487 11.256280 9.488749 -0.745666 4.879728 0.074324 
190 615.693922 609.924659 608.114658 625.144600 605.777915 613.865854 10.748158 10.748158 -0.000000 5.904872 1.366506 
192 463.914175 449.098320 479.263933 477.146569 468.511503 463.565082 17.029291 8.345923 0.810539 4.404696 0.901138 
203 606.182199 623.891658 611.235653 605.546315 613.806119 615.795717 10.747061 10.747061 -0.000000 2.326176 4.466665 
214 592.906480 546.300237 594.111016 531.214883 590.614863 539.005424 7.705719 7.705719 -0.000000 1.266415 5.134219 
217 34.579250 22.841262 -0.454230 29.669486 0.666034 -52.118526 81.291094 81.291094 -0.000000 1.145933 1.584493 
223 72.693593 458.218573 57.629407 433.172102 159.092727 388.320842 111.098261 111.098261 0.000000 2.461382 2.725375 
225 605.954167 541.993689 617.713152 549.797201 613.624205 541.859753 9.156701 7.757026 -1.485924 3.124132 1.095105 
239 20.980990 0.928314 -0.581241 3.909737 6.712841 -13.534698 18.561024 18.561024 -0.000000 0.792180 1.966836 
243 392.867478 798.251214 405.438149 796.601955 399.798389 800.058051 8.182207 6.560915 0.928133 3.396609 5.733401 
246 10.468247 414.730244 25.035049 420.977882 15.849045 422.359512 9.356631 9.356631 -0.000000 4.098126 6.133898 
261 422.407232 495.894508 420.283727 468.039561 455.916283 479.356655 37.040483 37.040483 -0.000000 2.683131 3.449122 
262 516.860084 145.331517 539.509514 178.700923 424.565210 232.080268 126.325647 126.325647 -0.000000 5.528754 5.848427 
302 579.086820 562.035129 592.639219 558.167887 586.547643 560.045821 6.681857 6.681857 -0.000000 2.881021 5.984146 
