1 96.502452 702.041598 109.873724 615.358460 261.800964 681.890418 166.282565 166.282565 -0.000000 3.020283 3.554355 
4 124.476952 773.544889 106.721955 741.584100 269.364008 672.797666 176.829018 176.829018 -0.000000 2.533994 2.741475 
5 485.640545 820.187537 580.962037 817.081929 534.878611 821.918405 48.016572 13.592523 -0.031202 3.176731 6.178618 
8 332.369762 822.773247 123.432468 774.505690 247.814540 724.333104 140.727427 117.301668 0.163214 0.861129 2.758180 
12 670.267684 817.353798 631.022479 825.113686 626.094384 686.005851 137.937765 137.937765 -0.000000 1.246371 1.535385 
18 144.147225 565.176873 172.145766 544.229331 253.315944 677.411189 156.186546 156.186546 0.000000 3.940836 4.165036 
20 597.968360 514.651151 420.829551 711.195344 459.384476 568.096030 147.835156 147.835156 -0.000000 5.915110 1.833975 
30 261.283584 460.802966 266.543694 495.070044 -77.095539 534.348978 345.757396 345.757396 0.000000 6.069166 6.169376 
38 260.045596 462.993813 264.666017 497.045318 -227.119165 545.711922 493.984997 493.984997 -0.000000 6.114994 6.184547 
49 200.005721 474.204115 148.989742 475.634019 160.620845 36.237847 439.075651 439.075651 -0.000000 1.481111 1.597261 
52 200.094768 439.498099 162.926760 441.613336 145.420200 -329.409125 771.021498 771.021498 0.000000 1.499809 1.548095 
61 114.854521 285.603143 141.977894 294.053521 84.067643 434.832362 152.520374 152.520374 -0.000000 4.915841 5.102647 
69 256.635692 457.945102 260.094096 497.991874 -320.165437 530.877857 581.093954 581.093954 -0.000000 6.157409 6.226571 
71 110.089429 324.360958 167.936168 332.456132 33.979583 1008.015831 687.913916 687.913916 0.000000 4.823260 4.908140 
78 123.935750 271.126810 149.070146 283.861554 71.631285 398.687751 137.733377 137.733377 0.000000 5.101516 5.305727 
79 103.976138 346.018197 199.968044 343.685173 153.830357 941.399096 596.859627 596.859627 0.000000 4.628849 4.789426 
81 174.992324 427.598065 145.003261 428.170753 154.759220 -148.922816 576.975475 576.975475 -0.000000 1.535716 1.587700 
89 138.887355 251.133993 195.834070 299.007861 -82.304451 564.617045 382.966750 382.966750 0.000000 5.326860 5.520826 
105 262.028478 497.997497 258.953397 463.004095 573.490267 452.160329 314.459567 314.459567 0.000000 2.995474 3.107131 
107 120.902575 276.216222 205.486327 319.152247 -15.693849 644.118975 392.069274 392.069274 -0.000000 5.067898 5.309992 
112 242.381726 391.981248 245.929328 448.046182 -439.464212 463.797359 685.401669 685.401669 0.000000 6.178246 6.260208 
122 268.677586 213.091690 256.767862 301.103906 -660.203656 129.289874 932.051387 932.051387 -0.000000 0.089974 0.185223 
124 246.676631 363.725356 288.841016 491.045299 -541.862062 696.710097 855.642376 855.642376 -0.000000 5.883620 6.040486 
134 100.980215 320.208317 160.975390 328.117452 82.704625 690.405328 370.541302 370.541302 0.000000 4.761716 4.925164 
139 167.952952 325.188439 200.096738 332.431161 116.871110 581.120154 260.895375 260.895375 0.000000 4.909392 5.035331 
146 127.351703 266.382254 194.441779 307.307615 -121.725913 736.597934 532.200389 532.200389 -0.000000 5.199521 5.347187 
151 498.706837 699.071695 493.983909 679.759380 567.638233 674.012255 73.025223 73.025223 -0.000000 2.792905 3.063722 
163 254.295867 233.058710 250.672702 313.030477 -520.626662 231.905219 774.490810 774.490810 0.000000 0.001489 0.104795 
170 296.065514 355.483363 332.119789 360.055359 287.279515 540.695613 185.188611 185.188611 -0.000000 4.759791 4.955701 
171 302.112346 357.391872 366.143895 369.221098 184.586616 1104.372489 756.222610 756.222610 0.000000 4.868444 4.954510 
177 223.126624 233.762565 237.889597 303.812518 -514.660949 436.168110 763.983867 763.983867 -0.000000 6.015432 6.109090 
178 185.899160 305.164061 205.042650 316.930610 -8.876492 621.131655 371.399671 371.399671 0.000000 5.264810 5.325270 
180 277.030973 391.332533 321.733256 474.666396 64.271463 559.663518 270.177498 270.177498 0.000000 5.613846 5.964316 
181 283.651046 403.634824 316.653452 467.719361 -13.780761 615.186285 363.184012 363.184012 -0.000000 5.664942 5.863427 
192 260.628686 385.170976 273.365399 412.831748 -136.413085 593.774991 447.969586 447.969586 0.000000 5.799428 5.867369 
202 131.398837 261.360174 200.063550 307.918454 -72.501771 633.116928 423.805527 423.805527 0.000000 5.214063 5.409964 
215 384.714122 440.372345 566.307650 464.624437 459.401268 573.591329 152.690569 152.690569 0.000000 4.201418 5.488242 
217 456.101467 559.686657 459.073051 541.681967 497.654136 555.471634 40.746924 40.746924 0.000000 3.040500 3.484863 
224 272.007431 461.998525 278.343854 493.931770 -289.136837 595.538051 576.494488 576.494488 0.000000 6.049554 6.106015 
233 531.981759 549.669630 514.923336 550.611469 517.990177 324.069735 226.020215 226.020215 -0.000000 1.508856 1.584333 
255 135.828688 256.215123 155.252414 271.683032 -16.410883 463.393148 257.110580 257.110580 0.000000 5.346107 5.442674 
257 455.862576 533.745799 455.401577 517.049688 472.822303 526.435416 18.645435 18.645435 -0.000000 2.734614 3.635772 
275 455.803816 570.151583 441.024471 580.467704 428.239573 547.554498 34.859520 34.859520 -0.000000 0.686696 1.200293 
285 483.308837 523.720846 472.923074 538.772157 465.627683 525.616476 15.957579 15.957579 -0.000000 6.176381 1.064472 
286 461.187892 558.850945 475.237538 548.921190 487.607039 580.427713 33.370004 33.370004 0.000000 3.826440 4.338277 
290 563.076265 812.708995 579.366466 825.039381 444.745807 851.484831 138.352339 28.586063 -0.212846 5.966521 6.089211 
298 442.890454 490.066607 443.910912 507.065379 225.957904 503.708003 217.394897 217.394897 -0.000000 6.220385 0.015403 
322 143.238505 248.711858 201.057188 299.941065 -86.274416 568.179296 392.786972 392.786972 0.000000 5.335373 5.532141 
323 202.153918 253.443093 223.925214 298.553471 -187.406951 477.239114 448.369277 448.369277 -0.000000 5.761740 5.873374 
334 438.767964 587.835742 425.769986 600.697729 421.685644 581.417241 18.071122 18.071122 -0.000000 0.359419 1.362044 
342 242.380524 414.026550 240.746082 499.014348 -681.264910 440.061811 923.255251 923.255251 -0.000000 6.255005 0.063852 
344 231.306247 410.052471 216.724147 489.140400 -625.400449 279.531746 866.824023 866.824023 -0.000000 0.151189 0.243947 
369 452.580893 561.979086 442.344468 547.142203 476.633056 534.630058 35.871248 35.871248 0.000000 2.292142 2.791700 
374 110.890831 391.695956 188.988801 364.962792 400.272177 1058.859045 725.971294 725.971294 0.000000 4.303131 4.416819 
379 452.661206 566.825194 434.722426 563.495385 453.256885 514.710169 51.722861 51.722861 -0.000000 1.582226 1.933873 
381 444.153786 590.690534 434.692772 605.716899 427.167077 589.394534 16.778497 16.778497 -0.000000 0.076147 1.138778 
389 470.815062 584.255469 461.099360 570.393620 490.845653 562.154212 30.769405 30.769405 -0.000000 2.307087 2.871378 
392 589.957623 828.090841 350.939423 816.436836 517.009914 -122.593500 953.195249 953.195249 0.000000 1.494215 1.745840 
407 460.435031 571.272506 457.179947 588.413962 416.905628 570.591542 43.376253 43.376253 -0.000000 0.015642 0.416621 
411 459.358517 643.089048 460.602885 624.105066 673.021572 652.247612 213.678832 213.678832 0.000000 3.184431 3.273312 
412 210.949605 213.715978 231.789415 289.053244 -612.650259 492.995000 869.090593 869.090593 -0.000000 5.956258 6.046212 
416 321.532868 403.383160 359.696431 436.351407 -29.692100 846.394483 565.090773 565.090773 0.000000 5.382732 5.471956 
425 498.184912 653.889423 490.087995 640.349381 696.853160 528.936453 234.608970 234.608970 0.000000 2.580156 2.647359 
426 449.229650 683.937111 447.594476 703.966894 208.938458 677.178913 240.020665 240.020665 -0.000000 0.028118 0.111777 
429 287.735605 314.862047 299.344298 304.360662 301.808429 303.235865 26.326296 1.878390 -0.712592 2.451112 2.713373 
430 127.970172 320.205613 101.937754 316.429078 198.769970 -253.994422 578.536015 578.536015 0.000000 1.693479 1.738948 
431 291.018181 390.983957 332.285021 437.748487 -130.854015 794.259082 583.478461 583.478461 -0.000000 5.520321 5.627151 
443 431.668383 480.845682 428.177979 465.728025 935.542730 361.786702 517.632279 517.632279 -0.000000 2.909561 2.939524 
458 512.265425 509.139933 498.244321 521.115224 206.512011 154.176200 468.427197 468.427197 -0.000000 0.859741 0.899085 
459 417.762446 539.551381 430.295426 546.862461 418.476831 558.497558 17.428760 17.428760 0.000000 4.674701 5.505611 
461 415.814094 628.732527 428.591564 614.532294 597.216129 783.140623 238.025642 238.025642 0.000000 3.846779 3.926943 
462 157.463597 237.554675 186.368703 267.645829 -96.950821 508.967862 371.647856 371.647856 -0.000000 5.465471 5.577667 
463 112.041480 289.870328 157.217139 304.321188 58.226059 516.230442 232.524369 232.524369 -0.000000 4.945798 5.149404 
464 113.794239 402.600646 134.867557 391.742946 191.154184 524.391072 143.868458 143.868458 -0.000000 4.146496 4.311086 
473 388.356382 535.046497 403.255839 544.209977 283.450877 713.283339 206.722480 206.722480 0.000000 5.244364 5.328862 
474 466.676308 593.721464 470.769946 610.021943 450.763446 604.756538 19.689365 19.689365 -0.000000 5.676856 0.257349 
483 483.894830 618.689829 492.706701 632.807256 119.844619 866.040814 439.711208 439.711208 0.000000 5.686390 5.724210 
485 503.834772 632.255245 514.671064 644.401300 -158.101220 1246.895722 903.269595 903.269595 0.000000 5.534819 5.552840 
494 534.085096 563.657393 517.089987 562.580221 542.565332 307.612469 255.973596 255.973596 -0.000000 1.603904 1.670382 
500 424.052682 655.249795 427.635576 640.150818 530.317995 671.880208 107.310797 107.310797 -0.000000 3.296832 3.441290 
507 361.350309 494.394994 346.647455 485.881802 609.606738 57.831214 502.158829 502.158829 0.000000 2.087853 2.121677 
531 255.118918 269.010856 260.419497 210.947007 829.301969 291.050819 574.095512 574.095512 0.000000 3.179959 3.281482 
533 365.408979 491.496586 351.591887 480.271443 432.665910 391.251694 120.197835 120.197835 -0.000000 2.161742 2.309515 
541 138.899434 409.838202 195.707248 374.529001 430.755351 804.121487 489.295002 489.295002 0.000000 4.075177 4.211743 
546 466.347824 569.785341 473.641691 581.603981 444.095612 591.523114 30.778601 30.778601 0.000000 5.509481 5.959291 
551 203.046733 470.491407 148.999423 472.900636 169.236421 128.624441 344.267681 344.267681 0.000000 1.472218 1.629510 
557 415.694043 657.017360 413.273558 700.202033 266.104953 685.794287 151.107155 151.107155 0.000000 6.093134 0.097589 
558 120.035340 277.923400 194.132954 314.759602 -202.286580 971.188723 765.602083 765.602083 -0.000000 5.147592 5.255673 
561 473.244342 482.022736 474.460767 468.949825 1073.481437 526.816577 601.821122 601.821122 -0.000000 3.216081 3.237896 
580 277.186575 316.221672 342.543248 251.502680 694.306863 673.615733 548.772974 548.772974 -0.000000 3.850029 4.017647 
581 343.254800 362.002462 383.202727 372.206327 268.042739 713.804539 359.752366 359.752366 -0.000000 4.923009 5.037545 
582 299.431827 396.633006 339.399016 443.660892 -27.957027 719.853185 459.037125 459.037125 0.000000 5.504194 5.638509 
584 372.516091 459.342427 382.453968 473.386387 316.004252 509.535697 75.243011 75.243011 0.000000 5.556933 5.784953 
586 432.081055 580.198330 415.919627 586.803339 417.675195 566.159079 18.989120 18.989120 -0.000000 0.772511 1.655631 
588 154.006593 348.217538 192.998313 347.220043 180.000708 1027.812928 680.157882 680.157882 0.000000 4.674158 4.731484 
589 223.916932 395.937520 218.150807 413.030593 -14.864784 322.264507 249.843524 249.843524 0.000000 0.299270 0.371446 
591 448.596679 476.974109 447.945145 461.958988 680.259724 462.028186 232.017012 232.017012 -0.000000 3.077166 3.141891 
593 536.016493 542.221994 554.013215 541.979094 537.272618 936.620691 394.426564 394.426564 0.000000 4.709204 4.754783 
603 274.814509 495.019949 271.472948 463.949136 823.274817 419.462422 553.488638 553.488638 0.000000 3.004691 3.061146 
607 450.839011 622.972971 450.442905 639.987030 326.664889 633.558755 123.802020 123.802020 0.000000 6.198141 0.051887 
608 444.708120 704.099457 447.520851 684.073154 515.281905 707.633565 70.541101 70.541101 0.000000 3.191628 3.476216 
615 307.778159 420.141299 335.507560 463.676715 -150.372337 744.056528 560.689609 560.689609 -0.000000 5.667773 5.759807 
619 496.800509 493.798509 508.785477 481.783514 778.625147 778.613322 400.756878 400.756878 0.000000 3.932268 3.974584 
622 350.007504 832.201757 333.410517 823.811567 355.985009 801.930947 31.133634 31.133634 0.000000 1.765756 2.371802 
624 333.975513 339.546214 383.991759 336.847287 395.944398 916.747489 579.906336 579.906336 -0.000000 4.605438 4.691780 
636 521.800786 607.116843 509.243844 595.731073 900.081008 183.734909 567.583490 567.583490 -0.000000 2.299993 2.329845 
644 245.886257 448.980024 244.988794 499.017735 -284.792842 459.688095 530.678623 530.678623 -0.000000 6.263010 0.074102 
649 194.740271 283.394006 227.587244 323.519276 -121.670357 573.068643 428.587654 428.587654 0.000000 5.541871 5.662785 
654 552.594764 607.875691 539.130613 600.753096 726.287241 255.568728 392.503360 392.503360 -0.000000 2.028840 2.067626 
674 237.265635 210.961122 243.982698 256.856175 -212.799664 303.626480 458.896412 458.896412 0.000000 6.080130 6.181150 
675 277.492511 317.485692 343.430094 252.422436 747.886303 727.118730 622.487307 622.487307 0.000000 3.858056 4.006717 
694 539.539207 574.124376 554.487515 580.250509 241.569799 1285.428943 771.149445 771.149445 0.000000 5.109086 5.130027 
702 281.026251 416.510633 272.921550 399.514258 416.471369 332.050299 159.567548 159.567548 -0.000000 2.584018 2.702257 
712 571.346585 649.503854 555.429626 638.384979 594.836814 604.801399 50.225891 50.225891 -0.000000 2.054619 2.435811 
715 161.876626 234.114710 196.803355 275.157638 -102.438918 494.355127 370.719639 370.719639 -0.000000 5.505556 5.650973 
725 536.934335 521.858928 549.475444 516.021430 607.836229 663.535424 158.253077 158.253077 0.000000 4.248382 4.335657 
728 514.150423 611.769945 503.481042 604.793685 698.136098 326.357280 339.737166 339.737166 -0.000000 2.143388 2.180918 
732 300.296214 379.570380 366.527257 425.235282 -90.778721 983.087306 719.456144 719.456144 0.000000 5.287352 5.399064 
738 331.967145 438.024593 344.431647 454.676906 117.509967 611.754205 275.926585 275.926585 0.000000 5.602322 5.677707 
739 230.809080 210.894126 238.277086 267.963741 -503.522097 343.289880 745.536047 745.536047 -0.000000 6.104807 6.181987 
745 201.788604 215.649973 216.493944 248.780759 -46.692443 352.628321 282.957792 282.957792 0.000000 5.779373 5.907362 
746 166.697507 231.265609 209.442642 285.673333 -69.880018 460.970658 329.219098 329.219098 0.000000 5.512525 5.722733 
749 441.075846 609.027533 446.906429 592.966032 461.238586 606.110365 18.600505 18.600505 0.000000 2.997909 3.883787 
750 477.346211 684.173550 482.386941 703.162738 174.868820 781.517196 317.332563 317.332563 -0.000000 5.971831 6.033698 
756 435.321006 487.010702 435.442586 472.003586 650.108940 481.149903 214.746487 214.746487 0.000000 3.114313 3.184174 
779 192.987648 218.006052 208.139071 248.931865 75.170905 296.419091 140.725026 140.725026 -0.000000 5.695956 5.940171 
815 599.042437 572.846237 578.995994 572.108903 593.673478 481.402133 91.200832 91.200832 0.000000 1.512151 1.731218 
818 308.182278 394.792849 347.024937 428.971660 -10.374815 786.156025 504.507225 504.507225 0.000000 5.395589 5.498089 
827 202.206035 230.917184 215.918792 265.032642 -74.802598 370.830155 309.520789 309.520789 -0.000000 5.815478 5.934169 
840 341.883025 369.499576 382.245752 378.950442 226.390231 943.733991 585.549635 585.549635 0.000000 4.910866 4.981644 
842 220.976656 212.006328 230.683552 247.814704 -184.948030 356.873188 430.061653 430.061653 0.000000 5.940394 6.026578 
847 280.809234 251.929264 293.016992 219.006301 534.061303 334.525978 266.397491 266.397491 0.000000 3.456859 3.588500 
848 357.509161 269.680043 304.356669 309.476371 -2.656656 -137.290849 542.054350 542.054350 -0.000000 0.846335 0.968720 
855 278.704331 301.771989 329.143747 240.129781 545.946553 472.508996 316.534782 316.534782 0.000000 3.710114 3.961654 
860 197.035435 382.071448 181.744326 392.672995 26.227561 165.246893 275.796742 275.796742 -0.000000 0.903557 0.971017 
869 308.978451 344.819742 319.005855 343.036319 351.934564 342.026196 60.770102 2.113575 -0.082709 3.076652 3.110926 
881 436.995550 718.046040 419.925582 716.833420 451.997051 414.817711 303.301436 303.301436 -0.000000 1.620229 1.676591 
886 478.025112 541.019782 490.433972 528.594689 496.110491 548.455634 19.330985 19.330985 0.000000 3.531676 4.433998 
887 240.976302 210.001924 243.328989 238.973284 -77.707902 251.151702 321.139143 321.139143 0.000000 6.154772 6.245269 
891 336.231512 431.818931 349.415141 448.675312 85.148661 646.596305 330.125897 330.125897 -0.000000 5.575562 5.640360 
896 315.938733 427.046905 340.253210 458.806145 -208.201846 863.825711 681.876307 681.876307 -0.000000 5.588453 5.647102 
899 270.093360 209.575872 306.035928 220.905912 233.008366 381.938813 176.619793 176.619793 -0.000000 4.924315 5.138145 
902 473.058806 428.807515 469.561102 445.910240 386.293123 421.024330 86.728990 86.728990 0.000000 0.089464 0.290415 
903 258.691543 210.967141 255.603263 239.957737 11.587431 193.591273 247.703233 247.703233 0.000000 0.070202 0.187776 
915 437.870254 576.411505 450.090131 567.720665 459.333213 593.124231 26.544341 26.544341 0.000000 3.803196 4.363429 
916 296.462416 271.594441 323.563591 235.670769 699.918313 554.992809 492.906557 492.906557 0.000000 3.753946 3.845192 
921 379.853791 317.213888 343.012287 324.066061 260.767922 -272.144801 601.504943 601.504943 0.000000 1.371421 1.433716 
925 349.674345 259.597996 309.871518 291.841396 -201.376452 -375.021279 840.157298 840.157298 0.000000 0.855764 0.916726 
934 359.772226 272.673942 323.841963 297.773771 122.760656 -18.806296 374.961897 374.961897 0.000000 0.888100 1.004919 
937 363.250850 279.394085 332.129734 299.203812 166.710323 5.778268 336.500169 336.500169 -0.000000 0.947888 1.057456 
946 368.814006 565.163969 400.759737 608.152974 278.829808 663.978410 133.227380 133.227380 0.000000 5.451051 5.853824 
947 518.144888 440.602448 510.224240 457.639340 415.863208 401.203965 109.404249 109.404249 0.000000 0.367679 0.539006 
957 541.456762 454.597221 530.378285 469.539035 422.343281 378.414781 141.088931 141.088931 0.000000 0.569014 0.700691 
976 388.744777 327.951250 263.034994 502.273904 240.709868 354.989169 149.601605 149.601605 0.000000 6.102531 1.420363 
983 668.102948 820.160555 646.983753 829.467708 572.229457 719.056013 138.496951 138.496951 -0.000000 0.811948 0.975639 
990 452.008132 587.796103 455.720529 569.736980 499.347437 588.270872 46.894391 46.894391 -0.000000 3.151621 3.543317 
999 671.087365 811.175794 650.881308 818.114554 647.867054 776.714909 41.450224 41.450224 -0.000000 0.977860 1.498116 
1000 133.072385 253.079290 195.906928 212.791099 235.856677 343.260522 135.974832 135.974832 -0.000000 3.861771 4.415254 
1003 616.331492 866.878214 538.850515 877.463734 497.925052 264.627577 613.790796 613.790796 0.000000 1.376666 1.504115 
1007 446.412922 790.836263 434.969612 807.954533 431.037299 793.061301 14.728322 14.728322 -0.000000 6.139471 1.312654 
1014 130.809556 252.784868 207.035187 208.106954 236.862890 344.971427 139.663585 139.663585 0.000000 3.857155 4.497808 
1016 649.022480 833.176416 345.394913 819.585572 526.045891 11.716560 830.231593 830.231593 -0.000000 1.422195 1.790791 
1031 648.805111 851.484213 619.791091 862.447108 610.991403 797.393569 65.039003 65.039003 -0.000000 0.960688 1.436344 
1061 409.400388 616.410064 417.342856 608.337324 670.648394 891.377682 379.380058 379.380058 -0.000000 3.952571 3.982374 
1074 646.070415 843.677508 542.974481 848.692718 556.230182 190.624087 659.122892 659.122892 -0.000000 1.434085 1.590937 
1096 393.095595 842.540501 349.885370 833.550998 466.461067 372.059536 475.743340 475.743340 0.000000 1.725488 1.818227 
1102 476.056629 417.714723 521.265582 430.259738 439.094029 625.875067 211.771559 211.771559 -0.000000 4.888125 5.110074 
1103 402.805274 511.045059 414.511264 524.427511 223.633451 673.094213 241.396894 241.396894 0.000000 5.547926 5.621469 
1118 63.874373 843.147535 96.052252 842.814207 82.987961 996.046207 153.684585 153.684585 -0.000000 4.588026 4.797442 
1130 618.804148 865.026393 598.952148 879.104937 431.460419 833.729282 191.944127 28.980334 0.194091 0.165529 0.264562 
1133 481.635209 584.563989 494.640566 597.287654 475.850874 600.798318 17.006664 17.006664 0.000000 5.054668 6.098475 
1134 196.013455 431.306869 166.981576 432.579812 176.094169 214.729048 217.529362 217.529362 -0.000000 1.479081 1.612601 
1148 321.999603 831.143767 339.002233 831.190683 307.899644 1380.559863 549.919650 549.919650 -0.000000 4.738047 4.768944 
1159 534.717754 437.441447 566.084600 460.897967 467.681226 557.974158 137.788173 137.788173 0.000000 5.219956 5.504576 
1216 132.998726 497.918755 112.972280 498.232899 122.121930 447.694146 51.005707 51.005707 0.000000 1.357527 1.749899 
