2 710.688102 378.567396 595.944752 423.568323 581.928429 221.886641 202.356024 202.356024 -0.000000 0.882906 1.501411 
5 241.901487 536.147402 223.586553 545.842288 233.587721 543.524613 11.335235 8.447345 -1.126705 5.557404 2.913872 
6 395.841488 709.151695 384.110862 696.893906 415.733161 680.247507 34.809637 34.809637 -0.000000 2.173554 2.657038 
10 580.912539 428.814170 438.541678 384.827622 579.118777 182.334089 245.505354 245.505354 -0.000000 1.563519 2.177639 
13 477.794013 464.141399 525.896565 566.736623 304.820874 608.951459 224.502611 224.502611 0.000000 5.586180 6.094505 
17 172.858312 552.903125 213.187086 572.897587 188.260944 571.398286 26.030328 18.061399 0.427379 4.017970 0.060077 
20 719.536497 375.921612 598.011883 427.092884 586.784772 227.602712 199.206241 199.206241 -0.000000 0.840727 1.514577 
30 238.273588 552.319550 257.258787 555.410460 240.060821 598.846334 45.983956 45.983956 -0.000000 4.673995 5.089390 
33 220.077165 848.707005 77.870625 770.143752 269.994177 591.944240 261.339797 261.339797 -0.000000 1.762810 2.393776 
34 333.426381 496.663116 345.334957 511.735351 314.990686 524.687391 32.330706 32.330706 -0.000000 5.294261 5.879760 
39 582.003805 423.816530 458.912595 392.147872 582.603970 154.230154 269.632980 269.632980 0.000000 1.573023 2.050230 
47 26.718406 705.123902 12.759971 669.390903 232.847167 604.995576 229.150964 229.150964 -0.000000 2.689405 2.856948 
74 311.283156 217.552831 294.032247 217.904553 302.880331 211.140632 11.376731 11.376731 -0.000000 0.651833 2.488907 
78 416.433199 811.817939 292.842495 855.836939 255.639361 567.234604 291.615228 291.615228 0.000000 0.989223 1.442595 
89 496.591672 478.163593 526.709278 546.088985 346.508873 588.384430 184.917917 184.917917 0.000000 5.649743 6.052645 
93 369.870721 736.121895 404.810711 773.178477 183.448412 944.102858 278.983580 278.983580 0.000000 5.443180 5.625660 
100 170.998737 457.005961 184.048358 459.771844 171.987507 480.676138 23.429200 23.429200 0.000000 4.670640 5.235692 
111 280.258700 600.979896 295.118151 564.190146 288.391520 582.057145 18.739449 6.363380 -1.283573 1.976718 5.072460 
113 718.489135 368.594644 688.175691 391.274658 589.862840 234.067906 185.776831 185.776831 -0.000000 0.807817 1.011929 
118 233.016465 463.021551 221.097492 472.127608 219.525498 453.854967 15.714491 15.714491 0.000000 0.596808 1.484978 
124 162.678771 455.282674 164.403301 436.689074 194.202681 447.227563 32.851809 32.851809 -0.000000 2.891422 3.481514 
137 466.501726 768.155687 457.886550 777.921240 324.972345 634.365091 195.590731 195.590731 0.000000 0.757297 0.823871 
150 377.000454 678.899840 349.548682 648.406298 639.134866 408.705302 375.854118 375.854118 -0.000000 2.341054 2.450167 
160 429.721383 378.297043 377.066664 307.401549 511.705816 260.133164 142.598452 142.598452 -0.000000 2.177362 2.803961 
170 114.758877 609.158236 127.563849 570.536960 144.531050 599.381529 32.700680 32.700680 -0.000000 2.824303 4.180670 
187 227.930623 855.281054 150.909693 830.214708 269.928719 595.694520 262.492145 262.492145 -0.000000 1.731195 2.040426 
192 526.212059 546.395840 533.950593 623.999164 317.044372 604.007668 217.426764 217.426764 -0.000000 6.014416 0.091907 
194 122.809745 517.072237 132.281034 491.299936 149.268033 511.303968 27.227851 27.227851 -0.000000 2.926938 4.008372 
208 136.301410 755.770989 168.611323 798.295316 -571.497872 1328.339913 910.049709 910.049709 0.000000 5.603015 5.661689 
210 332.484090 616.475420 353.130246 638.879976 19.658317 947.390501 454.652013 454.652013 0.000000 5.469694 5.536649 
212 355.881880 377.285745 390.252172 392.441965 293.361005 548.669696 182.520973 182.520973 0.000000 5.062187 5.267523 
217 688.347242 391.712161 598.065934 421.457631 582.333183 233.263633 188.990524 188.990524 0.000000 0.981128 1.487392 
221 659.291449 358.905629 668.153368 386.274139 482.319513 434.738719 191.660578 191.660578 -0.000000 5.878351 6.028073 
224 151.007446 829.986384 135.599903 821.560087 219.555489 690.314539 155.884278 155.884278 -0.000000 2.027040 2.139885 
252 444.801644 298.839592 452.035872 334.992822 267.387674 355.504623 185.320267 185.320267 -0.000000 5.974032 6.172553 
301 377.451465 307.305273 372.418419 293.489194 566.115454 231.863303 203.529795 203.529795 0.000000 2.761194 2.833563 
309 691.425895 139.479624 718.868082 161.939343 457.364103 456.549678 393.649826 393.649826 -0.000000 5.348297 5.438326 
337 485.070745 507.521096 510.146532 576.965064 275.324222 622.733314 239.436771 239.436771 0.000000 5.780885 6.090693 
344 560.765659 93.701811 677.553994 130.802621 554.249070 313.494216 219.287481 219.287481 -0.000000 4.742029 5.306094 
361 137.728506 412.486788 184.498027 390.813510 265.292575 625.812117 248.182978 248.182978 -0.000000 4.173457 4.381240 
369 201.794376 414.461232 226.792229 447.194242 196.221893 446.131177 31.510054 31.510054 0.000000 4.886561 0.034760 
374 503.406345 630.368849 468.745655 594.207622 780.289418 348.858645 396.551668 396.551668 -0.000000 2.347908 2.474504 
377 177.954402 757.763830 163.684758 738.230291 265.743912 678.054364 118.224429 118.224429 0.000000 2.404396 2.608842 
410 371.968161 135.927143 377.733245 148.872682 361.853978 156.114528 27.397080 9.586355 -0.862409 5.176848 5.855306 
411 353.292886 371.106590 396.966636 390.069008 108.489178 971.739535 649.126156 649.126156 0.000000 5.099409 5.172789 
413 391.953348 725.269635 384.536781 715.588769 419.379038 696.194265 39.452647 39.452647 -0.000000 2.327005 2.633668 
430 320.006641 357.967155 360.255892 369.145737 263.126163 627.527655 275.635241 275.635241 -0.000000 4.920350 5.071962 
447 394.158924 410.783087 456.585398 463.412699 257.152231 636.782239 263.679663 263.679663 -0.000000 5.257374 5.567586 
452 449.805244 298.054451 457.418358 338.817875 382.835988 328.525622 73.585304 73.585304 -0.000000 5.856179 0.137132 
456 102.763274 790.245752 87.723740 775.249769 182.164069 692.725019 125.776897 125.776897 0.000000 2.254132 2.423426 
471 121.692754 562.233127 85.060416 513.954158 466.952007 254.745787 461.278069 461.278069 0.000000 2.413996 2.545272 
472 143.105694 799.846747 86.652537 753.310581 240.792686 621.888724 202.377909 202.377909 0.000000 2.072820 2.435584 
475 438.688555 125.324543 548.953200 92.667223 545.509536 292.699366 198.297418 198.297418 -0.000000 4.144344 4.729603 
476 487.896402 254.616461 497.893426 240.848536 501.144859 253.376267 12.391074 12.391074 0.000000 3.048254 4.458453 
478 246.993131 356.457766 284.999700 355.976333 269.378989 694.329424 338.358308 338.358308 -0.000000 4.646230 4.758523 
479 88.043265 453.048425 118.141000 426.157816 358.713353 730.314229 387.288118 387.288118 0.000000 3.939028 4.043191 
498 294.815956 365.409783 319.183946 368.590963 294.640538 468.688220 103.722309 103.722309 -0.000000 4.714087 4.952841 
521 397.743710 389.873358 425.009057 407.986546 347.583393 500.660095 120.527377 120.527377 0.000000 5.137540 5.408385 
524 84.028258 562.977462 95.441837 576.662489 37.142338 612.019766 68.099613 68.099613 -0.000000 5.475312 5.738017 
566 673.390926 320.861267 686.298580 359.234934 252.420259 480.251103 449.994415 449.994415 0.000000 5.921241 6.011181 
571 253.572505 514.962740 249.645319 475.009365 352.642175 477.408764 103.949621 103.949621 0.000000 2.779262 3.164884 
579 76.826988 460.822846 110.724472 427.717876 231.777273 585.440945 197.853631 197.853631 -0.000000 3.818917 4.057780 
589 426.243698 130.817364 439.197687 148.102414 391.030966 169.018608 51.479134 51.479134 0.000000 5.457102 5.873510 
592 162.742086 380.250530 285.999959 359.906611 265.965202 620.957586 261.474979 261.474979 -0.000000 4.307276 4.788985 
622 429.331433 130.619440 440.818901 147.744459 424.330651 147.159077 16.210488 16.210488 -0.000000 5.006002 0.035488 
643 169.443615 427.243856 201.023387 414.704975 195.913761 452.452391 38.224023 38.224023 0.000000 3.902583 4.846935 
677 439.146000 561.763326 421.214659 541.701957 720.749754 288.490088 392.269389 392.269389 -0.000000 2.371207 2.439805 
689 157.170371 676.287146 177.364970 659.053626 189.655460 695.947574 37.851991 37.851991 0.000000 3.685837 4.390821 
707 428.232624 620.343065 452.934807 639.070871 406.223998 671.925554 56.425516 56.425516 0.000000 5.115672 5.670205 
711 -1.316065 82.867233 160.508267 -1.371546 381.256431 605.838929 646.394692 646.394692 -0.000000 4.080810 4.363699 
715 161.681937 385.202393 235.888786 363.514516 272.875863 621.314132 260.212590 260.212590 -0.000000 4.272260 4.569889 
722 379.927970 550.064609 395.685417 572.053374 333.694693 602.436686 69.625482 69.625482 -0.000000 5.435611 5.827467 
729 441.691189 129.409656 501.165442 104.508469 557.824005 314.567703 217.810618 217.810618 -0.000000 4.152203 4.448932 
736 153.419424 620.376966 141.182623 601.530720 177.402094 591.752192 36.055822 36.055822 0.000000 2.268182 2.877900 
753 501.774841 510.588558 515.809287 545.068233 295.877979 610.589018 229.298506 229.298506 0.000000 5.831057 5.993643 
763 137.180474 389.386191 246.887649 356.299212 264.224482 608.489799 252.265961 252.265961 -0.000000 4.186928 4.643752 
782 360.670284 504.079433 382.867089 524.123987 308.894995 577.937684 90.879800 90.879800 0.000000 5.323792 5.654249 
790 346.993677 838.976338 230.918249 850.036536 264.605840 585.648646 266.270263 266.270263 0.000000 1.256363 1.697531 
791 458.343315 496.583934 429.647737 464.313237 695.525768 254.611160 338.283748 338.283748 -0.000000 2.346197 2.473771 
814 562.871338 100.868642 673.382333 135.242717 547.239937 336.473849 236.718135 236.718135 -0.000000 4.778638 5.272320 
830 469.433881 862.600217 445.636972 832.229700 732.938841 634.814854 348.566137 348.566137 0.000000 2.428772 2.539554 
836 59.542970 541.462218 48.586465 530.400031 132.019432 469.736353 101.767654 101.767654 -0.000000 2.361400 2.512913 
846 618.040334 302.972784 610.512978 295.259761 638.438809 273.679565 34.968382 34.968382 0.000000 2.179072 2.483678 
873 494.217483 693.111103 455.712476 750.755469 281.875851 592.366428 235.139257 235.139257 0.000000 0.442996 0.738934 
879 412.636808 426.477366 451.436293 462.545141 272.171693 596.716743 222.548995 222.548995 0.000000 5.402251 5.640673 
889 83.629812 455.606092 113.002256 428.002401 302.932230 660.349558 299.592249 299.592249 0.000000 3.892671 4.027104 
890 141.849663 597.990603 157.738492 560.780771 178.134291 592.225367 36.320608 36.320608 0.000000 2.984021 4.136980 
899 45.735650 787.189691 28.589218 763.294768 328.662988 561.698124 361.509939 361.509939 0.000000 2.468687 2.550028 
970 478.673883 473.252362 494.687129 498.514190 348.642778 580.371459 168.279222 168.279222 -0.000000 5.594102 5.772320 
993 710.181606 372.275661 682.386683 390.586951 623.659382 274.237881 129.791298 129.791298 0.000000 0.847712 1.103355 
1025 369.467810 244.033424 383.062533 185.024803 504.860836 245.394123 135.395361 135.395361 0.000000 3.151642 3.601754 
1028 469.341880 528.188921 494.192775 548.812841 425.952065 600.802612 85.315826 85.315826 -0.000000 5.251000 5.632138 
1045 373.924200 513.868548 339.979455 471.823937 519.224408 358.444092 211.114760 211.114760 0.000000 2.322541 2.577589 
1059 132.679115 490.832016 157.708855 488.482797 146.767954 504.052745 19.692714 19.692714 0.000000 3.895214 5.324920 
1072 482.156579 578.556482 499.108082 590.907169 469.072912 613.271067 37.568776 37.568776 0.000000 5.072818 5.643155 
1081 337.093814 839.512963 258.024759 848.691715 242.052617 425.384034 424.347792 424.347792 -0.000000 1.345206 1.533082 
1091 567.353117 191.942664 573.360611 228.941448 311.181792 254.758959 263.109203 263.109203 -0.000000 6.042718 6.185029 
1095 39.570205 520.792182 70.529073 466.690296 221.802687 593.401760 196.099737 196.099737 0.000000 3.520758 3.838862 
1121 90.532664 617.292302 110.189779 642.027016 73.491107 655.085775 40.843823 40.843823 0.000000 5.136002 5.941320 
1136 442.067884 142.039347 537.986613 107.903696 544.867286 289.165293 180.579742 180.579742 -0.000000 4.102525 4.674447 
1137 357.519193 154.662525 354.525367 131.837403 365.728364 143.791378 15.691391 15.691391 0.000000 2.217575 3.959409 
1140 538.980346 192.029234 544.498411 207.621827 540.394451 201.483105 7.879263 7.879263 -0.000000 4.563910 0.981500 
1151 9.076987 557.021903 23.265425 512.707830 599.735288 722.308999 613.558075 613.558075 -0.000000 3.414449 3.490327 
1174 578.988267 412.445516 544.973363 410.514323 570.986608 242.706004 169.472146 169.472146 0.000000 1.523690 1.724590 
1185 271.568788 567.307437 271.685558 584.231584 266.868475 577.205789 10.800305 10.800305 -0.000000 5.155722 0.969781 
1194 637.714718 186.227242 630.584150 145.896720 901.095838 111.767291 272.681810 272.681810 0.000000 2.866075 3.016090 
1195 431.568438 373.265548 410.111941 352.913349 481.783986 296.879784 91.261827 91.261827 -0.000000 2.152352 2.478045 
1198 429.574621 474.367650 393.414256 431.474329 853.609041 77.650983 580.409210 580.409210 0.000000 2.389466 2.486133 
1207 516.824272 102.333471 547.088244 100.339027 540.376023 212.020047 111.610483 111.610483 0.000000 4.500882 4.772418 
1217 199.023461 852.927455 145.822012 832.386223 271.707961 583.529192 278.790586 278.790586 -0.000000 1.834325 2.039118 
1220 405.014216 68.001171 391.299486 94.425826 386.130707 76.459863 18.640712 18.640712 -0.000000 5.862045 1.290663 
1221 390.075314 184.654585 421.235949 144.291685 484.265915 224.233942 101.165991 101.165991 -0.000000 3.539395 4.044734 
1248 378.637738 204.849038 400.767797 161.849772 528.787798 255.324405 158.323589 158.323589 -0.000000 3.465891 3.772272 
1268 395.031631 73.908405 388.191880 81.793957 386.834934 74.137808 8.543485 8.543485 -0.000000 6.255205 1.395382 
1275 156.861842 394.634672 214.049295 376.181932 253.137560 583.094016 210.446062 210.446062 -0.000000 4.240094 4.525677 
1338 336.091507 434.930228 300.195095 387.851246 488.260650 278.895476 216.179958 216.179958 0.000000 2.343653 2.616495 
1347 581.438510 353.149627 578.240478 337.946521 603.107945 341.976665 23.905181 23.905181 0.000000 2.665536 3.302261 
1364 194.813184 669.133094 200.986369 619.967752 198.041085 644.437697 23.197217 13.393316 -1.520605 1.700768 4.832176 
1405 371.152773 467.665933 330.717256 416.222241 702.151827 159.651044 450.787128 450.787128 -0.000000 2.392147 2.537097 
1422 386.832325 409.224488 413.383488 430.596891 365.843664 463.142512 56.880270 56.880270 0.000000 5.083611 5.682872 
1430 563.714176 348.932832 562.595471 337.038046 1292.815450 244.931634 735.820514 735.820514 -0.000000 2.999905 3.016120 
1452 371.288328 240.907124 374.674859 214.957568 482.571613 241.787176 110.743500 110.743500 -0.000000 3.149501 3.385310 
1458 672.927995 286.913441 683.359243 295.888374 676.517119 293.417326 7.284135 7.284135 -0.000000 4.208132 0.346575 
1482 266.651658 688.156843 254.320869 738.457755 234.095673 706.586313 37.558942 37.558942 0.000000 5.768076 1.005333 
1488 645.564607 134.130972 659.685345 152.998182 647.072398 148.811831 14.098329 14.098329 -0.000000 4.610043 0.320468 
1495 151.079022 612.959854 152.992257 567.996394 176.860485 592.295831 32.602160 32.602160 0.000000 2.465933 3.935943 
1502 557.049487 183.653326 542.526726 177.273978 552.744903 171.902862 11.840292 11.840292 -0.000000 1.219646 2.657642 
1545 387.675810 546.394811 420.749944 583.328424 144.299195 801.201065 351.528888 351.528888 0.000000 5.474849 5.615739 
1574 714.403858 208.630281 718.914878 225.759058 686.003302 223.713929 31.817492 31.817492 0.000000 5.794965 0.062060 
1576 515.264421 254.758898 512.722443 265.590430 513.478368 259.975080 5.583670 3.811775 -1.172498 5.042283 1.704609 
1589 695.810139 159.191655 718.182572 184.851678 593.012889 272.743830 152.873133 152.873133 -0.000000 5.448117 5.670995 
1623 478.901432 118.685868 516.937069 108.657190 548.152186 290.097994 184.361854 184.361854 -0.000000 4.328438 4.542017 
1646 204.601507 732.119599 211.757957 687.848481 238.279644 714.884768 37.392911 37.392911 -0.000000 2.668588 3.936599 
1684 329.163842 647.885209 317.130118 675.153555 298.169090 642.930774 36.297072 36.297072 -0.000000 0.158507 1.038924 
1701 409.891648 352.083166 392.048182 326.967902 519.121877 254.465600 146.159378 146.159378 0.000000 2.412277 2.623107 
1721 593.038583 151.139528 588.224402 117.967433 735.064735 110.586021 146.663983 146.663983 -0.000000 2.863458 3.091367 
1722 405.753681 166.766917 424.714255 146.729610 458.118271 194.569546 57.802541 57.802541 0.000000 3.629687 4.102842 
1727 388.513827 320.766638 370.929407 259.893817 550.368217 240.406767 180.858591 180.858591 0.000000 2.680753 3.033417 
1734 648.903015 218.684201 653.773589 235.035317 602.236842 241.981607 52.096675 52.096675 0.000000 5.820150 6.149209 
1806 529.002963 176.002671 539.659202 165.622204 542.266321 179.329647 12.634147 12.634147 0.000000 3.387361 4.524437 
1822 307.268719 458.815290 309.184347 471.973161 272.560099 468.996799 36.165723 36.165723 0.000000 5.997848 0.081089 
1962 188.566144 653.963866 190.489194 630.874171 230.129972 645.623869 41.323142 41.323142 0.000000 2.943567 3.497804 
1970 697.147812 211.944015 702.081212 224.969240 671.403098 228.445288 30.402947 30.402947 0.000000 5.713193 6.170359 
2013 107.998663 551.001567 123.677176 569.225927 93.931543 580.133476 31.715597 31.715597 0.000000 5.162244 5.931716 
2047 185.029495 835.935910 159.841564 824.344273 263.918433 646.702180 205.087556 205.087556 -0.000000 1.965775 2.100768 
2085 628.487579 75.454222 603.148454 46.868407 1111.203332 -368.516025 655.897779 655.897779 -0.000000 2.397981 2.456213 
2168 422.393336 293.901072 427.894821 315.774944 362.641534 318.883607 64.587144 64.587144 0.000000 5.887169 6.235581 
2171 237.844075 54.123692 206.009205 13.992698 631.829723 -290.324790 523.031361 523.031361 -0.000000 2.423178 2.521094 
2257 143.002937 38.997685 160.700424 61.447855 45.329849 136.981646 137.674978 137.674978 0.000000 5.496198 5.703509 
2289 235.456355 676.680161 251.068202 675.520740 242.206041 690.088655 16.285150 16.285150 0.000000 4.246034 5.258914 
2344 107.117400 453.917688 115.643562 469.740318 -186.306090 613.500593 335.123545 335.123545 0.000000 5.785064 5.838834 
