1 699.347294 520.472913 700.260831 520.796269 617.522567 455.680758 106.569374 105.268630 -1.188017 0.669746 0.666767 
3 452.178745 246.950661 622.999317 183.990129 615.395422 430.372492 245.412729 245.412729 0.000000 3.985214 4.743241 
7 625.643531 447.102359 644.717805 446.357243 635.336635 440.353476 11.637471 10.755284 -0.399658 2.533384 0.569299 
8 709.156986 198.665562 754.494279 219.947003 571.704227 548.310175 375.268261 375.268261 0.000000 5.086951 5.220339 
9 632.443916 444.607355 629.253869 428.464751 627.720525 440.623683 10.101344 7.535878 1.493038 0.700646 4.837835 
10 288.798863 34.357244 395.880647 47.195691 330.758531 136.034920 110.202537 110.202537 0.000000 4.321005 5.344943 
12 644.862665 446.475813 637.528521 464.159354 638.782792 454.612556 9.795308 9.795308 -0.000000 5.354103 1.701429 
14 44.969352 369.089072 109.592289 273.030968 150.325350 370.503638 105.695197 105.695197 0.000000 3.155018 4.316554 
15 135.315073 172.345508 227.987833 138.992418 212.606697 246.385718 107.430019 107.430019 0.000000 3.905509 4.854644 
17 586.097762 443.021078 597.052972 433.224268 595.508841 441.560295 9.266032 9.266032 -0.000000 2.987602 4.895549 
18 599.080859 432.742242 605.647852 448.592994 602.275494 440.659155 8.790919 7.177736 1.173422 4.328852 1.168875 
19 565.137320 687.442930 466.986775 645.023241 603.414415 470.159940 220.284233 220.284233 -0.000000 1.745170 2.233344 
23 238.087724 84.552311 275.245615 42.877620 322.720055 120.635981 91.632369 91.632369 0.000000 3.544613 4.164257 
34 605.071970 690.387047 565.791597 685.774911 637.982323 225.273925 466.002365 466.002365 0.000000 1.641436 1.726296 
152 373.896551 510.213180 377.571248 361.561830 618.818628 441.627388 254.044111 254.044111 -0.000000 2.868555 3.462036 
199 659.145984 687.497366 623.992648 690.924590 579.864982 61.594990 630.788864 630.788864 0.000000 1.444801 1.500792 
395 607.093691 695.237766 564.871195 690.047905 625.461772 374.414867 320.941646 320.941646 0.000000 1.627987 1.760454 
481 369.213322 433.002090 380.215243 363.827024 692.756472 454.992218 324.854220 324.854220 0.000000 3.209455 3.425408 
512 264.939441 342.057893 302.087363 380.916483 -11.044620 640.278653 405.899469 405.899469 -0.000000 5.459080 5.591434 
899 799.854451 620.209673 623.962967 695.255573 621.019726 444.158489 249.850111 249.850111 0.000000 0.777555 1.559075 
945 331.237372 355.774448 293.233056 315.778549 671.185264 -12.695504 500.567762 500.567762 -0.000000 2.315955 2.426120 
1141 298.026548 392.974691 342.449408 439.571559 -196.761363 914.834209 718.551906 718.551906 -0.000000 5.471165 5.560740 
1214 311.620691 380.356368 355.235440 426.778800 -142.448165 854.976113 656.242706 656.242706 0.000000 5.475662 5.572696 
1247 629.984334 427.929660 649.320939 446.244647 636.295539 440.713224 14.208579 14.208579 -0.000000 4.253797 0.401586 
1280 436.552791 257.420485 398.759959 217.225697 743.248601 -82.512658 456.740033 456.740033 0.000000 2.304839 2.425547 
1332 103.771373 759.216616 140.272534 797.741785 -259.476653 1132.743348 520.869511 520.869511 0.000000 5.483837 5.585682 
1450 313.231195 122.255698 338.945817 111.681242 335.705400 141.375196 29.380975 29.380975 -0.000000 3.846511 4.821086 
1468 457.925044 694.070565 421.545808 655.427585 788.223253 350.679281 476.169845 476.169845 0.000000 2.336762 2.448170 
1576 194.993255 378.826856 167.859849 366.108680 189.424267 354.544973 24.793020 24.793020 -0.000000 1.345348 2.649375 
1601 346.999359 235.051266 228.098525 141.980260 332.330359 130.452843 104.637594 104.637594 -0.000000 1.431464 3.031446 
1622 324.887298 127.763490 349.917209 135.953701 336.451321 137.429071 14.053390 14.053390 -0.000000 3.837804 6.174057 
1629 171.184496 470.296798 126.852861 470.656851 148.309551 356.834274 115.600262 115.600262 0.000000 1.371855 1.757120 
1645 102.682443 461.915921 53.215531 408.393103 145.589430 371.636420 99.264812 99.264812 0.000000 2.014464 2.762888 
1682 471.966000 681.032216 435.463578 642.508274 992.029934 152.785563 741.052740 741.052740 -0.000000 2.348389 2.419994 
1688 391.295384 217.445893 346.845117 234.088111 332.489204 126.332967 108.715692 108.715692 0.000000 0.997647 1.438349 
1690 271.967420 329.936362 225.997630 346.990166 210.327390 236.741923 111.228311 111.228311 0.000000 0.986440 1.429606 
1692 207.629923 602.446654 124.973174 626.862130 138.173748 521.205021 106.350703 106.350703 0.000000 0.863445 1.695090 
1697 274.383010 681.352556 258.103635 679.916888 266.809011 675.476196 9.712411 9.712411 -0.000000 0.659847 2.669890 
1702 206.143557 646.151965 181.717836 635.579235 199.190142 631.916577 16.756373 16.756373 -0.000000 1.116423 2.934958 
1711 233.934509 668.362642 210.682901 656.295086 228.860234 648.752248 18.934073 18.934073 0.000000 1.317595 2.748258 
1722 74.153418 604.825596 48.236739 574.845680 145.667574 516.669638 113.474052 113.474052 -0.000000 2.252343 2.603308 
1728 507.147137 217.375381 799.108494 265.986331 621.252203 439.933684 249.217661 249.217661 -0.000000 4.238635 5.508898 
1745 403.569376 342.345054 470.223240 256.221414 613.085672 435.213313 227.885672 227.885672 -0.000000 3.558820 4.038777 
1749 487.797401 229.676597 509.191058 218.712694 530.209795 282.954811 67.981869 67.981869 0.000000 4.040058 4.396187 
1751 470.514633 256.254365 646.388320 207.726522 617.952734 443.710978 237.699920 237.699920 -0.000000 4.045923 4.832309 
1754 411.816376 307.142461 487.523379 229.350216 616.257612 431.735272 239.451536 239.451536 -0.000000 3.688918 4.145858 
1760 215.388113 665.589437 190.251388 651.928502 208.610988 650.566499 18.958004 16.096782 -0.641799 1.147013 3.067543 
1764 646.591854 207.274614 798.035584 284.960051 622.833314 437.953812 231.248170 231.248170 -0.000000 4.815021 5.565353 
1772 212.563794 638.309345 183.951896 635.033168 199.394139 630.697676 15.445979 15.445979 -0.000000 0.524064 2.867884 
1776 174.933669 343.146525 154.953938 334.101751 215.272530 231.120470 118.888077 118.888077 0.000000 1.916427 2.100653 
