2 142.869939 326.230995 64.999622 318.003576 152.964740 -139.713011 464.988125 464.988125 0.000000 1.592458 1.760664 
4 269.660645 281.087170 265.366693 225.934735 389.411637 243.914441 125.362222 125.362222 0.000000 2.840607 3.285535 
8 521.205023 196.389815 408.211797 324.888730 335.361437 219.468069 197.985327 106.220656 0.099925 6.159637 0.966106 
9 427.509035 369.875867 407.500070 416.809701 368.291875 373.812483 58.875875 58.875875 -0.000000 6.216805 0.831458 
10 132.092516 366.960965 87.886309 413.696301 109.283904 390.381669 31.112111 11.137301 -0.710132 5.484548 2.313346 
13 423.701475 354.007866 405.851189 412.413129 352.828292 367.269375 70.932149 70.932149 0.000000 6.098208 0.705307 
14 265.623348 347.914881 207.916710 423.754179 206.239693 369.959692 62.863028 51.520569 -0.382860 5.927727 1.539632 
16 262.000000 255.000000 228.167793 310.335258 190.178998 250.651390 72.179348 72.179348 -0.000000 0.060474 1.003970 
27 251.215619 205.901583 261.000000 242.000000 193.043992 246.241678 70.092384 70.092384 -0.000000 5.676857 6.220848 
30 108.335694 330.313562 34.769193 387.345300 76.420309 361.439156 51.909436 38.023806 -0.151312 5.510315 2.585168 
35 298.179969 313.110810 271.884641 284.621518 328.695301 260.360832 60.802403 60.802403 -0.000000 2.095249 2.737991 
43 578.949412 355.234390 520.692749 425.236879 486.368403 335.863628 94.882579 94.882579 -0.000000 0.206255 1.204110 
66 531.576699 255.817076 517.022280 284.827612 471.682612 244.913064 59.652312 59.652312 -0.000000 0.180083 0.721849 
67 33.641501 301.136502 0.780405 269.567936 73.008939 230.215412 82.616859 82.616859 -0.000000 2.077537 2.642725 
68 10.278317 193.414420 57.101431 170.380689 75.059313 263.068545 94.355161 94.355161 0.000000 3.963224 4.521014 
73 99.239839 406.856798 64.987383 411.583750 74.005142 344.079884 67.845802 67.845802 -0.000000 1.188589 1.703599 
77 458.234658 422.334895 432.055466 390.982367 482.740141 373.267685 54.459959 54.459959 -0.000000 2.033985 2.805357 
85 258.546238 367.022333 252.717343 389.134781 184.116109 354.641876 76.723356 76.723356 -0.000000 0.164828 0.465887 
94 282.204188 405.577987 269.951287 369.002684 326.249513 373.287466 55.953386 55.953386 0.000000 2.508982 3.217555 
97 320.076789 423.811122 277.690571 392.122685 342.116263 349.183520 77.480249 77.480249 0.000000 1.857960 2.553711 
107 27.434631 366.877337 53.215340 330.685824 66.612093 369.509099 40.331967 40.331967 -0.000000 3.208667 4.380113 
143 314.774724 45.985696 318.112677 11.633449 501.532666 43.428237 186.363245 186.363245 0.000000 3.127900 3.313231 
170 518.400243 413.012611 463.152821 421.125470 480.074892 351.720200 71.408063 71.408063 0.000000 1.011991 1.809946 
181 303.108480 201.909144 278.931793 224.604430 264.071020 187.401867 39.994239 39.994239 -0.000000 0.355808 1.190759 
186 196.384043 243.113064 219.026474 222.908517 211.722327 237.793079 17.621097 15.893412 0.905862 2.807733 5.168585 
191 346.744403 169.653696 332.733955 179.994421 330.274429 162.568572 16.789726 16.789726 -0.000000 0.406254 1.430580 
197 505.687514 153.364940 488.027018 162.054908 455.868877 89.003316 80.284467 80.284467 0.000000 0.912085 1.156112 
215 322.919658 300.800255 378.020342 301.960389 349.874490 374.603064 78.402842 78.402842 -0.000000 4.362213 5.082035 
219 616.978923 125.990986 631.012432 117.390141 626.513812 125.805970 9.465783 9.465783 -0.000000 3.122191 5.203287 
220 198.948101 215.092830 234.329294 234.379396 207.012882 241.809004 27.652079 27.652079 0.000000 4.419219 6.017626 
221 570.465660 357.246999 518.140772 412.284145 481.352204 325.710959 94.074061 94.074061 0.000000 0.340133 1.168975 
240 71.987400 341.641249 102.329762 344.639113 82.560856 406.045547 64.679395 64.679395 -0.000000 4.549667 5.023847 
247 215.954138 400.753817 153.624492 386.675841 193.219531 345.957108 58.277276 58.277276 0.000000 1.177520 2.342204 
254 200.504476 333.208046 207.658847 374.507970 182.717695 357.498371 36.222133 25.060286 -0.163565 5.344438 0.598536 
296 24.797224 248.007546 31.199816 219.653559 60.193297 242.390207 35.919155 35.919155 -0.000000 2.984206 3.806624 
324 198.606270 241.906022 212.150005 226.248143 210.230872 237.124574 14.199415 10.970591 0.679170 2.751365 4.887040 
330 190.358234 226.097197 230.434346 233.792450 207.709063 239.028059 22.646545 22.646545 -0.000000 3.782053 6.056749 
377 34.867454 366.974402 39.836426 351.404280 78.706860 372.663628 44.333531 44.333531 -0.000000 3.270646 3.642075 
387 71.914042 345.743458 90.004040 343.845567 83.216009 379.638174 36.088283 36.088283 0.000000 4.390539 4.899812 
