3 404.158385 394.181902 412.499896 349.104753 692.054042 427.325930 289.713949 289.713949 0.000000 3.256213 3.414422 
26 211.173815 196.328403 239.843321 161.059748 522.477068 420.850041 383.446828 383.446828 -0.000000 3.766426 3.884902 
34 390.313368 580.445706 404.498309 542.671896 662.704342 662.521165 284.394092 284.394092 0.000000 3.434255 3.576161 
70 420.064882 470.014877 436.895097 404.967215 705.282191 508.104634 287.052553 287.052553 0.000000 3.274354 3.508480 
75 332.135525 681.112555 322.072274 693.229515 303.161736 668.544084 30.539028 30.539028 -0.000000 0.409290 0.917095 
113 254.390939 691.732022 242.923291 697.856365 239.630805 680.935783 16.846180 16.846180 0.000000 0.631520 1.378613 
119 484.377230 543.791693 479.561903 558.187948 425.297672 532.249363 59.730865 59.730865 0.000000 0.192939 0.445897 
132 285.956565 682.947632 267.820881 697.989706 -150.260997 185.017594 661.886561 661.886561 0.000000 0.851365 0.886964 
139 453.007570 592.336445 471.679253 545.322902 790.334260 702.645831 355.126043 355.126043 0.000000 3.457642 3.600195 
162 440.609501 271.780746 439.120870 288.011086 330.523165 271.540402 109.658997 109.658997 -0.000000 0.002183 0.150520 
164 453.802746 291.012809 455.043923 310.127017 -124.316174 327.516621 579.116673 579.116673 0.000000 6.220127 6.253179 
179 383.154056 394.210940 392.320936 344.058661 853.717393 456.937767 474.308675 474.308675 0.000000 3.274113 3.381527 
195 400.164380 518.645569 411.524200 480.559814 1126.088907 723.651720 754.211897 754.211897 -0.000000 3.416832 3.469507 
209 410.641644 512.889126 421.680489 477.210541 711.718801 590.362825 310.723402 310.723402 -0.000000 3.393450 3.513560 
213 350.226748 686.215926 338.003881 699.051426 323.198642 672.722924 29.256004 29.256004 -0.000000 0.463024 1.058538 
216 380.831131 397.975721 378.516581 414.074271 314.122753 400.883803 65.620762 65.620762 -0.000000 6.239619 0.202046 
217 406.460462 517.894938 400.206870 540.764669 218.884511 480.259778 190.971276 190.971276 -0.000000 0.198010 0.322069 
222 80.673669 561.826068 114.985967 559.025170 102.335668 569.878610 23.277304 14.863265 0.283853 3.497499 5.574089 
249 326.847638 671.882353 314.133367 689.375273 245.171602 626.676447 92.692317 92.692317 -0.000000 0.505510 0.737865 
289 353.425373 552.691860 342.326791 570.240171 315.020623 537.601243 41.030444 41.030444 0.000000 0.374402 0.874125 
302 109.377725 666.573223 126.083423 651.469493 133.293031 674.452511 24.523355 24.523355 -0.000000 3.459859 4.408418 
312 312.959525 607.977936 338.048721 565.677888 656.929176 782.916970 385.726621 385.726621 0.000000 3.612087 3.739627 
314 465.793195 340.091229 470.412059 299.932378 808.011589 361.359154 342.539712 342.539712 -0.000000 3.203660 3.321575 
317 435.821150 471.805051 433.192390 487.701071 365.719304 466.856177 69.865840 69.865840 -0.000000 0.070479 0.299635 
337 405.070245 542.458715 413.191512 523.510691 566.713038 603.379867 172.460906 172.460906 0.000000 3.502017 3.621307 
343 379.696649 380.917752 374.542865 399.157924 148.751433 332.586785 235.520744 235.520744 0.000000 0.206297 0.286711 
348 369.523641 552.225389 384.941554 516.405269 640.812132 656.666011 290.592924 290.592924 0.000000 3.509084 3.643030 
351 238.108385 635.111172 225.458175 647.444242 210.985463 622.295335 28.522947 28.522947 0.000000 0.441414 1.048601 
354 83.895758 501.489269 112.896056 504.295983 95.170711 523.831032 24.668694 24.668694 0.000000 4.245022 5.449256 
359 430.076291 271.946626 428.917846 291.995253 231.302888 274.934045 198.348144 198.348144 -0.000000 6.268157 0.086122 
363 339.118572 499.002413 334.161675 519.046191 -78.806009 389.703887 432.598224 432.598224 -0.000000 0.255798 0.303524 
369 367.828996 507.956389 362.255601 529.810155 246.811960 485.739840 122.847911 122.847911 -0.000000 0.181560 0.364673 
376 555.410701 404.965572 551.635010 421.887309 307.567129 357.293151 252.580868 252.580868 0.000000 0.190028 0.258725 
382 501.111718 416.012178 493.222965 452.536148 374.540675 397.761066 128.574682 128.574682 -0.000000 0.143209 0.432398 
388 247.881151 673.834903 272.400645 658.710826 636.148039 1276.325264 716.923902 716.923902 0.000000 4.139935 4.180130 
412 257.204477 726.774757 237.735565 730.618371 237.496794 479.979344 246.769108 246.769108 0.000000 1.491111 1.569844 
416 481.948475 422.986892 469.316275 469.754541 269.917544 393.058422 213.385464 213.385464 0.000000 0.140225 0.367193 
439 404.289890 463.082904 411.942366 442.523431 580.631665 516.217755 184.453232 184.453232 0.000000 3.434258 3.553469 
441 264.453606 649.819322 255.431558 662.455824 235.805723 636.579628 32.168094 32.168094 0.000000 0.432914 0.921908 
444 409.010270 568.005267 401.286214 581.397803 341.853551 536.822626 73.662118 73.662118 -0.000000 0.434704 0.643508 
455 501.481443 358.045292 504.975604 320.903628 890.183830 370.022753 387.958952 387.958952 0.000000 3.172397 3.268421 
465 358.986650 624.992510 377.191107 592.546160 1034.544962 987.135460 766.385919 766.385919 -0.000000 3.633674 3.682210 
474 239.975722 685.845186 206.849474 691.040158 117.527331 -12.419988 708.885782 708.885782 0.000000 1.397201 1.444497 
481 503.212705 398.745850 497.676536 415.895581 435.510391 383.088225 69.156049 69.156049 -0.000000 0.227276 0.485590 
482 254.247293 690.095412 216.893484 698.528174 57.144274 -69.504303 784.580754 784.580754 0.000000 1.316913 1.365722 
487 407.045336 203.990261 410.147669 238.101039 346.847721 228.661231 64.202685 64.202685 0.000000 5.894231 0.148037 
492 275.472784 599.373877 253.225706 624.206758 -112.017300 250.182357 522.466530 522.466530 0.000000 0.733457 0.797276 
496 292.274112 554.118749 314.210702 504.604542 826.751176 759.017158 572.151984 572.151984 0.000000 3.507675 3.602337 
499 341.041586 672.029999 361.171921 644.124017 541.291023 796.484600 235.336333 235.336333 0.000000 3.697670 3.843695 
514 449.000000 474.000000 461.745569 420.225768 815.575285 533.192875 371.284715 371.284715 0.000000 3.301686 3.450633 
529 375.153796 336.023384 373.786278 354.134047 262.761472 336.933108 111.683223 111.683223 0.000000 6.275091 0.153707 
559 382.512738 513.769012 389.012545 500.057843 493.557924 551.977015 117.091756 117.091756 0.000000 3.472980 3.602531 
571 379.318366 457.857682 375.591821 475.705987 275.344778 443.611657 104.679525 104.679525 0.000000 0.136168 0.309841 
589 439.302742 390.763263 433.507221 407.832688 298.924249 353.551356 144.903565 144.903565 -0.000000 0.259123 0.383374 
596 321.872043 465.948001 330.071944 442.018726 673.383185 586.561335 371.226929 371.226929 0.000000 3.472132 3.540092 
604 480.962942 335.720690 477.109193 350.029409 332.304797 306.298185 151.166263 151.166263 -0.000000 0.195395 0.293293 
621 434.577871 56.929374 437.616366 38.768504 505.201760 56.549882 69.754772 69.754772 -0.000000 3.136219 3.398858 
630 224.448397 609.281922 207.201868 621.113858 207.110124 605.295276 17.226379 17.226379 -0.000000 0.226005 1.564997 
635 340.126719 486.626452 345.332285 468.068778 457.675530 516.789556 122.094142 122.094142 -0.000000 3.392774 3.550791 
637 246.331776 713.653520 262.024959 708.344045 260.054892 725.142254 17.064457 17.064457 0.000000 3.838597 4.829134 
656 490.595196 533.881142 500.229931 501.067512 895.345633 638.861343 417.911179 417.911179 -0.000000 3.395371 3.477147 
665 102.778966 595.865203 96.219963 557.961936 467.753496 512.954842 374.011335 374.011335 0.000000 2.918216 3.021041 
671 444.039388 352.003228 442.736860 367.896480 357.475570 350.674067 86.361381 86.361381 -0.000000 0.015353 0.199314 
679 214.380009 755.879606 182.928121 745.211925 252.339486 596.632249 163.272709 163.272709 -0.000000 1.804798 2.007833 
681 405.875707 228.012046 409.206234 242.451447 288.928544 260.353024 120.477534 120.477534 0.000000 6.013385 6.135435 
688 140.799059 716.052462 153.123219 688.154563 165.636941 712.749677 27.077666 27.077666 0.000000 3.009395 4.241735 
692 298.103509 495.033419 294.244315 509.810293 228.323733 484.706800 69.886543 69.886543 -0.000000 0.146922 0.363858 
693 236.594965 584.455175 248.745241 566.866884 451.585308 722.813295 254.986541 254.986541 0.000000 3.713424 3.797027 
695 171.113065 670.670259 208.032748 666.645582 213.421884 873.172405 206.597211 206.597211 -0.000000 4.506422 4.686301 
707 575.720110 279.993810 576.604756 239.991259 958.124252 264.656149 382.068762 382.068762 0.000000 3.101506 3.206152 
719 280.257640 478.067265 264.533968 520.749357 195.125383 466.909380 85.948012 85.948012 -0.000000 0.130322 0.659745 
721 485.548841 213.062211 481.666621 184.908078 1185.253371 107.423153 707.568136 707.568136 0.000000 2.991748 3.031906 
732 295.739676 115.601728 326.161403 95.717025 516.210081 416.074785 372.362834 372.362834 0.000000 4.079373 4.176956 
741 320.827032 483.426148 313.360814 498.687291 -123.284957 272.345394 491.618693 491.618693 -0.000000 0.443683 0.478231 
751 156.095055 631.143323 191.798753 616.360199 365.384134 1091.811127 506.732286 506.732286 -0.000000 4.285951 4.362329 
765 215.454837 195.540721 246.062136 159.209886 713.926494 588.162545 634.332075 634.332075 -0.000000 3.808758 3.883629 
767 509.184924 305.985184 506.437531 338.810641 282.180209 285.455110 228.933559 228.933559 -0.000000 0.090194 0.233578 
781 555.953294 122.947643 594.546748 121.480805 576.381865 131.895895 20.779236 20.779236 -0.000000 3.554445 5.762581 
786 328.398139 391.034037 321.071933 432.834956 154.275941 374.160137 175.020010 175.020010 0.000000 0.096607 0.338256 
831 223.063724 577.075082 188.069843 606.405626 -215.054471 103.926333 644.393150 644.393150 0.000000 0.823821 0.894672 
838 354.706233 453.868636 363.825714 433.474894 512.955164 506.978203 166.471060 166.471060 0.000000 3.465389 3.599530 
846 522.380496 85.697271 556.004295 76.996772 542.683287 98.872590 31.751327 20.401392 1.454251 3.717223 5.259354 
861 468.616202 706.843392 397.375218 737.849954 346.181293 517.144724 226.395476 226.395476 0.000000 0.997649 1.342871 
891 401.062319 170.639142 419.249809 231.661705 -194.724503 378.110483 630.975652 630.975652 0.000000 5.948087 6.049035 
892 379.503354 264.916328 378.271016 286.959245 176.759075 267.653192 202.158684 202.158684 0.000000 6.269687 0.095514 
898 393.668686 65.763126 434.658148 59.691978 437.158251 218.689209 158.050663 158.050663 -0.000000 4.435321 4.696666 
900 384.680698 184.089064 398.175659 228.949575 -266.481506 407.599010 688.226218 688.226218 0.000000 5.952538 6.020607 
903 260.413515 539.208468 253.570000 552.783222 236.597900 536.998296 22.764930 22.764930 0.000000 0.092538 0.749172 
914 408.812095 562.313411 414.873020 545.957123 547.610521 603.398809 144.812128 144.812128 0.000000 3.429383 3.550006 
919 294.975423 437.993259 303.458621 418.115542 625.978326 567.087791 356.177048 356.177048 -0.000000 3.513458 3.574299 
942 487.691208 131.534118 504.706352 181.025578 173.934386 283.351456 348.143246 348.143246 0.000000 5.832525 5.983168 
944 345.087225 217.977841 349.208673 234.201034 280.488855 245.210749 69.698360 69.698360 -0.000000 5.884221 6.124324 
973 202.695289 617.791705 188.123731 624.769020 190.612340 613.810735 12.184323 12.184323 -0.000000 0.318270 1.794107 
1006 278.441318 430.943405 269.746450 465.601194 166.736090 411.444722 114.590080 114.590080 0.000000 0.172814 0.484025 
1143 436.075412 125.919880 407.722100 99.232815 682.429683 -158.178259 375.908249 375.908249 -0.000000 2.285160 2.388688 
1176 392.828324 724.377291 408.045400 717.208120 407.860217 735.020530 17.465636 17.465636 0.000000 3.757697 4.722785 
1177 180.839656 123.055757 171.384915 95.866152 257.380424 78.778272 87.149100 87.149100 0.000000 2.617145 2.945441 
1180 396.766052 156.182494 407.796893 173.103076 -101.088206 509.091871 610.663493 610.663493 0.000000 5.666537 5.699642 
1181 339.924796 310.887649 337.543118 329.877087 300.381871 313.242424 40.315230 40.315230 0.000000 6.223706 0.420885 
1192 584.904013 292.005332 583.959862 248.999114 770.829332 266.164626 187.225793 187.225793 0.000000 3.003493 3.233194 
1195 287.536882 488.886814 283.160194 506.794752 177.875526 473.069317 110.320322 110.320322 -0.000000 0.143251 0.309999 
1198 129.997873 626.545866 155.997303 626.424099 144.099339 748.995628 122.558224 122.558224 -0.000000 4.597733 4.809155 
1214 728.010303 468.124879 741.969395 477.551315 733.628963 475.927384 8.784109 8.784109 -0.000000 4.088294 0.192300 
1216 221.708798 554.181838 207.985451 569.863103 202.911014 547.917166 21.853379 21.853379 -0.000000 0.321690 1.343565 
1228 511.670699 615.196211 522.955464 610.033893 518.837274 619.911683 14.478633 6.591747 1.459334 3.723558 5.107391 
1236 274.235128 754.710182 235.000385 757.509957 244.076842 601.765145 155.807201 155.807201 -0.000000 1.376110 1.629008 
1239 422.802422 148.271140 434.950642 173.988227 397.554927 177.680376 38.716183 38.716183 -0.000000 5.421791 6.184772 
1272 581.165871 528.204729 581.570460 506.250477 584.551654 517.383598 11.345846 11.345846 -0.000000 1.874033 4.450750 
1278 546.914999 307.004855 547.601402 319.022766 495.790152 315.863173 51.232120 51.232120 0.000000 6.111620 0.060907 
1284 389.203436 709.611564 352.733232 730.535015 269.477395 546.448090 201.549091 201.549091 0.000000 0.937757 1.146061 
1286 178.171463 132.903913 164.361124 98.913423 202.869062 101.981138 37.458566 37.458566 0.000000 2.244736 3.221089 
1293 545.090827 647.998009 528.284115 664.340378 509.712114 624.321488 42.250831 42.250831 -0.000000 0.589776 1.136295 
1300 246.803730 434.049681 252.475412 389.890531 435.969743 439.528410 189.801754 189.801754 -0.000000 3.170547 3.405784 
1306 184.883827 115.353895 174.751209 83.395943 240.248484 81.134119 63.701687 63.701687 0.000000 2.587985 3.107073 
1319 106.058954 11.910664 94.140716 -1.297748 128.641345 -12.073122 33.499628 33.499628 0.000000 2.326109 2.838868 
1334 225.819217 523.664442 190.404809 567.328328 -228.473396 188.572175 564.145400 564.145400 0.000000 0.635526 0.735139 
1363 315.534356 208.253056 325.112839 243.087624 128.386421 275.172138 200.335743 200.335743 0.000000 5.939780 6.121517 
1373 569.037129 184.995588 571.760045 207.909683 488.656044 207.625350 82.440120 82.440120 -0.000000 6.008758 0.003421 
1384 499.732054 629.913818 536.704720 627.320190 518.279331 630.947982 18.153003 15.965036 -0.265046 3.197293 6.088781 
1396 202.091853 259.000368 201.419857 282.055500 155.918910 269.690649 46.962412 46.962412 -0.000000 6.055667 0.265342 
1398 180.809527 294.087927 177.493468 329.959953 75.217734 303.927603 105.179438 105.179438 0.000000 6.190268 0.249239 
1399 272.356303 319.055092 267.105640 370.151280 -305.038274 275.510563 579.546476 579.546476 -0.000000 0.075273 0.163930 
1423 794.081266 393.339010 774.015733 390.872031 792.150171 292.675120 99.763183 99.763183 0.000000 1.551615 1.753413 
1428 468.592486 639.613653 416.178063 690.220150 156.176884 369.857840 411.605624 411.605624 0.000000 0.712252 0.889031 
1453 283.205120 402.428824 276.020340 425.006473 221.748503 395.831924 60.947900 60.947900 0.000000 0.106933 0.493245 
1469 365.010353 143.868675 388.627944 174.537250 214.871950 279.417782 202.470343 202.470343 0.000000 5.548810 5.740117 
1484 584.788421 310.674417 614.953716 302.502390 606.637189 343.972957 40.718673 40.718673 -0.000000 4.131704 4.910304 
1505 375.600885 240.792477 376.081990 252.024216 363.329414 244.937818 14.626129 14.626129 0.000000 5.957417 0.507196 
1542 502.008774 640.015852 518.028456 635.467732 514.168636 651.156807 16.087864 16.087864 0.000000 3.883290 4.953618 
1567 479.510491 212.073151 476.960029 195.005973 1202.599363 101.190472 731.893036 731.893036 -0.000000 2.989432 3.013019 
1568 605.868646 341.072049 609.183356 327.681084 617.822211 337.789614 12.314060 12.314060 -0.000000 2.873599 4.005224 
1570 176.354494 396.107341 167.554895 425.168023 37.405297 369.362402 141.008613 141.008613 0.000000 0.190154 0.405068 
1585 189.894342 705.066982 207.738771 718.143548 188.729476 724.819193 20.553773 20.553773 -0.000000 4.771295 5.945462 
1599 513.990451 566.770222 474.094546 618.073523 103.191855 288.156506 495.618392 495.618392 -0.000000 0.595962 0.726982 
1619 203.072350 255.984885 202.850993 294.103404 121.888590 269.558156 83.371917 83.371917 -0.000000 6.117526 0.294361 
1620 749.014563 395.130748 730.037263 389.901668 746.704889 377.112766 18.464251 18.464251 -0.000000 1.443304 2.487118 
1630 16.827907 643.270824 88.510982 699.522426 -114.888057 881.263993 271.873118 271.873118 -0.000000 5.217873 5.553961 
1638 150.540928 373.995096 160.591723 337.343356 210.241978 374.093310 60.504240 60.504240 0.000000 3.143238 3.778777 
1640 671.676337 505.437015 658.650833 497.528449 1003.204607 -12.337610 615.738218 615.738218 -0.000000 2.140318 2.165077 
1688 135.107925 25.915530 133.472070 8.912015 152.131861 18.478274 20.761199 20.761199 0.000000 2.729711 3.615322 
1689 185.796492 103.768519 180.816906 86.634462 287.450389 63.765907 108.976396 108.976396 0.000000 2.766687 2.930333 
1713 606.080023 167.807888 616.276119 225.128762 276.633910 245.226106 338.503539 338.503539 0.000000 6.052378 6.224082 
1749 782.914787 399.428209 762.194443 392.649478 780.958901 369.542756 29.320458 29.320458 -0.000000 1.505443 2.252859 
1754 429.789183 62.875261 454.064419 79.908191 144.284481 480.446874 505.941435 505.941435 -0.000000 5.312109 5.370704 
1768 234.597945 436.538902 226.104960 462.363392 151.419140 422.973072 83.845567 83.845567 -0.000000 0.161669 0.485337 
1778 231.561031 123.273529 218.823170 98.078731 282.607646 81.817569 65.277278 65.277278 0.000000 2.459505 2.891971 
1784 259.013678 308.001550 253.343320 358.038906 -62.971793 297.130911 321.482679 321.482679 0.000000 0.033748 0.190227 
1787 250.280155 460.446730 239.867594 475.930037 197.876756 432.240093 59.304520 59.304520 0.000000 0.493785 0.805226 
1793 261.940449 307.997456 258.260687 356.157956 -127.018732 301.096800 389.131030 389.131030 -0.000000 0.017739 0.141951 
1794 692.304606 360.118802 674.388868 348.983235 732.503108 272.007992 96.262891 96.262891 -0.000000 1.998816 2.217473 
1796 214.865930 462.955809 230.704682 414.902660 535.267237 544.221198 329.939434 329.939434 -0.000000 3.389991 3.543128 
1801 453.281349 707.581644 477.883867 700.677469 479.032272 736.848668 38.044980 38.044980 0.000000 3.990812 4.680650 
1809 738.489627 293.603429 703.293653 263.835136 1065.142822 -131.368194 535.545695 535.545695 0.000000 2.226125 2.312165 
1821 614.977825 303.830189 635.580880 313.673323 614.642460 329.615288 25.487723 25.487723 0.000000 4.725394 5.632445 
1826 391.628265 692.859721 344.790135 719.939770 238.407207 473.788461 267.576474 267.576474 0.000000 0.960465 1.162856 
1843 559.149168 496.077597 531.896564 548.466392 -132.148310 163.854257 766.720278 766.720278 0.000000 0.447991 0.524982 
1894 280.911611 237.859541 284.639662 262.055520 184.364378 266.708870 100.228032 100.228032 -0.000000 5.992820 6.236813 
1899 688.712514 362.828759 675.069685 354.529267 713.601813 300.185485 66.620144 66.620144 0.000000 1.948988 2.187566 
1916 665.136455 243.285875 651.918419 203.358056 906.237313 140.135542 261.504732 261.504732 0.000000 2.737327 2.897936 
1919 257.303280 422.941904 253.850301 447.831432 204.446073 428.369495 52.501282 52.501282 0.000000 6.180860 0.375265 
1933 41.181851 496.737914 19.560936 466.814083 92.036110 433.419422 80.595990 80.595990 0.000000 2.247455 2.709815 
1936 168.043593 547.067067 135.618079 565.319225 64.691005 402.870999 177.356567 177.356567 0.000000 0.948917 1.159130 
1951 234.211888 96.024707 240.848749 69.916035 272.045321 90.330599 37.435082 37.435082 -0.000000 2.992209 3.721044 
1959 186.157563 464.057405 164.494810 495.515831 106.526291 430.983725 86.610966 86.610966 -0.000000 0.393656 0.838927 
1968 754.874527 352.454442 727.590936 340.968135 753.456729 317.774434 33.573914 33.573914 -0.000000 1.529937 2.410607 
1973 46.330318 502.520268 12.855694 469.093586 118.896203 398.921690 127.029984 127.029984 0.000000 2.181826 2.557004 
1976 64.090631 672.890623 96.108824 702.917905 -358.849614 1146.934974 635.887551 635.887551 -0.000000 5.440875 5.509957 
1986 520.060307 574.624163 481.570535 623.449759 274.732908 415.959854 291.472487 291.472487 0.000000 0.574084 0.786972 
1993 288.288076 247.975067 290.465855 317.017684 -154.505221 292.754749 445.174788 445.174788 0.000000 6.182398 0.054473 
2005 239.585009 257.985908 241.078804 319.998102 -211.819955 300.081035 452.629321 452.629321 0.000000 6.190201 0.043949 
2010 659.073056 487.241073 673.675076 494.832767 639.778036 552.728823 66.144288 66.144288 0.000000 4.998917 5.242064 
2016 212.757219 146.137862 198.279233 112.904445 298.204512 90.718653 101.882996 101.882996 0.000000 2.566218 2.923113 
2021 734.411847 284.544319 705.569436 258.476390 815.378818 165.702391 143.004131 143.004131 0.000000 2.168861 2.440088 
2080 719.533366 310.391052 689.810861 284.357648 787.734599 200.491470 128.176740 128.176740 -0.000000 2.126209 2.433370 
2109 762.680076 229.303719 738.820182 204.170709 830.916169 138.553266 112.399097 112.399097 0.000000 2.215518 2.522533 
2112 319.126202 279.989236 319.298374 313.998489 217.500974 299.691423 102.325384 102.325384 0.000000 6.091690 0.139630 
2196 551.816571 560.007839 560.641336 559.480039 554.552469 560.500474 5.289626 5.289626 -0.000000 3.319747 6.117138 
2217 616.196026 82.173918 580.035428 88.212163 561.667799 -128.079095 216.621748 216.621748 -0.000000 1.317041 1.486079 
2224 631.429101 327.945220 617.920977 319.786504 659.828694 259.038239 74.347898 74.347898 -0.000000 1.961728 2.174684 
2251 274.058609 83.651038 247.955172 79.266909 286.450786 -73.347124 157.203640 157.203640 0.000000 1.649565 1.817884 
2258 122.184600 507.150742 138.828312 489.900585 170.438862 538.015380 56.341215 56.341215 -0.000000 3.710640 4.131121 
2307 505.851823 563.385792 469.181770 612.387686 52.146292 261.570870 544.325572 544.325572 -0.000000 0.587002 0.699372 
2316 214.029357 309.997600 209.027218 362.004325 46.556364 318.988771 167.849230 167.849230 0.000000 6.229550 0.258820 
2331 469.104316 271.992711 469.154659 251.992838 542.366795 264.384144 74.196485 74.196485 -0.000000 3.038110 3.309256 
2347 163.900426 127.057303 170.397343 138.346818 143.823311 145.106895 26.771878 26.771878 -0.000000 5.550916 6.034082 
2350 738.009731 324.035054 723.730451 316.381768 736.000411 315.270224 9.681525 9.681525 -0.000000 1.345442 3.051249 
2380 314.183520 759.828922 287.034616 763.832753 295.724073 715.322660 47.883081 47.883081 -0.000000 1.177630 1.748043 
2390 285.579826 222.882406 293.000000 274.000000 112.539634 277.308072 180.688961 180.688961 0.000000 5.978456 6.264856 
2396 689.990240 422.093423 675.132666 418.461767 692.238143 377.322569 45.051892 45.051892 -0.000000 1.620963 1.964845 
2425 257.229684 233.848714 261.788402 270.903004 133.899062 270.322525 127.342787 127.342787 -0.000000 5.995641 0.004539 
2444 190.756405 280.986611 184.802080 340.966045 -340.026452 259.488160 531.296560 531.296560 0.000000 0.040481 0.154017 
2463 203.676242 328.952847 199.412836 354.081483 127.926167 328.191951 75.384318 75.384318 -0.000000 0.010044 0.347465 
2519 770.980679 548.248752 748.958194 546.538237 763.342182 504.164636 43.932574 43.932574 -0.000000 1.399229 1.898047 
2532 631.439414 353.895234 632.249084 373.103460 616.654349 364.404069 17.664614 17.664614 -0.000000 5.665265 0.508844 
2548 271.933951 244.001181 272.506134 276.008829 141.670946 262.965413 130.999971 130.999971 -0.000000 6.138617 0.099365 
2593 655.348928 295.899647 657.148818 315.481870 633.320734 311.240134 25.800199 25.800199 0.000000 5.674878 0.176169 
2649 657.615609 38.029716 678.355394 35.189825 668.520132 39.114670 10.840056 10.840056 -0.000000 3.240762 5.903491 
2653 26.010846 317.570909 6.272718 311.961775 19.364939 301.737505 16.457284 16.457284 -0.000000 1.173390 2.478581 
2681 41.104807 367.000724 45.939697 357.867160 48.941945 364.628862 8.057781 8.057781 -0.000000 2.847712 4.294529 
2685 408.279197 464.057840 401.300556 486.212507 363.534987 462.017613 44.434896 44.434896 0.000000 0.045566 0.569781 
2707 101.269414 623.254834 107.720233 641.748777 -51.714773 692.560647 167.726402 167.726402 0.000000 5.857818 5.974662 
2733 466.816671 149.208374 471.809996 159.340820 464.076512 156.272193 7.573128 7.573128 -0.000000 5.082434 0.377743 
2738 243.682194 269.953873 245.104775 290.992916 169.290631 287.023778 75.595297 75.595297 0.000000 6.057630 0.052306 
2811 703.101740 258.805042 693.403447 251.771568 702.697482 247.671630 10.286712 10.286712 0.000000 1.534502 2.726134 
2847 59.078826 262.783475 95.008826 280.987797 28.184926 368.233668 109.870063 109.870063 -0.000000 4.997385 5.366005 
2858 237.502658 290.152570 239.000000 309.000000 122.691069 308.006754 116.235377 116.235377 0.000000 6.128912 0.008540 
2868 639.355712 34.314811 627.697849 38.572826 632.102241 34.107541 6.520341 6.520341 -0.000000 0.028568 2.349329 
2879 31.664544 747.640923 41.951095 752.090321 31.783517 761.710247 13.732924 13.732924 0.000000 4.703933 5.525457 
2914 622.139329 47.648145 611.202012 48.471935 615.146381 40.430426 9.312610 9.312610 -0.000000 0.801214 2.026816 
2995 68.030990 121.921882 41.930269 110.121234 107.620060 -4.490410 132.260960 132.260960 -0.000000 1.874295 2.091240 
3000 129.075447 66.259716 124.543925 50.128116 159.085935 48.932656 33.906254 33.906254 -0.000000 2.617981 3.106998 
