2 222.166822 592.760294 257.110833 455.302537 155.277151 502.928482 112.727803 111.901097 0.664698 0.930754 5.845723 
4 101.005401 587.992599 229.107884 452.909296 145.721841 502.321811 96.035781 96.035781 -0.000000 2.051855 5.748243 
6 79.466733 213.700249 269.196500 190.813834 180.313527 256.437881 109.805903 109.805903 -0.000000 3.542436 5.647202 
12 688.546326 439.492024 719.867337 483.531327 621.966916 520.324773 104.034425 104.034425 0.000000 5.401396 5.923691 
13 213.478244 555.442890 141.034262 589.616671 146.016861 506.831868 82.818865 82.818865 -0.000000 0.624402 1.630911 
14 287.082428 414.615536 241.698787 398.611882 320.602348 253.305526 165.235655 165.235655 0.000000 1.775679 2.068261 
16 307.689619 59.644433 485.359606 139.539703 374.875946 149.404694 111.799141 111.799141 -0.000000 4.069843 6.194132 
31 209.731790 542.709146 147.138307 577.663331 174.950920 553.355107 38.751906 15.068180 -0.513125 5.986154 2.423329 
42 413.078490 296.460571 380.987964 301.929372 366.098805 127.574642 174.748518 174.748518 -0.000000 1.299482 1.485607 
43 413.016471 308.713159 366.018446 309.798649 386.648582 104.421494 205.341453 205.341453 0.000000 1.442436 1.670911 
46 187.021726 366.356089 105.579500 338.567272 178.064307 259.480728 107.003173 107.003173 -0.000000 1.487180 2.312667 
47 237.988367 291.143690 190.972686 287.337378 265.513036 -324.748426 616.317321 616.317321 -0.000000 1.615457 1.691980 
50 720.421780 485.885501 505.194258 541.674557 615.130812 522.616880 111.970287 111.371913 1.242345 5.947530 2.969947 
57 390.116701 454.794944 432.981715 497.245180 331.849705 552.473172 114.180352 114.180352 -0.000000 5.250246 5.783343 
62 215.860306 555.786126 141.988390 591.830471 146.651517 509.218779 82.578555 82.578555 -0.000000 0.592273 1.627183 
64 209.109987 538.070385 93.816972 447.860324 146.936518 499.107740 75.474094 73.089817 -1.394330 0.559804 3.909055 
73 538.365856 670.819970 313.385578 669.906651 426.071179 660.354436 111.437969 104.230289 -0.052274 0.092929 3.057026 
77 218.473254 533.932551 216.157167 552.020125 133.108968 536.991192 84.301280 84.301280 -0.000000 6.247370 0.179029 
83 467.671613 335.178109 669.711141 274.662801 559.904853 276.444224 109.996012 109.210108 0.892613 2.574555 6.266963 
94 241.009406 304.127644 189.991684 307.887150 175.173977 -140.322989 448.404526 448.404526 0.000000 1.423738 1.537749 
96 211.872310 486.943420 86.452519 469.830367 146.614038 499.031133 69.006005 66.058182 -1.565736 6.100032 3.593470 
97 252.886301 170.104673 271.109446 189.899243 161.805389 274.513742 137.919469 137.919469 0.000000 5.429714 5.624425 
119 237.941629 272.152906 199.237503 257.377847 381.950581 -112.429706 411.318715 411.318715 0.000000 1.929089 2.029694 
121 113.912464 569.135594 71.537721 494.029548 174.094464 492.143092 103.705654 87.280474 -0.312939 2.234254 3.123200 
122 208.171082 509.502644 123.775026 560.135642 152.336480 504.630157 62.444947 52.611921 -0.925706 0.087046 2.046032 
124 283.519389 376.104799 276.653602 410.131880 123.496975 358.829195 160.551806 160.551806 0.000000 0.107541 0.323222 
129 698.854432 209.875404 798.035061 171.545920 784.491687 285.482580 114.632149 114.632149 0.000000 3.864867 4.830701 
131 626.955316 363.468596 646.306785 409.621827 526.138041 434.825261 122.884024 122.884024 0.000000 5.667256 6.076448 
151 144.042141 523.789052 144.894614 524.667728 145.835702 501.023759 22.964743 22.129253 1.205741 1.649419 1.610578 
158 151.989382 540.100723 119.738202 471.689133 148.075251 499.722827 40.095739 40.095739 -0.000000 1.474161 3.921609 
159 239.850473 209.137295 264.384301 237.691899 98.463536 355.136254 203.050032 203.050032 0.000000 5.481740 5.667221 
162 153.041891 534.190446 153.925324 533.837957 146.366807 500.686327 33.667898 33.667898 -0.000000 1.374140 1.346630 
164 407.298649 268.655858 364.053227 287.138226 313.536672 127.697657 167.678886 167.678886 -0.000000 0.983827 1.263966 
175 447.885906 539.371566 538.099257 670.011314 425.222930 651.059731 114.052559 114.052559 -0.000000 4.912584 0.166345 
177 328.395800 194.040298 323.920900 237.991946 -33.888210 177.080114 362.340780 362.340780 -0.000000 0.046780 0.168619 
190 406.432493 262.871231 363.570243 284.148720 321.951552 148.691599 140.597225 140.597225 -0.000000 0.933794 1.272705 
193 225.921484 384.927362 247.071287 362.065949 652.876506 775.015875 578.484172 578.484172 -0.000000 3.881900 3.935717 
196 215.348137 230.470591 246.171168 250.739706 53.574755 495.986704 310.942231 310.942231 -0.000000 5.259603 5.378112 
201 302.537938 413.030456 299.436085 365.971256 771.757940 361.401009 471.809437 471.809437 0.000000 3.032001 3.131917 
202 175.106276 514.070800 175.554845 513.144811 146.768970 500.807148 31.446183 30.620387 0.941532 0.437773 0.404917 
205 412.024244 287.097929 367.057064 298.230497 185.051020 -465.256447 785.199245 785.199245 0.000000 1.277795 1.336776 
206 229.008387 303.216099 196.979010 304.459157 198.641391 -138.088472 442.237732 442.237732 -0.000000 1.502093 1.574553 
207 384.919073 375.113779 352.806013 352.272733 585.743382 70.884425 364.579404 364.579404 -0.000000 2.154245 2.262269 
209 301.969182 366.003574 305.569651 397.049908 -322.453527 462.659524 631.470086 631.470086 -0.000000 6.129612 6.179093 
212 236.701914 210.333340 271.110442 248.911895 76.647256 392.060222 241.424459 241.424459 0.000000 5.434462 5.648626 
219 417.673455 310.497778 456.684172 344.353012 370.890658 402.462306 102.744739 102.744739 0.000000 5.182976 5.687846 
221 132.855488 498.934956 133.432637 499.969800 146.803416 500.831593 13.870964 13.155390 0.839252 3.276744 3.205957 
223 368.384963 212.208673 348.341542 249.185136 47.842846 47.904885 360.505843 360.505843 0.000000 0.473662 0.590183 
227 153.048865 525.228556 154.566392 525.320456 145.873156 501.111759 25.369350 24.586402 1.240548 1.281598 1.226042 
231 234.923789 211.071075 270.657478 249.386829 95.061978 374.668530 214.377423 214.377423 0.000000 5.419729 5.663478 
234 112.863252 486.905767 182.104616 509.000260 146.788827 500.329084 35.686370 35.686370 -0.000000 3.518360 0.240770 
235 155.961237 463.094242 181.048007 483.967768 145.135797 501.562710 39.696800 39.696800 0.000000 4.986705 5.827615 
237 253.703002 246.309193 239.688999 233.293127 299.310029 183.240258 77.856694 77.856694 0.000000 2.196878 2.443216 
242 176.116355 507.667800 170.071746 483.926588 146.812734 500.865476 29.448124 28.508565 0.891090 0.228093 5.653736 
243 113.599419 461.183264 113.657806 461.752876 146.386227 500.594240 51.495670 50.381808 0.119696 4.018485 4.012196 
245 411.121161 282.460390 367.017666 294.067129 219.436101 -261.716503 575.839886 575.839886 0.000000 1.232121 1.311248 
246 204.488336 358.166606 238.990232 336.984089 465.880616 740.814314 462.991532 462.991532 0.000000 4.113086 4.200496 
251 401.348453 251.493406 372.103588 272.146680 318.524758 163.698890 119.997977 119.997977 -0.000000 0.814524 1.111919 
253 213.781828 371.757394 232.185982 355.206811 319.334610 472.394878 145.581253 145.581253 0.000000 3.903157 4.072955 
257 280.404461 374.106707 271.250884 408.802365 -88.960231 293.877092 377.687832 377.687832 -0.000000 0.213887 0.308841 
258 189.092073 525.064576 98.164254 489.899777 150.396469 493.641465 56.853662 50.852093 -0.958286 0.682051 3.213106 
259 259.073781 198.960757 283.022997 243.987768 49.764865 347.367606 255.066959 255.066959 0.000000 5.666423 5.866001 
261 401.695619 253.574910 384.116277 266.162390 328.667739 173.449216 107.864376 107.864376 -0.000000 0.831709 1.031801 
267 137.630939 507.139026 137.965132 508.059022 146.833568 500.849437 11.825439 11.030511 0.859342 2.542057 2.459006 
272 119.827862 470.666448 136.920262 461.845492 152.084702 511.176372 51.174486 51.174486 0.000000 4.039927 4.414155 
278 244.798075 366.821433 227.412862 386.480780 -61.585750 98.607172 407.485290 407.485290 -0.000000 0.719067 0.783448 
279 173.205524 487.799340 176.363698 506.773012 142.232657 503.128761 33.690205 33.690205 0.000000 5.823601 0.106369 
280 303.105761 190.891857 306.727963 227.928805 -63.617011 253.159015 371.305576 371.305576 0.000000 6.114996 6.215164 
282 385.237131 228.210690 353.244981 264.217666 155.700586 57.053896 285.602874 285.602874 -0.000000 0.640719 0.809162 
288 105.404450 509.019084 106.513679 510.753793 146.365422 500.666241 41.863441 40.456590 0.915848 2.940429 2.893673 
292 137.010551 461.701158 155.058665 462.338351 144.521324 504.460500 42.941121 42.941121 0.000000 4.538511 4.957520 
294 648.981466 419.037833 718.279159 486.334741 621.762429 517.509871 100.714544 100.714544 0.000000 4.982069 5.970761 
295 183.531078 487.882546 155.552268 539.174226 144.353679 501.913816 40.860163 37.961647 0.132276 5.939271 1.278836 
297 376.042128 231.034886 355.218681 256.181089 139.962283 55.881283 293.686176 293.686176 -0.000000 0.638313 0.749422 
299 181.771183 508.294312 122.851146 527.154722 146.564845 500.536949 35.853605 35.853605 -0.000000 0.216875 2.298559 
302 798.027330 388.335140 767.996332 388.686615 782.299234 262.920283 125.937920 125.937920 -0.000000 1.446039 1.684036 
303 248.185449 203.866487 266.184512 228.867162 125.910119 315.416734 164.751494 164.751494 0.000000 5.543623 5.730358 
304 340.733388 197.176379 332.111412 233.026794 -387.924637 30.452432 747.581694 747.581694 -0.000000 0.224937 0.274250 
314 373.197568 387.809815 340.319366 353.655198 526.722758 208.256706 235.537000 235.537000 -0.000000 2.278209 2.479154 
315 98.217376 488.675323 194.257423 514.030236 145.720585 501.220740 49.659879 48.466162 -0.155033 3.399794 0.258030 
327 386.995290 229.995675 359.242189 260.222370 136.103143 24.673335 323.884516 323.884516 0.000000 0.685842 0.812447 
341 767.884807 388.445122 688.096237 334.671521 781.879884 280.990386 107.747697 107.747697 -0.000000 1.700309 2.621720 
342 281.790273 85.945187 301.452860 63.394868 397.897155 163.638641 138.962811 138.962811 0.000000 3.731316 3.946306 
345 319.742616 232.042907 321.998444 192.999910 738.136475 237.391477 418.175719 418.175719 0.000000 3.154376 3.247866 
353 207.721363 363.600275 230.033054 348.047418 293.514717 466.306260 133.689325 133.689325 0.000000 4.016474 4.219734 
360 364.956756 209.977486 342.848625 252.441818 -233.521568 -102.081715 675.545903 675.545903 0.000000 0.480637 0.551446 
373 86.811484 469.889639 146.963387 432.819069 141.934341 496.324009 61.420349 61.420349 0.000000 3.588750 4.791415 
375 172.767272 446.432565 207.429425 486.861570 154.557265 497.329679 53.599450 53.599450 0.000000 5.055979 6.087724 
382 383.138982 227.111990 351.298515 263.292452 200.108041 96.014429 225.012361 225.012361 -0.000000 0.621555 0.835871 
385 375.683943 218.458006 356.393975 247.263827 153.904594 75.897738 263.924306 263.924306 0.000000 0.571299 0.702340 
386 382.232482 225.179273 351.339321 261.328575 249.205599 140.973494 157.075933 157.075933 -0.000000 0.564330 0.867114 
413 180.956853 435.083322 220.229423 512.008584 161.948145 496.896851 65.436113 58.943954 1.432260 5.010728 0.253703 
414 22.890239 737.376061 -0.061379 735.150223 15.807968 547.132471 188.544703 188.544703 -0.000000 1.533586 1.655000 
423 370.078460 389.928615 339.114441 355.895878 629.771703 118.717686 374.924692 374.924692 0.000000 2.334503 2.457168 
439 647.472616 420.003239 643.220391 457.162297 512.110164 426.796647 135.460194 135.460194 -0.000000 6.233041 0.227591 
440 152.144730 432.584765 212.197353 486.317485 169.199711 472.364168 48.132258 29.953860 0.683008 4.307356 0.313792 
441 457.404660 347.508330 565.143630 322.191124 534.210168 434.793248 116.617188 116.617188 0.000000 3.990768 4.980490 
442 -0.076154 690.270815 36.925209 694.565519 -24.996510 956.939635 268.448206 268.448206 -0.000000 4.805569 4.944154 
444 228.991048 218.009297 258.273652 246.729053 -13.007733 496.849296 368.855871 368.855871 -0.000000 5.427170 5.538350 
447 304.911833 442.191147 365.093797 444.539135 329.739611 592.220542 151.984631 151.984631 -0.000000 4.548389 4.947362 
448 263.605175 134.893740 271.490723 105.593805 378.991395 150.630395 115.900657 115.900657 0.000000 3.277139 3.538321 
453 147.031077 439.860536 172.122201 445.451596 132.902322 557.576954 118.167375 118.167375 -0.000000 4.831841 5.048873 
464 84.534610 456.658374 138.688306 424.904701 141.756768 496.924370 70.418274 70.418274 0.000000 3.754783 4.669809 
476 167.824417 398.658680 152.433635 394.694388 161.307777 392.532952 8.611699 8.611699 -0.000000 0.754487 2.902679 
482 419.001427 313.997952 454.534159 346.386876 377.290739 395.121630 90.777289 90.777289 0.000000 5.187302 5.720337 
487 565.252676 322.364512 622.871306 361.131824 538.137958 423.000988 103.827094 103.827094 0.000000 4.975572 5.652501 
492 658.248735 322.125960 626.759042 361.721676 579.205995 290.304962 85.052742 85.052742 -0.000000 0.382728 0.983357 
495 695.993186 209.888413 652.989568 210.899964 671.955743 -467.109247 677.213941 677.213941 0.000000 1.535305 1.598762 
504 19.075924 726.779446 7.423976 722.768373 45.884600 636.097927 94.692157 94.692157 -0.000000 1.858244 1.988447 
511 263.900360 460.032179 253.149737 414.982487 376.151637 406.860525 123.385050 123.385050 -0.000000 2.699218 3.075657 
518 395.153457 240.184016 368.997138 261.996568 295.732073 144.940594 137.281393 137.281393 0.000000 0.763939 1.011552 
520 229.223526 452.913213 240.917598 483.031994 149.924021 502.235044 92.302925 92.302925 -0.000000 5.726769 6.075200 
527 609.357340 514.224146 589.754310 528.624814 536.933309 438.353064 104.678502 104.678502 -0.000000 0.808639 1.041380 
529 673.403955 306.025755 698.350545 210.481924 788.487968 282.065630 116.308802 116.308802 0.000000 2.936328 3.812764 
534 -0.248293 660.458902 24.939538 652.673425 30.051941 718.717396 65.911766 65.911766 0.000000 4.232791 4.635134 
542 194.000902 56.980515 261.998922 63.008383 185.363033 481.919647 425.294279 425.294279 0.000000 4.732713 4.893329 
544 164.609688 394.365524 154.885663 394.092666 160.840040 395.474863 4.722241 3.290868 0.162493 5.996983 3.369684 
545 -0.231290 732.012832 18.974748 734.219759 -12.140373 970.285705 238.088356 238.088356 0.000000 4.762328 4.843440 
593 453.845693 543.968022 432.067472 612.080362 75.135853 473.689056 384.816107 384.816107 -0.000000 0.183487 0.369880 
594 -0.352803 618.223273 19.977565 610.879906 27.216252 661.000355 50.565577 50.565577 -0.000000 4.139903 4.568955 
613 490.953945 640.425231 534.991714 636.896595 543.021310 969.979127 332.903861 332.903861 -0.000000 4.555691 4.688287 
619 389.287105 727.687228 377.890459 751.938228 221.510295 661.773284 180.197376 180.197376 0.000000 0.374342 0.523017 
665 204.999698 405.965050 188.009609 406.111887 196.310456 377.848960 28.624514 28.624514 -0.000000 1.271059 1.856464 
675 206.994772 408.364839 187.984346 408.092438 196.686174 375.557382 33.131109 33.131109 -0.000000 1.266350 1.832139 
677 471.011845 668.974206 527.945749 695.118142 186.313750 1318.648276 709.788679 709.788679 0.000000 5.125401 5.213618 
686 625.035787 46.301167 597.074128 49.623819 587.938414 -128.595815 178.270174 178.270174 0.000000 1.361784 1.519580 
698 308.002805 417.664408 284.025726 416.713411 298.672866 285.580165 132.150379 132.150379 -0.000000 1.500277 1.682032 
733 488.091756 665.687007 526.053964 676.815921 414.983047 941.779485 286.115268 286.115268 -0.000000 4.971246 5.109331 
743 483.051162 677.903427 525.774932 700.537232 355.052229 948.613712 299.673747 299.673747 -0.000000 5.154062 5.315142 
757 398.072732 703.041388 385.250724 725.573623 65.648990 509.601026 385.079891 385.079891 -0.000000 0.527011 0.594268 
783 341.051767 722.061835 371.582928 696.501812 778.763035 1213.950701 658.271917 658.271917 0.000000 3.985206 4.045688 
787 413.085489 697.025776 395.111369 758.035836 -233.899107 525.742136 669.228873 669.228873 0.000000 0.258804 0.353764 
792 598.002986 425.068718 645.001151 423.026487 643.042007 789.540429 366.310995 366.310995 0.000000 4.589439 4.717734 
805 480.065380 660.709744 534.244693 672.913687 354.196766 1301.148600 652.793378 652.793378 -0.000000 4.906451 4.991501 
806 473.895722 667.259745 529.729098 689.674786 204.387466 1371.007051 754.001559 754.001559 0.000000 5.078121 5.157882 
809 634.865389 385.695491 593.074858 404.169340 469.321383 80.463011 346.425022 346.425022 0.000000 1.073842 1.205640 
825 472.940631 679.088179 520.105566 710.843205 311.925116 956.690710 320.756138 320.756138 -0.000000 5.237989 5.415015 
853 472.061579 663.812957 531.242772 684.315387 303.762803 1180.594564 544.401797 544.401797 -0.000000 5.027224 5.142182 
854 471.897838 675.171566 508.584990 697.017597 240.064202 1076.217120 463.691744 463.691744 -0.000000 5.236530 5.328547 
859 468.851600 683.177833 504.831177 713.202307 109.397493 1139.057270 580.579250 580.579250 -0.000000 5.380069 5.460763 
872 200.023156 414.070343 208.758155 419.026502 203.270300 418.646772 5.686856 5.686856 -0.000000 4.095291 0.069085 
880 632.625013 380.262941 578.816210 407.638749 302.173264 -191.851944 660.064672 660.064672 -0.000000 1.047013 1.138451 
887 616.192564 370.260093 590.957820 388.943028 472.913122 211.754883 212.915237 212.915237 -0.000000 0.835808 0.983109 
899 471.947013 421.324743 423.105182 413.355373 509.102360 31.757356 390.764432 390.764432 0.000000 1.665885 1.792454 
909 637.669273 391.113788 589.968410 408.915351 447.929475 -31.848029 462.918807 462.918807 0.000000 1.149109 1.259048 
910 196.696446 417.470310 206.872272 424.851573 204.033991 417.665691 7.504558 6.754104 0.637172 3.168214 1.194625 
913 480.678133 688.424166 515.890599 715.144172 94.511713 1206.349643 646.413440 646.413440 -0.000000 5.353070 5.421421 
920 618.674730 360.801689 573.853606 397.817542 352.174134 92.114003 377.448907 377.448907 -0.000000 0.789485 0.943393 
932 643.818071 413.870432 588.027899 422.207720 519.059575 -236.761769 662.133535 662.133535 -0.000000 1.381346 1.466515 
939 629.582035 375.271450 581.099696 403.171443 423.515594 76.801301 361.811428 361.811428 0.000000 0.966536 1.120972 
940 639.577719 396.654113 587.043049 413.137204 431.772886 -170.037428 603.164843 603.164843 0.000000 1.219324 1.310583 
946 472.884161 740.057880 450.896193 696.051868 910.196931 477.493462 508.959838 508.959838 -0.000000 2.600876 2.697451 
953 466.593203 611.562589 506.095667 576.112111 712.711963 844.964798 338.735491 338.735491 0.000000 3.900478 4.057146 
959 652.968918 56.691156 717.982887 54.022243 705.611666 574.755335 520.690204 520.690204 -0.000000 4.611122 4.736142 
970 606.821814 347.843778 571.347937 388.305049 30.050632 -106.756596 733.618133 733.618133 -0.000000 0.667493 0.740814 
980 603.425224 367.364478 572.941077 394.934850 263.065060 21.029460 485.307983 485.307983 -0.000000 0.794099 0.878766 
981 626.616265 370.362178 575.998935 402.998392 210.404958 -221.581605 723.081226 723.081226 -0.000000 0.957975 1.041223 
984 447.323079 561.004083 447.550848 542.981685 519.264771 548.928548 72.017094 72.017094 -0.000000 2.975291 3.224328 
993 480.962376 411.095244 430.200006 390.541795 558.637338 142.953152 278.342044 278.342044 0.000000 1.852757 2.049333 
1001 594.032317 443.850181 633.153419 452.288751 487.534979 1012.890539 578.838762 578.838762 0.000000 4.897401 4.966526 
1016 435.501229 761.035664 431.781625 709.015615 939.997308 693.850225 508.253530 508.253530 0.000000 3.009198 3.111761 
1021 483.906649 420.431269 424.159956 407.325857 531.679262 43.174869 379.337550 379.337550 0.000000 1.696758 1.857899 
1022 596.060585 437.479445 643.121428 442.956683 540.367561 1040.512003 605.686657 605.686657 0.000000 4.804483 4.882681 
1026 675.257898 524.184076 690.176779 508.207966 700.999205 532.131102 25.815594 25.815594 0.000000 3.441036 4.287555 
1044 489.052783 398.930058 444.670693 365.436361 643.507845 153.524857 289.420233 289.420233 0.000000 2.132545 2.324375 
1050 471.102138 688.890561 509.368970 724.604658 209.083867 1003.208021 408.911550 408.911550 -0.000000 5.407291 5.535224 
1053 483.959648 409.088860 434.225205 386.504072 595.334639 107.388282 321.212708 321.212708 0.000000 1.924435 2.094293 
1054 478.913632 413.261382 437.175206 399.469763 540.378907 169.426212 251.231220 251.231220 0.000000 1.817729 1.992508 
1070 442.276809 477.532247 500.111648 448.230917 646.316258 793.480692 374.842018 374.842018 -0.000000 4.138972 4.311811 
1082 489.014573 390.984595 460.259790 363.782460 665.401004 182.328565 273.033568 273.033568 -0.000000 2.272582 2.417390 
1083 479.983404 400.027807 437.715708 374.800834 598.293311 160.362165 266.877745 266.877745 0.000000 2.029348 2.213547 
1084 478.906544 403.182175 434.761665 379.669637 552.308381 216.474744 200.101629 200.101629 0.000000 1.945373 2.195007 
1085 477.982979 428.313475 430.958723 425.760208 487.315089 -215.828679 643.859992 643.859992 -0.000000 1.585283 1.658410 
1086 430.921986 470.803639 480.968330 450.920287 549.968707 686.557357 245.022270 245.022270 -0.000000 4.208187 4.427528 
1090 185.000344 593.997391 175.522433 597.990557 182.915885 600.964816 7.815359 7.199643 -0.787809 5.003086 3.524065 
1095 584.961064 454.088661 634.506432 475.846806 479.606938 744.822937 309.013771 309.013771 -0.000000 5.060043 5.234889 
1101 512.280057 374.900174 499.428949 338.847101 1135.406674 141.411152 665.484291 665.484291 -0.000000 2.783080 2.840581 
1109 596.133232 449.554648 638.252737 462.155181 531.965722 734.225534 291.445425 291.445425 -0.000000 4.934093 5.084818 
1110 577.936683 457.112244 629.035327 485.937375 326.563842 941.862289 546.077284 546.077284 0.000000 5.190775 5.298143 
1117 545.268935 369.828470 556.465298 322.109173 1232.191028 503.049250 699.371914 699.371914 0.000000 3.333153 3.403226 
1118 491.175433 396.789682 450.765380 363.082421 839.939231 -53.504359 569.429649 569.429649 0.000000 2.229809 2.322186 
1122 427.188237 459.692123 485.923279 443.717906 565.827927 835.036455 399.005243 399.005243 -0.000000 4.358566 4.510965 
1135 487.067449 400.899081 441.411143 370.384836 681.516566 68.051209 385.151869 385.151869 -0.000000 2.099516 2.241975 
1146 588.041164 448.869933 632.971622 463.089667 523.151577 724.700215 282.896257 282.896257 -0.000000 4.943440 5.109834 
1158 547.489838 367.869526 559.943809 322.982348 692.682583 388.214574 146.385418 146.385418 0.000000 3.280811 3.598363 
1161 424.928798 448.574688 482.976037 438.856860 578.497415 1157.906671 725.209414 725.209414 0.000000 4.499182 4.580318 
1163 425.812765 454.143034 477.945961 442.752667 585.105240 1024.143225 591.126224 591.126224 0.000000 4.439881 4.530119 
1165 654.996945 538.997843 670.325046 524.144050 686.530193 556.463957 35.791795 35.791795 0.000000 3.647421 4.247623 
1168 459.036414 607.028646 492.929166 563.944277 780.407223 829.224438 390.330802 390.330802 0.000000 3.746523 3.886854 
1175 518.253641 371.934826 506.820494 323.268671 1119.554690 204.525985 623.942627 623.942627 0.000000 2.870058 2.950174 
1178 594.517338 523.332457 566.821223 483.123142 862.697083 303.541108 345.833980 345.833980 0.000000 2.455034 2.596078 
1197 501.714370 387.199525 475.020416 348.985738 989.580494 18.803462 611.069612 611.069612 -0.000000 2.494825 2.571089 
1203 536.625966 383.976741 542.385856 320.925631 839.894455 383.305777 303.084886 303.084886 0.000000 3.139380 3.348274 
1205 478.949350 425.456781 422.972303 419.249778 497.615300 -43.177080 468.122405 468.122405 0.000000 1.610606 1.730832 
1213 472.047523 414.831074 426.292826 401.959121 528.015738 136.144952 283.781972 283.781972 0.000000 1.768989 1.936287 
1217 545.502795 540.057997 538.504047 480.057851 1227.613509 422.023042 691.391206 691.391206 0.000000 2.970246 3.057574 
1227 599.012895 519.990107 562.974348 472.018654 934.357015 227.806478 444.139054 444.139054 0.000000 2.424865 2.559910 
1228 608.646003 512.374712 572.801824 475.182031 863.555092 239.229036 373.918784 373.918784 0.000000 2.321673 2.459865 
1229 611.969258 509.031572 563.338274 461.679600 1046.906917 14.373745 658.134249 658.134249 -0.000000 2.292039 2.395130 
1233 464.959290 603.962762 497.921435 567.928134 724.402729 820.250765 337.833191 337.833191 -0.000000 3.836525 3.980909 
1248 526.887587 366.005425 524.714043 320.965542 759.428363 336.009314 234.113196 234.113196 -0.000000 3.013308 3.205599 
1256 443.903779 495.868918 481.954324 467.937775 699.542874 804.457910 400.332201 400.332201 0.000000 4.020562 4.138419 
1258 451.135002 604.074372 478.363176 554.649176 796.841230 768.765324 382.710205 382.710205 -0.000000 3.586174 3.733492 
1259 584.581267 609.684727 571.988413 619.674348 564.611642 601.817890 20.854003 20.854003 0.000000 0.375272 1.179035 
1261 608.687255 35.160260 580.778098 39.085809 589.601151 11.360123 29.323824 29.323824 -0.000000 0.894878 1.878890 
1266 531.149516 378.995833 530.666485 319.984569 835.677793 347.924874 305.617431 305.617431 0.000000 3.039915 3.232942 
1268 249.267497 449.213616 238.304987 439.948894 246.469617 440.635896 9.380134 7.975463 -1.388737 1.255498 3.225539 
1287 321.851973 690.587405 358.948095 675.870568 476.884281 996.708459 341.905994 341.905994 -0.000000 4.243602 4.360132 
1288 328.580870 706.266824 378.006783 678.011865 598.329841 1124.203969 496.982574 496.982574 -0.000000 4.139233 4.253726 
1293 522.180734 374.963509 513.282813 324.791634 914.870548 283.521805 403.166019 403.166019 -0.000000 2.912810 3.039185 
1296 449.876715 502.863566 486.135542 471.164864 725.421057 776.916910 388.210171 388.210171 0.000000 3.924278 4.048340 
1298 557.053852 538.221441 545.558034 489.103440 1048.059248 392.211541 511.531070 511.531070 0.000000 2.852551 2.951111 
1303 533.214553 383.960787 536.409191 319.970505 886.945771 370.927522 353.109721 353.109721 0.000000 3.104764 3.285950 
1308 331.172744 692.372479 369.962013 674.914697 478.470610 955.117243 300.513636 300.513636 -0.000000 4.201435 4.342922 
1330 446.229552 608.110699 473.422691 551.721598 1052.805442 871.754763 661.194348 661.194348 -0.000000 3.551603 3.646253 
1353 435.053825 479.098336 458.996326 465.993288 508.036462 583.265785 126.626622 126.626622 0.000000 4.101242 4.316315 
1355 208.149089 595.906197 222.224271 591.251742 215.364834 594.087671 9.664554 7.259914 -1.516243 2.894712 5.891151 
1364 184.822792 596.101186 180.888511 605.435658 180.686797 600.235207 7.069095 4.894825 0.213354 5.498026 1.532028 
1391 449.870214 592.945358 463.629147 560.264880 807.327934 738.293841 386.233385 386.233385 -0.000000 3.527791 3.619520 
1442 668.033271 599.037652 681.287730 587.325623 701.234891 622.804309 40.233471 40.233471 0.000000 3.762863 4.200205 
1487 142.638877 610.115651 156.896135 611.963273 149.694893 609.462826 7.519108 6.963953 0.035372 3.049335 0.334200 
1504 648.804336 585.803751 668.794855 568.042542 691.077340 617.133382 52.908170 52.908170 0.000000 3.779390 4.286294 
1509 318.876392 679.590461 348.861264 670.540341 446.160575 1038.023824 379.960014 379.960014 -0.000000 4.371167 4.453556 
1514 448.693692 575.914402 457.121852 545.754601 758.980665 644.334794 317.382126 317.382126 0.000000 3.358626 3.457250 
1523 228.849020 433.139142 238.236917 453.940880 211.629601 452.796113 26.016052 26.016052 0.000000 5.431783 0.042998 
1602 499.077583 707.912442 513.372916 720.579136 372.949505 863.113079 200.054708 200.054708 -0.000000 5.394812 5.490328 
1626 696.963537 585.961092 709.872190 573.863620 719.707369 599.264139 25.716134 25.716134 -0.000000 3.670841 4.342962 
1644 368.458389 665.411791 346.053927 668.743109 329.311309 527.464086 143.564987 143.564987 0.000000 1.294284 1.452839 
1674 674.826741 276.980398 682.028029 241.007390 855.311815 293.941725 181.249244 181.249244 -0.000000 3.235294 3.438067 
1685 297.966434 424.033747 295.445030 424.320276 297.092238 426.851947 3.020774 2.852359 1.313441 5.013174 4.135564 
1690 279.685559 90.331721 272.585168 104.297507 -235.545601 -130.231498 559.909028 559.909028 -0.000000 0.404482 0.432419 
1733 418.051132 787.896614 392.021728 789.381004 399.939139 680.161604 108.853859 108.853859 0.000000 1.404238 1.643161 
1737 488.408415 735.417317 476.943952 719.043231 1074.526409 324.615851 715.728284 715.728284 0.000000 2.530273 2.558193 
1862 177.804521 578.403858 126.348687 578.661367 155.522271 496.754412 85.859274 85.859274 -0.000000 1.304382 1.912966 
1888 411.212793 224.311292 396.057399 222.935996 404.230955 217.665015 10.387657 10.387657 -0.000000 0.760780 2.568824 
