1 669.276304 876.735962 621.405039 878.674635 644.609066 869.900092 28.759305 23.501189 1.216277 0.270339 2.780065 
5 584.796461 360.630370 552.836034 299.609643 1411.015217 -117.316288 953.854536 953.854536 0.000000 2.617151 2.689348 
13 635.570571 72.578288 286.894513 -0.354780 483.415855 -66.684010 206.616339 206.616339 -0.000000 0.741187 2.816082 
14 828.683763 753.927772 765.656140 735.622496 797.276650 737.783054 44.207994 26.834584 1.126038 0.474822 3.209814 
17 589.474111 622.499033 589.000000 621.000000 584.266349 628.584136 8.372114 8.072774 0.958827 5.420253 5.270378 
18 638.175125 73.128187 283.217712 0.893757 483.163680 -67.819975 210.602975 210.602975 -0.000000 0.737916 2.810576 
21 0.187248 318.682087 57.037417 360.913895 -54.345747 449.654881 141.146699 141.146699 0.000000 5.106926 5.610449 
22 71.021400 373.988234 84.224031 530.425930 -73.570826 464.409536 171.105433 171.105433 -0.000000 5.724332 0.396240 
26 538.276941 139.462520 281.353684 13.352225 482.519580 -71.283665 217.606359 217.606359 -0.000000 1.312151 2.743347 
27 161.036060 526.245672 162.904608 519.966264 156.680967 517.918800 8.833509 7.413218 -1.149879 1.088905 0.317829 
33 603.734414 677.132611 603.270544 677.286243 598.354481 684.146097 8.613851 8.148326 1.077057 5.366734 5.334197 
35 129.735595 423.935490 118.652544 535.204765 -75.230777 457.513643 207.795195 207.795195 0.000000 6.120805 0.381119 
36 209.872453 493.647399 281.555392 325.474265 477.902109 507.393801 267.444690 267.444690 0.000000 3.192835 3.888869 
37 844.705832 100.820329 791.751606 129.853657 798.379527 88.877282 55.720373 36.801981 0.778870 0.252309 1.731157 
39 653.263647 34.379883 652.699561 33.979541 644.233922 37.531759 9.123454 6.953248 -0.483885 5.947352 5.885894 
43 161.813639 526.744233 165.769864 518.896838 156.685080 517.985144 10.665558 9.400617 -1.052744 1.041097 0.100019 
45 589.531654 18.674354 588.837507 18.982026 596.872703 20.721558 9.031473 7.126247 -0.521062 3.413554 3.354792 
46 -0.301967 315.580131 56.128743 358.910428 -31.502188 422.328869 109.263397 109.263397 0.000000 4.996746 5.656730 
50 615.074913 67.090391 307.855895 0.070268 482.762586 -63.875631 185.618762 185.618762 -0.000000 0.780285 2.791088 
59 118.526389 514.213412 37.591952 627.740196 -84.581148 455.208216 211.017762 211.017762 0.000000 0.282730 0.954642 
64 79.769854 539.857425 -0.306988 617.431051 -65.786801 470.445197 160.453567 160.453567 -0.000000 0.444976 1.151704 
67 613.063811 72.075669 305.321219 -0.120715 482.699990 -65.972336 190.335982 190.335982 -0.000000 0.814019 2.786115 
68 148.479829 -0.030759 -0.037047 146.747918 9.865133 12.801060 144.000458 130.763340 0.581089 6.190877 1.644588 
69 672.370537 535.979534 672.251777 536.144190 680.655759 539.216296 8.747083 8.747083 -0.000000 3.514027 3.492056 
70 626.271531 91.342745 564.971775 129.939781 475.967845 -76.007480 224.503023 224.503023 0.000000 0.839011 1.162870 
73 178.174943 0.013731 9.040494 175.636126 24.333928 20.157388 154.190260 154.190260 0.000000 6.152988 1.668844 
74 114.505215 399.881086 121.838735 431.037958 28.400870 439.188160 93.159714 93.159714 -0.000000 5.854935 6.196180 
80 117.644518 509.256321 79.329342 584.845866 -109.428595 442.062437 236.151758 236.151758 0.000000 0.287703 0.647608 
82 213.758535 493.963857 611.511645 278.951741 477.826642 506.993353 263.590959 263.590959 -0.000000 3.190894 5.242623 
84 643.969975 84.967481 271.160600 -0.502883 480.251229 -64.788538 221.256234 216.616814 0.623265 0.740886 2.843312 
86 743.565566 501.946964 732.737221 583.940209 495.245807 511.904103 247.854454 247.854454 -0.000000 6.243109 0.294501 
87 725.671637 667.482543 650.891538 746.071855 463.293967 491.438004 315.887815 315.887815 0.000000 0.590968 0.935839 
91 585.310204 434.704094 588.544509 418.174029 588.952279 426.639346 8.579707 8.579707 -0.000000 1.994984 4.664257 
96 736.184143 443.112301 744.247304 501.690664 471.288844 510.240589 272.164322 272.164322 0.000000 6.034996 6.251872 
99 642.972557 72.509211 625.886902 90.691833 567.774858 13.343315 96.505901 96.505901 -0.000000 0.666643 0.926463 
101 744.524544 408.160801 746.310880 605.089090 479.719599 509.214861 283.057700 283.057700 -0.000000 5.918626 0.345228 
102 617.103895 282.829272 728.885261 419.584594 492.467520 496.938895 247.088548 247.088548 -0.000000 5.239554 5.966971 
103 247.988165 636.895597 216.757115 546.302024 488.369985 502.571387 274.621444 274.621444 -0.000000 2.632022 2.981959 
104 74.996475 168.986414 -0.038029 176.497811 19.317109 -2.999288 180.569857 180.569857 -0.000000 1.257701 1.678211 
105 100.818896 566.896520 115.902067 539.436781 386.585342 702.081233 315.774469 315.774469 0.000000 3.583457 3.682649 
106 559.294839 614.237768 598.004080 605.017128 719.131470 1191.770217 599.071683 599.071683 0.000000 4.442389 4.508812 
109 259.062137 530.646285 259.178082 519.563634 258.062166 525.035134 6.858279 4.960815 -0.342284 1.394436 4.913580 
111 281.831764 324.851595 740.278783 571.244267 478.681742 508.712184 269.506225 269.506225 -0.000000 3.892885 0.234637 
112 152.166894 0.929671 0.979200 149.930615 23.123316 25.803451 130.718501 124.981157 -0.023574 6.092766 1.747338 
114 595.442294 777.200231 494.959078 800.558631 472.791139 487.704152 313.956861 313.956861 0.000000 1.170052 1.500058 
117 183.485578 -0.044430 -0.009923 180.882156 9.275793 14.578475 177.071054 165.496751 0.353955 6.199443 1.626574 
119 709.516904 639.057556 683.981485 675.684272 568.945043 567.179747 157.183933 157.183933 -0.000000 0.472666 0.756186 
122 425.876371 229.775271 495.998556 225.591816 482.724972 533.960795 308.645819 308.645819 -0.000000 4.527632 4.755407 
126 232.230591 518.521069 230.001051 530.145964 231.129935 524.301483 10.013926 5.599722 0.266960 4.900548 1.761601 
128 10.261350 286.530228 91.722512 354.222589 -63.465091 457.225183 185.353867 185.353867 -0.000000 5.120106 5.697219 
129 563.333046 640.111425 562.610027 618.856945 635.338898 616.422789 76.074457 76.074457 -0.000000 2.823763 3.108136 
132 568.738253 662.100793 564.701437 639.194797 869.625860 579.702903 312.189740 312.189740 -0.000000 2.874296 2.948909 
134 707.934639 580.616089 707.355849 580.633309 709.234283 589.367870 9.018156 8.662199 0.144939 4.564966 4.500558 
135 180.008410 -0.000868 76.091549 168.236922 27.120601 21.247109 154.459344 154.459344 -0.000000 6.145092 1.249203 
153 188.742160 0.017846 0.026846 187.386499 34.161571 37.134853 159.372930 145.658776 -0.523092 6.047532 1.794188 
158 230.909020 520.027866 238.008115 513.582790 238.688251 519.704966 9.278342 5.440908 0.459439 3.100108 4.601749 
161 450.955079 13.239592 411.860460 0.273551 455.974393 -67.243304 80.306250 80.306250 -0.000000 1.633081 2.149542 
171 698.518236 312.576303 772.902931 485.874870 486.361431 506.960893 287.117789 287.117789 -0.000000 5.541475 6.209730 
175 592.822932 767.542009 413.957482 783.196321 479.165697 505.715551 285.088962 285.088962 0.000000 1.161248 1.801609 
182 576.164839 140.414354 396.930246 144.221145 482.764603 -64.120779 224.993871 224.993871 0.000000 1.142429 1.961594 
183 678.321194 499.704294 636.092327 453.835647 882.440553 268.380103 307.400899 307.400899 0.000000 2.293799 2.496290 
189 579.861848 399.601723 588.745352 418.612893 583.521000 409.187281 10.514544 10.514544 -0.000000 4.347726 1.064679 
204 508.624706 421.675333 504.779319 405.011991 627.187139 383.592665 124.946030 124.946030 0.000000 2.830798 2.968363 
214 213.835388 397.913785 321.778812 266.710874 489.618121 513.700937 298.293060 298.293060 0.000000 3.539092 4.115528 
223 246.119132 338.086079 265.000000 315.000000 364.973410 416.935561 142.687321 142.687321 0.000000 3.727339 3.936709 
224 728.120995 671.667057 660.426066 744.459888 519.122630 542.890544 244.540076 244.540076 -0.000000 0.552217 0.959388 
225 75.513884 337.641160 87.896522 355.373968 8.740140 395.712225 88.345242 88.345242 -0.000000 5.567383 5.811886 
227 170.168627 120.012987 87.095331 185.184839 24.310011 19.202588 176.606868 176.606868 0.000000 0.604763 1.209166 
230 96.234360 324.817940 129.904959 547.968208 -69.240893 463.212015 216.106642 216.106642 0.000000 5.586673 0.402378 
231 199.089820 -0.064868 172.503419 116.274563 30.490112 22.515770 169.854180 169.854180 0.000000 6.150047 0.583520 
233 634.002149 674.979949 615.979589 668.032453 631.512113 655.150478 19.759823 19.759823 -0.000000 1.445878 2.449207 
241 218.270305 625.270701 194.861522 546.805720 494.142300 497.762860 303.147215 303.147215 0.000000 2.708640 2.979167 
243 114.025559 356.541383 28.625699 656.981656 -77.609509 463.828326 219.274703 219.274703 -0.000000 5.772811 1.067950 
247 1.284248 260.351892 86.290615 313.666520 -56.134758 445.528213 193.175392 193.175392 -0.000000 5.013065 5.536281 
252 293.120113 724.878518 219.888651 628.534420 453.915303 525.148902 255.510658 255.510658 -0.000000 2.248618 2.725605 
256 530.146965 793.361642 240.013786 670.784218 480.615014 507.486395 289.909441 289.909441 0.000000 1.399235 2.545300 
257 194.648553 470.924487 214.069197 398.022342 480.375639 505.186636 286.748890 286.748890 -0.000000 3.260935 3.524175 
258 749.026647 399.354728 752.788286 609.213435 481.452033 507.856684 288.758191 288.758191 -0.000000 5.897945 0.357496 
260 758.000004 404.696800 755.809008 620.943646 474.910465 508.489393 301.427855 301.427855 0.000000 5.931762 0.380797 
261 594.572293 773.849529 530.289334 793.228964 491.531052 553.942762 242.135125 242.135125 0.000000 1.132609 1.410216 
265 97.169515 37.056882 32.253633 99.931263 19.135106 21.101603 79.545935 79.545935 0.000000 0.201685 1.405891 
267 494.230280 361.711470 566.000051 473.155622 321.766226 543.576529 253.054067 253.054067 -0.000000 5.471262 6.002465 
270 577.089602 788.267375 495.035741 805.257783 475.874945 485.301721 320.012703 320.012703 0.000000 1.248374 1.510982 
271 475.943009 21.454790 423.823025 8.211282 549.592346 -396.951399 425.586676 425.586676 0.000000 1.745035 1.871782 
272 332.391925 258.752009 401.043033 230.189726 544.360068 654.712042 449.047220 449.047220 0.000000 4.220881 4.386807 
273 607.672595 382.894723 626.838660 400.114852 605.071043 405.447509 22.055568 22.055568 -0.000000 4.827235 6.042936 
274 437.028742 221.245524 477.000000 219.000000 476.847808 548.139253 329.378022 329.378022 0.000000 4.591176 4.712851 
279 652.226307 277.744637 759.502026 441.147074 482.680924 506.114618 283.750170 283.750170 -0.000000 5.351018 6.052666 
282 445.834121 527.818651 446.294572 520.925414 440.139964 521.643394 8.578480 6.427337 1.554784 0.825909 6.167053 
283 492.051535 218.416487 523.074507 221.156376 477.620649 512.088339 293.951799 293.951799 -0.000000 4.761489 4.867371 
284 565.069616 230.818029 668.054989 286.924255 482.925648 503.255785 284.106608 284.106608 -0.000000 5.005235 5.420221 
292 674.652524 292.319299 748.871418 399.060339 474.183853 513.133031 297.462931 297.462931 -0.000000 5.449531 5.889575 
298 367.101499 528.102851 355.496472 517.990880 363.044427 520.309228 10.428273 7.472155 -1.292481 1.090834 3.439595 
299 46.044754 1.044787 0.203504 38.697901 -48.448561 -65.562197 114.467912 114.467912 0.000000 0.613997 1.134190 
304 39.827481 -0.178400 -0.214175 32.670005 -77.359884 -102.434377 155.324918 155.324918 0.000000 0.717461 1.051967 
308 304.907959 514.055818 295.651031 514.933071 301.051730 521.744937 8.834584 6.852531 1.555849 5.177250 4.042031 
318 571.847739 788.462616 500.027060 802.293051 466.827499 451.464435 352.799422 352.799422 0.000000 1.268700 1.476445 
326 603.080276 122.123341 539.916839 150.730785 478.045778 -73.565433 232.605259 232.605259 0.000000 1.002231 1.301644 
327 587.898620 425.268896 608.593029 413.367274 820.291110 748.379673 397.832221 397.832221 0.000000 4.088870 4.148835 
332 332.232268 517.328551 334.939933 528.689190 335.830467 521.889911 6.932346 4.462078 1.562783 4.044488 1.701030 
334 26.864635 274.223881 113.589697 356.589524 -65.484214 458.758085 205.728910 205.728910 -0.000000 5.176391 5.764710 
337 766.314532 478.988496 749.614962 606.173291 473.225855 503.866072 294.062563 294.062563 -0.000000 6.198508 0.354518 
341 27.895398 655.811513 5.312665 666.595345 -76.694985 449.350570 232.130445 232.130445 0.000000 1.101893 1.209845 
349 538.276248 152.176859 482.039769 159.313387 487.682645 -33.138878 191.004136 191.004136 0.000000 1.304278 1.600109 
350 45.022577 195.446104 1.017691 196.133123 17.528002 -4.008066 200.199240 200.199240 0.000000 1.433811 1.653103 
351 595.502525 388.468764 600.244370 400.274118 592.391711 396.040566 11.676312 7.089465 -0.142108 5.102207 0.494454 
355 331.180824 34.364125 316.663760 1.704957 526.390098 -71.002461 221.463416 221.463416 0.000000 2.646644 2.807881 
358 53.018851 1.016035 5.164885 43.248956 -44.849565 -61.563575 115.452647 115.452647 0.000000 0.568906 1.125571 
360 497.998664 118.067450 331.444109 34.400840 482.704775 -59.837525 177.946514 177.946514 0.000000 1.485041 2.584419 
366 161.775145 122.781270 92.195994 177.329405 13.290766 5.668009 188.363999 188.363999 0.000000 0.667828 1.139941 
370 433.688898 790.468582 398.975640 783.114994 546.102511 226.082568 575.546602 575.546602 0.000000 1.767402 1.829025 
378 215.719727 531.016347 216.482180 544.088529 154.040556 541.061095 62.268765 62.268765 0.000000 6.121748 0.048446 
379 67.410062 10.243620 40.167053 44.160898 -11.264741 -26.980982 86.881728 86.881728 -0.000000 0.441934 0.944835 
380 37.050164 47.090605 1.726624 64.311816 -35.486721 -51.984765 122.057113 122.057113 0.000000 0.938825 1.261106 
388 361.843647 769.288068 311.058133 737.916891 456.748517 559.486182 230.006879 230.006879 0.000000 1.995607 2.255523 
394 81.029822 94.114998 44.213615 101.656901 20.884465 -84.865110 188.639258 188.639258 -0.000000 1.246607 1.446368 
395 79.867734 182.407170 3.994596 191.280511 21.867388 23.643742 168.209338 168.209338 0.000000 1.220534 1.677011 
403 397.153490 782.587533 363.591339 770.098178 444.741612 600.627912 187.423542 187.423542 0.000000 1.826598 2.017379 
404 716.306984 426.897186 726.349718 456.882873 585.299423 487.690314 143.836204 143.836204 0.000000 5.848715 6.068148 
405 732.711633 491.000264 732.743630 526.000234 588.692776 509.992420 144.428418 144.428418 0.000000 6.152069 0.110672 
410 341.418962 514.954887 335.034256 530.219433 301.983006 485.666753 57.865304 16.605829 0.837866 0.638797 0.932534 
446 210.266147 105.865096 193.440494 146.641366 135.348734 100.481869 75.237720 75.237720 0.000000 0.071732 0.671437 
459 220.867202 36.965841 220.079350 63.092857 126.338528 47.974112 94.655087 94.655087 -0.000000 6.167253 0.159905 
468 598.042205 550.534217 592.515314 539.747798 733.044283 468.956430 157.720432 157.720432 -0.000000 2.598039 2.674950 
