5 95.836175 663.087598 81.135765 618.967189 202.096847 605.762583 121.032558 121.032558 0.000000 2.646866 3.032859 
8 131.239877 846.755076 193.889041 908.113294 -459.965441 1502.255979 882.468204 882.468204 0.000000 5.446260 5.545597 
11 627.339115 677.863071 221.901100 779.326544 384.722440 657.388724 248.644353 144.743965 -0.095717 0.084190 2.498792 
41 269.955723 446.855444 257.896723 447.872211 261.079046 432.010041 16.997628 16.997628 -0.000000 1.031892 1.768791 
49 320.795546 437.767123 341.228621 434.378604 362.607827 645.002354 211.399997 211.399997 0.000000 4.513299 4.611231 
50 476.974177 479.821350 492.038302 480.945458 486.233370 494.156723 15.863145 15.863145 0.000000 4.138903 5.126387 
60 155.656823 495.564398 181.907947 474.883156 213.922890 544.721864 75.775540 75.775540 0.000000 3.842402 4.282561 
62 104.364564 631.592796 86.470281 607.293850 145.896307 580.075721 65.936405 65.936405 -0.000000 2.249291 2.712092 
73 241.954465 625.777638 250.820073 630.002113 240.535758 633.372274 12.979114 5.810236 -0.623316 4.897064 5.966514 
91 331.285636 691.091784 343.972228 685.126119 338.515616 691.038397 7.310895 7.310895 -0.000000 3.134209 5.457729 
115 422.026375 443.726011 442.997729 441.943307 434.266725 578.004929 136.332595 136.332595 0.000000 4.621484 4.776471 
121 536.987604 478.036199 557.364904 485.014150 529.247784 533.093277 56.261311 56.261311 -0.000000 4.852052 5.241564 
127 526.885219 704.745388 540.215131 696.239686 725.496120 994.622263 351.206291 351.206291 0.000000 4.111695 4.156707 
137 222.655239 778.830524 135.860694 727.175116 307.148107 540.611600 252.617718 252.617718 0.000000 1.911639 2.313532 
138 285.924598 714.494758 195.795945 696.833835 334.306822 218.725941 497.522743 497.522743 0.000000 1.668079 1.852783 
140 336.245754 428.455491 295.924012 429.357929 307.030142 342.231792 90.165313 90.165313 -0.000000 1.244102 1.697584 
142 448.990865 130.954587 528.546540 181.748063 371.511510 343.572985 225.128994 225.128994 -0.000000 5.061839 5.482766 
150 548.044956 643.890474 494.004175 645.175578 515.713190 177.897291 466.900295 466.900295 0.000000 1.501525 1.617221 
157 337.946717 660.978625 352.097441 655.364007 344.975594 660.994992 7.156637 7.156637 -0.000000 3.143921 5.614163 
162 552.139358 656.572044 516.972475 659.689502 501.115760 254.547178 405.129182 405.129182 0.000000 1.444555 1.531678 
163 297.951844 701.412450 186.073612 683.715796 343.022880 12.710724 689.476765 689.476765 0.000000 1.636147 1.800567 
168 456.836152 567.348026 468.243560 566.933241 463.281126 574.123987 8.620992 8.620992 -0.000000 3.952021 5.316449 
169 347.799305 618.970584 359.356134 612.838108 413.663084 783.655247 183.707675 27.548173 1.224199 4.331935 4.404570 
177 551.042063 659.968161 494.974110 662.404097 514.419330 393.104844 268.688568 268.688568 0.000000 1.434414 1.642878 
182 320.888193 713.286927 294.910513 711.030018 315.859042 648.734668 64.277977 64.277977 -0.000000 1.493045 1.895194 
192 636.812619 642.004665 640.017304 595.873721 909.406333 636.329336 272.626608 272.626608 -0.000000 3.120776 3.290654 
221 89.844832 602.034234 89.065330 578.015657 116.808412 586.728167 30.060934 30.060934 -0.000000 2.625294 3.445882 
222 625.831911 620.449905 627.470030 603.953114 1075.274339 646.168052 450.104527 450.104527 0.000000 3.198753 3.235586 
223 569.160851 701.249312 487.816488 737.507917 381.425099 382.726002 369.926068 369.926068 0.000000 1.038212 1.279451 
228 290.009295 581.895133 170.739525 566.349460 302.907807 -21.245242 602.120323 602.120323 0.000000 1.592179 1.792045 
233 146.526268 594.834204 156.614718 593.945690 151.629043 593.770833 6.748249 5.728218 0.452517 2.936142 0.035058 
235 458.828146 552.369147 469.182125 557.654248 464.196460 556.434600 5.857675 5.857675 -0.000000 3.789753 0.239919 
236 251.949930 582.794984 260.734388 588.242261 257.687281 588.485358 7.306316 7.306316 -0.000000 3.922880 6.203574 
245 363.997827 509.016740 338.954653 511.856216 341.947878 455.432493 57.193068 57.193068 0.000000 1.180415 1.623796 
246 453.036328 596.127361 462.910656 599.676534 456.043168 601.079058 8.022505 5.474945 -0.647093 4.166667 6.081729 
254 585.224296 623.394589 483.002950 630.354197 515.541317 271.828294 358.425946 358.425946 0.000000 1.375125 1.661304 
261 314.942254 702.729469 297.969454 701.385870 313.744043 651.093407 51.939552 51.939552 -0.000000 1.547596 1.874735 
265 255.952907 573.994134 264.530798 574.095739 260.566945 572.312446 6.090805 5.262221 -0.552996 2.792084 0.422762 
267 606.105957 602.315752 563.832670 616.501355 488.063620 335.688628 290.520345 290.520345 -0.000000 1.154009 1.307252 
269 110.180522 639.767062 132.902429 661.100668 -96.334973 877.092838 314.792488 314.792488 -0.000000 5.428481 5.527528 
277 358.462335 560.830994 368.970057 553.716633 364.699543 559.984084 6.769372 6.769372 -0.000000 3.006634 5.310509 
280 651.468573 761.409508 624.802339 740.249091 701.827717 673.688536 100.418639 100.418639 0.000000 2.091941 2.428948 
283 334.393462 338.562572 304.711345 343.120024 255.598540 -54.789601 401.019800 401.019800 0.000000 1.373096 1.447990 
285 352.885891 583.425347 363.027921 582.788363 358.720805 590.038164 8.174028 8.174028 -0.000000 3.989403 5.248460 
288 510.013154 546.922352 396.001960 547.435535 453.057877 -319.358790 866.836488 866.836488 0.000000 1.505144 1.636526 
302 257.480950 554.660192 269.217685 555.544730 264.431700 559.460898 7.232279 7.232279 -0.000000 3.746032 5.597410 
311 560.952290 569.476600 491.994105 573.848557 499.734633 124.371126 449.015908 449.015908 0.000000 1.434119 1.588016 
327 133.250798 588.695984 145.799748 588.075185 140.637396 593.949262 11.326994 7.733938 1.225421 3.759790 5.433388 
329 596.212144 574.709592 493.019204 588.899791 516.927525 360.852176 228.008781 228.008781 0.000000 1.215769 1.675254 
339 612.152843 580.361443 501.013968 601.346206 524.026260 392.293536 208.256897 208.256897 0.000000 1.132592 1.680434 
343 361.930572 540.865557 371.511800 546.636366 363.326129 549.633523 12.377836 6.386390 -1.084007 4.554548 5.932199 
346 587.801443 687.705921 570.930829 699.917692 315.195446 351.421566 432.524016 432.524016 -0.000000 0.889600 0.937727 
356 608.189595 565.481451 494.996639 585.606137 520.057117 382.868683 202.651956 202.651956 0.000000 1.121150 1.693783 
364 361.818292 550.812040 372.034126 551.755356 350.724423 656.143846 106.044607 106.044607 0.000000 4.817325 4.913761 
365 620.871684 535.504170 640.107529 596.016938 541.009273 595.077361 99.185949 99.185949 0.000000 5.642283 0.009481 
367 223.885213 678.776943 198.006852 674.953619 298.565659 68.563672 614.636162 614.636162 0.000000 1.692575 1.735133 
386 460.938336 542.971454 470.549937 541.986570 465.064954 543.654658 9.807201 5.288753 -1.108542 3.305665 5.987954 
387 620.160113 546.869342 630.567228 568.163408 575.331731 579.672735 56.022352 56.022352 0.000000 5.651464 6.077756 
401 445.958797 746.755196 407.980318 751.348519 403.313496 569.416247 182.059026 182.059026 0.000000 1.334804 1.545151 
408 232.035863 598.667395 112.326852 565.243925 233.379910 348.483911 248.868389 248.868389 0.000000 1.576169 2.080116 
413 547.275039 512.943016 471.889429 523.649255 414.031996 -166.866777 693.601538 693.601538 -0.000000 1.377249 1.487203 
424 211.760628 627.300504 159.684282 617.715295 253.708218 230.386470 398.205025 398.205025 0.000000 1.676090 1.808940 
435 539.921447 890.103499 492.038332 853.949754 981.155097 253.284667 774.419402 774.419402 0.000000 2.176722 2.254191 
436 535.050459 521.310414 383.994701 530.187303 431.943857 -14.998654 546.177225 546.177225 0.000000 1.380862 1.658521 
451 610.816206 685.925952 589.302636 720.295064 520.988668 657.369882 93.930566 93.930566 0.000000 0.307796 0.744360 
454 262.430135 545.012679 269.815413 545.276447 266.926794 552.484020 14.580127 7.005679 -1.570696 4.170607 5.093564 
470 575.290586 514.229035 565.778280 508.132559 577.042523 498.163899 16.667644 16.667644 -0.000000 1.679419 2.417137 
473 586.462486 535.261501 478.991441 555.699177 493.489344 322.880409 231.883241 231.883241 0.000000 1.158163 1.632987 
474 356.003299 574.001339 368.861006 569.537848 362.472830 573.951634 6.571672 6.571672 -0.000000 3.133910 5.678572 
475 350.767277 603.984930 360.515236 598.574722 356.557612 603.448046 7.192637 6.188279 1.315168 3.049136 5.394464 
486 509.843823 54.033310 505.684638 33.539483 512.993868 43.282195 11.645681 11.645681 -0.000000 1.855816 4.068744 
491 548.090859 539.567356 509.948064 545.675693 507.491532 413.727655 131.282752 131.282752 0.000000 1.258712 1.552181 
495 363.483981 531.798577 370.974492 524.392478 370.023114 529.431538 6.154620 6.154620 -0.000000 2.794285 4.898993 
502 397.753247 751.600583 311.952576 751.767893 358.012901 384.245536 369.811069 369.811069 0.000000 1.463036 1.695473 
504 546.314945 506.417943 482.000780 520.011311 446.614452 194.574737 327.488983 327.488983 0.000000 1.261353 1.462487 
522 568.747363 704.814301 544.600991 722.842606 523.878681 663.854878 61.710947 61.710947 -0.000000 0.739882 1.232965 
545 595.787368 745.329476 622.562264 764.520811 535.324146 855.445820 125.690046 125.690046 0.000000 5.214529 5.477096 
552 521.159947 286.688250 264.984444 354.740557 317.675789 24.453087 331.792248 331.792248 -0.000000 0.910886 1.728995 
553 233.667243 496.468625 257.268249 501.816081 231.066097 565.484363 68.445526 68.445526 -0.000000 4.750060 5.102805 
562 216.771586 671.515386 153.759399 656.901940 233.418613 484.338482 187.930016 187.930016 0.000000 1.659500 2.003274 
563 248.796139 720.725395 232.665011 716.191983 253.830677 672.858412 47.685862 47.685862 -0.000000 1.675589 2.025150 
575 588.770030 720.692176 550.477137 749.300127 358.079832 462.436279 345.431454 345.431454 0.000000 0.841716 0.980012 
600 158.254564 602.290011 106.647550 579.641993 182.470375 477.246688 126.692145 126.692145 0.000000 1.762088 2.208184 
601 442.965900 659.986810 454.068710 654.929212 452.213234 665.271813 13.322897 7.715884 1.145629 3.660805 4.889902 
618 232.039580 569.789225 129.581306 537.988104 240.698301 338.015897 229.751046 229.751046 0.000000 1.608138 2.077976 
629 201.582327 932.443999 183.554971 913.332931 234.268735 882.007988 59.563695 59.563695 -0.000000 2.145818 2.588274 
630 199.830617 602.964816 163.885145 596.654217 273.239207 76.056548 531.787567 531.787567 0.000000 1.709225 1.777841 
650 518.722560 283.890930 533.178175 266.218821 567.051255 303.391051 51.073437 51.073437 0.000000 3.525104 3.973395 
652 608.985066 526.726006 600.598822 515.002296 626.258314 505.100361 26.879500 26.879500 0.000000 2.244768 2.773302 
660 392.033736 577.476583 439.096040 580.509942 404.442045 893.142383 314.533379 314.533379 -0.000000 4.673101 4.822784 
661 208.972547 589.157739 167.826536 581.996692 278.089689 46.067010 547.045956 547.045956 0.000000 1.697382 1.773707 
676 479.272107 744.957764 453.672761 754.081872 437.499368 663.455348 91.716962 91.716962 -0.000000 1.097172 1.394193 
686 218.045795 657.749328 139.590818 639.495397 263.114485 293.245729 366.938488 366.938488 0.000000 1.693816 1.913469 
699 447.001111 521.814923 284.073260 511.377518 426.427338 -429.273924 950.893030 950.893030 0.000000 1.549168 1.720992 
704 450.361109 750.577388 408.528740 759.955911 379.386163 536.554963 224.777512 224.777512 0.000000 1.250585 1.441079 
710 159.454341 617.697701 105.639392 594.654705 194.822423 457.581928 163.332530 163.332530 0.000000 1.788196 2.147611 
724 520.163714 756.089964 488.008036 777.018514 453.576419 689.413579 94.417650 94.417650 0.000000 0.786067 1.196311 
729 534.006685 695.021486 451.003233 705.095218 469.286058 445.251544 259.375841 259.375841 0.000000 1.317252 1.641041 
732 351.977927 758.803133 258.098142 749.108108 345.749725 409.047796 349.571992 349.571992 0.000000 1.552991 1.823059 
739 428.992118 502.570773 288.021666 492.901101 403.578228 -156.428516 659.593919 659.593919 -0.000000 1.532251 1.746915 
763 566.467733 946.743197 548.416293 933.815022 626.086493 844.269112 118.267203 118.267203 0.000000 2.097721 2.285293 
782 428.164461 140.492849 445.918826 146.250317 418.425822 201.471552 61.555378 61.555378 0.000000 4.870757 5.174331 
785 429.030065 764.390579 299.992216 766.173404 358.654057 145.349168 622.823389 622.823389 0.000000 1.457597 1.665007 
793 379.226598 759.509813 415.014257 753.094070 575.402664 1500.356862 765.165933 765.165933 0.000000 4.453530 4.500962 
811 718.189248 209.410726 620.726288 194.824375 704.100813 -9.033637 218.147175 218.147175 0.000000 1.506391 1.959023 
815 560.188179 568.732792 568.154153 566.776712 567.343846 577.125312 10.784204 10.784204 -0.000000 4.006373 4.790531 
854 104.247937 251.411592 121.139350 185.209668 154.515283 229.607044 56.082926 56.082926 0.000000 2.732316 4.067766 
855 233.938218 554.271599 166.744448 535.625437 303.222963 149.456148 410.211548 410.211548 0.000000 1.740305 1.910511 
893 257.708765 503.218765 269.230884 504.033493 261.873380 512.492057 10.777276 10.777276 -0.000000 4.290286 5.428283 
930 338.656653 262.175576 418.152968 237.884198 412.827420 354.554925 117.086429 117.086429 -0.000000 4.035886 4.758003 
932 284.221969 436.982402 251.105070 444.465022 215.180129 215.872491 231.067176 231.067176 -0.000000 1.268138 1.414914 
943 445.025629 539.524361 421.041383 538.231998 456.792312 176.316197 363.440981 363.440981 0.000000 1.603182 1.669259 
947 399.875725 747.315412 438.990595 738.950346 510.353285 1109.350384 377.723739 377.723739 -0.000000 4.416208 4.522057 
983 212.688746 529.758583 170.419393 512.415046 242.451855 391.428213 140.104039 140.104039 -0.000000 1.782725 2.107808 
999 315.837504 219.760974 337.469744 215.893125 343.054846 345.697028 128.598882 128.598882 -0.000000 4.499542 4.669388 
1002 158.997857 544.999492 168.650367 547.026708 163.754289 544.553625 5.309780 5.309780 -0.000000 3.048126 0.467731 
1013 172.073058 630.651882 154.028352 626.864906 245.088532 209.092841 427.625571 427.625571 -0.000000 1.742298 1.785406 
1029 120.407271 184.843761 134.973262 173.666083 142.295012 193.637298 23.401447 23.401447 -0.000000 3.523612 4.360990 
1041 289.214205 308.075522 301.548101 296.134016 297.613986 303.629268 10.136382 10.136382 -0.000000 2.654757 5.195743 
1042 278.242507 501.092534 213.769367 483.863034 325.729472 202.384292 301.395259 301.395259 0.000000 1.728451 1.949367 
1060 311.302839 138.471228 278.670716 155.250839 219.675387 0.976788 165.226531 165.226531 0.000000 0.982973 1.205549 
1078 137.019962 574.009772 148.423191 577.822471 143.055147 574.335604 6.021696 6.021696 -0.000000 3.195529 0.576066 
1109 506.843031 474.520026 518.353585 480.566112 510.849621 486.593946 11.223440 11.223440 -0.000000 4.391984 5.606444 
1134 481.878161 472.127293 499.812145 471.992091 489.494024 488.313672 18.440875 18.440875 0.000000 4.272610 5.276132 
1153 45.135203 396.988894 47.358301 424.052711 -12.647270 416.765544 59.871599 59.871599 0.000000 5.953422 0.120850 
1169 179.692079 721.438904 134.230049 702.277816 189.042855 637.923348 83.772017 83.772017 0.000000 1.682296 2.276295 
1171 452.070716 758.254780 473.115174 752.467789 475.565640 800.308649 47.401267 47.401267 -0.000000 4.202901 4.661213 
1179 359.252816 458.994799 352.993244 468.843330 354.335425 464.576839 5.969323 5.969323 -0.000000 5.434568 1.875581 
1190 236.391799 229.811394 283.025162 221.819275 264.121994 252.612038 34.673758 34.673758 0.000000 3.829743 5.262954 
1202 655.304686 107.417945 710.931878 89.169004 697.067617 131.277686 45.475865 45.475865 0.000000 3.660652 5.030460 
1205 254.344802 272.088392 285.063681 244.573823 267.424092 258.425415 22.027161 12.793067 -0.355897 2.334372 5.617500 
1211 622.279891 724.659555 643.746667 742.308141 516.551213 877.204289 185.147886 185.147886 -0.000000 5.318469 5.468414 
1214 342.885821 450.191852 435.210210 454.437612 372.007005 724.600260 276.695163 276.695163 -0.000000 4.606661 4.942201 
1217 242.004999 538.970478 163.780884 514.438142 258.449016 345.122738 194.015434 194.015434 -0.000000 1.655423 2.080617 
1240 458.776093 17.642799 410.993765 30.239880 414.528989 -48.998848 79.614021 79.614021 0.000000 0.984673 1.615382 
1241 520.938529 47.821576 512.551342 34.765175 517.262994 40.713875 7.924553 7.924553 -0.000000 1.093547 4.042516 
1244 154.770170 559.754090 164.859913 563.704575 158.996732 562.375324 5.563102 5.563102 -0.000000 3.696719 0.222943 
1247 50.201676 725.791681 74.584136 749.396623 -67.184064 874.110935 188.421013 188.421013 0.000000 5.381888 5.561696 
1254 383.848399 464.709645 439.135700 461.050131 427.647193 726.927110 265.138517 265.138517 -0.000000 4.546885 4.755572 
1259 245.001427 751.026667 209.048175 742.870311 271.523126 541.931051 211.146319 211.146319 -0.000000 1.696963 1.872236 
1265 719.322052 140.065436 629.617859 154.769370 633.644047 -117.478811 269.247762 269.247762 0.000000 1.249640 1.585584 
1306 191.022940 212.149010 217.514765 211.159130 208.830233 236.724340 28.143322 28.143322 0.000000 4.085343 5.039860 
1338 446.184279 249.620742 432.137928 244.960811 439.573420 242.436853 9.287914 9.287914 -0.000000 0.826914 2.814350 
1346 226.385573 688.944635 236.910388 683.648736 233.184608 690.429836 9.202042 6.921356 0.692650 3.356657 5.214799 
1372 382.114549 479.929074 346.947352 477.126328 387.703650 84.354629 396.303832 396.303832 0.000000 1.584924 1.674192 
1445 143.744479 556.058624 152.679969 559.929913 148.128734 557.975267 7.448223 5.085173 1.435241 3.553722 0.405656 
1477 158.354565 375.473449 172.171566 384.707629 114.637830 456.022114 91.259749 91.259749 0.000000 5.209639 5.391239 
1511 247.889826 466.355903 274.665487 469.413170 258.671094 490.949219 26.447292 26.447292 0.000000 4.299238 5.351189 
