5 551.132402 229.076380 549.109034 259.074803 444.858962 239.149576 105.751176 105.751176 -0.000000 6.188682 0.188852 
32 645.625077 761.313506 337.894693 929.698759 414.407445 716.754645 245.170643 212.327191 -0.398532 0.190380 1.915740 
34 -0.661669 410.327570 -0.758601 566.538609 44.390249 489.225778 90.151356 90.151356 -0.000000 4.193556 2.099350 
39 295.971890 -1.287172 -1.693065 274.088281 186.491819 179.538696 210.904449 209.790787 1.464607 5.256802 2.676004 
41 154.658167 549.184500 615.771705 803.879986 392.288524 664.110259 265.997385 262.695413 -0.585074 3.592061 0.558898 
42 624.622529 183.588703 595.610632 201.040451 591.966227 159.105435 40.628366 40.628366 -0.000000 0.643326 1.484108 
45 311.671715 -1.827030 86.950534 375.118325 185.264385 179.900379 219.112526 219.112526 -0.000000 5.320147 2.037328 
46 -0.758880 78.532133 70.488267 -0.657281 165.736112 156.427949 182.822020 182.822020 0.000000 3.579197 4.167317 
54 581.496149 847.574363 315.027615 915.865432 389.841015 652.573704 273.439945 273.439945 -0.000000 0.794050 1.847646 
56 8.736155 397.838954 -0.635838 574.734840 43.876192 488.798618 96.756165 96.756165 -0.000000 4.343726 2.048713 
66 525.420209 253.419316 516.428732 262.429946 500.485223 237.907287 28.896617 28.896617 -0.000000 0.556510 0.994313 
77 446.454649 780.740174 422.027452 815.075642 422.834423 792.453548 28.201269 20.959930 -0.034041 5.822820 1.606453 
79 616.484419 224.053760 605.246314 239.884735 578.068932 209.021540 40.399377 40.399377 -0.000000 0.372989 0.848817 
99 630.645480 239.338157 618.730923 227.277907 650.362205 206.922949 37.168964 37.168964 -0.000000 2.117264 2.569795 
117 308.398046 67.363183 324.966103 70.583227 317.301470 68.135286 8.285762 5.330291 -0.029781 3.228096 0.309142 
118 326.502455 107.680229 334.711054 100.258055 329.319503 102.223052 5.587777 5.405693 0.662560 2.047328 5.933688 
121 318.037874 74.825393 308.912104 68.567499 316.280694 66.886170 7.717788 7.717788 0.000000 1.352979 2.917258 
124 347.963116 455.903220 344.128969 447.080311 345.758830 451.444875 6.890182 3.912211 -1.074808 1.111624 4.354995 
134 321.909529 97.517781 325.997380 85.976859 326.794253 92.456152 8.300249 5.930278 0.467031 2.338410 4.590016 
147 373.623073 456.716821 371.987452 450.043476 368.400507 454.438809 5.303922 5.303922 -0.000000 0.411307 5.396858 
148 337.717681 930.033747 297.698395 919.104363 391.876970 671.089177 264.374861 264.374861 0.000000 1.776978 1.933707 
152 351.326989 453.500947 349.978826 447.221792 345.098519 452.008683 8.126176 5.727020 -1.212630 0.235155 5.507450 
157 384.753634 457.809237 376.619421 450.214926 380.496443 454.582501 5.610618 5.245410 -0.577003 0.648569 3.986421 
164 231.608460 874.835325 146.276655 567.120194 389.327709 665.613798 263.355268 263.355268 -0.000000 2.216750 3.526607 
165 260.596345 699.944917 265.952615 673.692511 343.935358 702.404915 83.025594 83.025594 -0.000000 3.171102 3.494379 
167 611.921688 807.965185 582.013911 847.012149 346.536362 629.319755 320.354071 320.354071 -0.000000 0.592481 0.746172 
169 298.449598 728.078064 263.602268 702.083143 291.961069 693.772182 38.719423 26.471452 -1.295353 1.383867 2.856511 
171 453.002719 460.353203 451.040129 450.596695 449.703469 455.459016 5.293329 5.293329 -0.000000 0.977654 4.980664 
172 299.082959 730.143199 269.707895 725.298239 282.484362 709.526823 26.473222 19.087005 1.162841 0.892943 2.251667 
182 338.324039 138.326519 350.285632 137.816965 344.531882 142.940781 7.625291 7.625291 -0.000000 3.780789 5.555634 
186 -1.047131 70.252505 26.036546 32.312238 191.805361 180.450685 221.332222 221.332222 0.000000 3.660726 3.870886 
194 565.590782 456.309106 655.592378 720.070945 398.802873 659.178343 262.329118 262.329118 0.000000 5.400488 0.232830 
202 450.748813 452.337910 449.101105 452.341213 449.242811 455.471849 3.383427 2.870159 -1.492864 5.160353 4.667155 
206 345.184083 154.217060 351.097294 160.325839 351.036903 155.798608 6.461510 4.196370 -0.066434 3.405509 1.557457 
210 418.105780 461.907172 420.169315 449.170960 419.639546 455.068844 5.973164 3.586998 -1.132541 1.791435 4.801972 
212 260.437677 781.386675 257.401082 782.922504 279.599713 782.594275 20.091059 13.462912 0.138568 3.204530 3.126808 
213 355.035309 173.167883 361.224968 166.925909 355.917238 167.658545 5.568290 5.309571 -1.356019 1.729529 6.146020 
221 77.106989 369.349215 47.519293 348.359439 163.832932 217.996978 174.383012 174.383012 0.000000 2.091132 2.299303 
223 439.117192 459.204248 437.242939 449.267261 437.346017 454.943467 6.229367 4.013617 -1.089405 1.176835 4.694231 
226 393.178703 710.061055 402.283024 683.413386 501.073579 731.378774 109.152769 109.152769 0.000000 3.336659 3.593594 
250 289.960012 588.945311 291.275725 612.041260 141.671816 609.805905 149.472653 149.472653 0.000000 6.143426 0.014941 
257 478.831592 719.962605 493.960308 676.983569 721.000553 781.567333 250.120818 250.120818 0.000000 3.390696 3.573259 
286 132.571472 573.811306 212.008316 457.008760 386.536234 663.113250 269.098421 269.098421 -0.000000 3.479720 4.009759 
287 26.684810 32.707108 62.626433 -0.475284 409.480097 399.685320 530.297031 530.297031 0.000000 3.905898 3.998230 
295 204.161594 209.389674 188.032455 216.078264 156.758334 117.548973 103.214025 103.214025 -0.000000 1.094315 1.263445 
303 67.758348 199.998946 96.048483 131.895888 138.156503 219.210372 95.562236 62.231494 1.084016 3.408002 4.263036 
307 642.976983 205.351686 638.490033 217.816426 610.882962 201.911842 31.608534 31.608534 -0.000000 0.106773 0.522665 
312 270.736723 778.504508 292.444132 786.175772 280.898122 788.332156 13.707539 13.707539 -0.000000 3.910296 6.098548 
336 6.182427 50.155845 56.584145 -0.487037 172.924653 166.032566 202.439969 202.439969 -0.000000 3.748918 4.102563 
346 477.744000 760.044764 489.853500 729.900971 514.680500 761.524734 38.350415 38.350415 0.000000 3.181639 4.046816 
352 476.803599 706.471728 493.511760 673.667028 614.100554 752.220702 144.233795 144.233795 -0.000000 3.463234 3.718964 
361 232.316760 167.299842 216.860914 160.307433 259.609672 83.054494 88.118274 88.118274 0.000000 1.884096 2.076216 
371 417.271355 600.798063 439.120002 559.093356 440.470131 588.320835 29.081582 29.081582 -0.000000 2.648133 4.666228 
382 623.355824 837.137092 644.056942 783.407220 1503.467547 1153.899091 935.538000 935.538000 0.000000 3.487070 3.548619 
383 244.379492 135.677015 257.244066 150.792276 205.702879 182.304804 59.855783 59.855783 -0.000000 5.404846 5.734422 
385 46.746500 348.249118 -0.676674 292.479338 178.516180 186.965930 207.473765 207.473765 0.000000 2.255822 2.609430 
392 501.203702 619.779317 510.810563 605.503083 510.128235 617.095198 11.498802 11.498802 -0.000000 2.849441 4.771183 
393 584.162340 264.367647 570.521054 260.865616 595.146663 190.274714 74.621032 74.621032 -0.000000 1.717975 1.906446 
397 670.823531 329.090149 670.035373 329.022705 668.474033 332.617393 3.826859 3.826859 -0.000000 5.299999 5.122149 
411 134.858513 69.950325 158.194258 42.326369 180.437075 83.587676 47.863963 47.863963 0.000000 3.432320 4.217974 
415 248.529790 131.575022 261.917236 148.264228 207.771988 174.447840 58.867219 58.867219 0.000000 5.472503 5.832759 
417 89.736997 209.866348 76.362816 236.184374 -32.846813 162.998780 130.764521 130.764521 0.000000 0.365182 0.590402 
435 675.290311 669.110362 678.706627 638.838630 706.468592 652.807305 33.776336 33.776336 -0.000000 2.659795 3.607764 
443 280.571770 911.868380 255.702045 899.604205 385.580092 679.945033 254.611968 254.611968 0.000000 1.995953 2.104773 
451 429.305106 615.222392 424.985743 628.935507 419.504212 618.608565 12.146809 12.146809 -0.000000 5.950528 1.082814 
454 116.629195 274.264868 100.169334 228.018092 162.365481 229.991820 62.983732 62.983732 -0.000000 2.372450 3.173316 
461 229.885999 267.796945 197.918677 263.260927 226.486850 203.271595 65.919998 65.919998 -0.000000 1.518166 2.015240 
491 128.472120 98.388700 147.086585 83.148452 188.122159 157.378573 84.943337 84.943337 0.000000 3.921426 4.207387 
497 142.469774 565.203597 278.989388 419.981232 384.435260 657.154137 258.529402 258.529402 -0.000000 3.504753 4.294039 
500 166.752789 485.882223 153.864132 512.935269 49.335225 443.931256 124.458422 124.458422 0.000000 0.343146 0.583473 
504 238.007622 723.452924 204.608575 679.800403 237.512960 688.526392 34.380875 34.380875 -0.000000 1.556634 3.400818 
512 362.389735 722.120143 373.709840 738.328744 349.088727 740.379442 24.644368 24.644368 -0.000000 5.341956 6.200087 
513 143.670255 565.828427 354.023041 400.109639 388.767846 659.607813 261.044011 261.044011 -0.000000 3.507028 4.579288 
524 278.935490 419.834826 313.708632 406.253966 440.748242 754.004850 370.448570 370.448570 -0.000000 4.261443 4.362134 
529 118.238056 267.432019 104.068241 222.992500 171.719593 225.807943 67.356391 67.356391 -0.000000 2.480231 3.183186 
533 68.573013 407.978055 112.066638 487.674718 60.791376 462.050261 58.232256 52.283687 0.695595 4.855320 0.463442 
536 81.348879 205.852101 78.823567 158.945674 137.682902 177.933008 63.220463 63.220463 -0.000000 2.681472 3.453642 
540 244.496862 176.443756 251.733267 224.121217 203.173342 204.905982 51.281754 51.281754 -0.000000 5.680039 0.376795 
548 152.495351 523.313786 185.867932 473.884722 377.585660 631.986894 248.940648 248.940648 0.000000 3.591384 3.831191 
551 111.668619 286.651473 81.494861 236.524703 98.057202 259.275973 27.862250 14.866175 1.008468 1.109382 4.083134 
559 337.960958 927.147972 269.403397 901.990467 400.432373 652.240022 282.319554 282.319554 0.000000 1.794246 2.053961 
562 167.035448 278.962350 161.985077 264.997081 175.103737 267.008540 14.440448 14.440448 0.000000 2.164515 3.293736 
564 31.122828 505.851068 9.461844 443.960420 37.253705 465.257234 41.913680 29.098242 1.432206 1.720693 3.795442 
565 130.601913 259.835189 109.677676 271.101835 117.123936 247.319708 28.883632 15.027155 -1.546360 0.748387 1.874231 
586 360.344582 728.546846 364.277966 743.777081 356.685843 737.563705 10.236731 10.236731 -0.000000 5.097857 0.685859 
591 414.022832 930.759691 340.013840 926.910139 395.317009 616.755642 314.815939 314.815939 0.000000 1.511295 1.747250 
595 264.964857 175.975862 261.863079 225.184686 138.863506 196.840207 126.759606 126.759606 -0.000000 6.119214 0.226490 
599 267.955067 179.988153 268.352114 211.995632 189.086516 198.087956 79.515739 79.515739 -0.000000 6.057598 0.173689 
612 271.333451 164.893124 276.138987 193.994987 224.555804 187.340604 51.597095 51.597095 -0.000000 5.835766 0.128294 
621 10.140304 444.636371 32.821971 415.822427 69.142785 471.870688 65.734902 65.734902 0.000000 3.574034 4.137402 
625 104.906924 298.202064 98.692475 88.733610 92.983068 193.546390 98.720174 33.061040 -1.530266 1.457351 4.766808 
626 33.188269 416.324228 65.911557 408.844337 61.576016 461.453098 53.117522 53.117522 0.000000 4.150892 4.794614 
634 295.763404 220.892877 296.716700 269.170715 211.813648 249.257943 87.692231 87.692231 0.000000 5.957347 0.230372 
641 160.019148 293.892618 123.834136 280.280917 169.917437 213.952493 80.584367 80.584367 0.000000 1.693991 2.178007 
643 426.020133 927.236820 343.905721 926.270534 390.653887 660.393302 269.050718 269.050718 0.000000 1.439029 1.744843 
654 448.214945 340.661897 421.150413 322.792382 572.431736 115.639418 256.680774 256.680774 0.000000 2.075189 2.201562 
662 439.065549 398.623329 478.972206 408.093977 348.120142 833.830883 445.272186 445.272186 -0.000000 4.918395 5.010579 
667 213.993852 870.006332 150.076150 789.954493 386.525920 666.157058 266.665795 266.665795 0.000000 2.273180 2.659269 
670 124.513681 73.283977 151.301158 41.437331 166.446836 77.872192 39.975352 39.975352 -0.000000 3.250576 4.318429 
673 109.348669 272.801149 98.227010 253.300219 321.077805 144.046861 247.781107 247.781107 -0.000000 2.595232 2.685773 
679 550.410164 467.631116 556.656859 844.719754 384.147209 658.376507 252.223746 252.223746 0.000000 5.429318 0.823929 
681 385.891199 736.917619 401.282970 746.789567 393.756845 741.159404 10.825392 9.014644 -1.071230 3.636168 0.642273 
694 567.487332 469.492346 585.655342 488.410277 498.873862 553.819231 108.376889 108.376889 0.000000 5.395404 5.637308 
700 171.915690 49.288016 199.902308 69.110503 139.288419 123.365362 81.122920 81.122920 0.000000 5.127272 5.553090 
702 89.815304 169.981589 95.390898 143.814204 129.908049 166.942836 40.166552 40.166552 0.000000 3.065944 3.731942 
704 503.290445 904.729278 427.959470 926.769785 398.968477 701.009487 227.807988 227.807988 0.000000 1.097527 1.443080 
707 591.892840 495.072567 605.306279 511.721761 503.543929 578.208271 121.273010 121.273010 0.000000 5.528178 5.704458 
720 648.951315 625.833828 650.068816 692.043498 423.754880 661.945435 227.440768 227.440768 0.000000 6.124183 0.132217 
724 629.850441 320.824110 620.592152 328.696406 605.572127 301.620438 30.734340 30.734340 -0.000000 0.669217 1.064324 
728 297.972357 253.346264 288.201571 280.783996 254.593521 253.758108 41.819900 41.819900 -0.000000 6.273691 0.677266 
733 654.584673 677.068088 651.097626 707.011369 229.941603 641.620247 425.970646 425.970646 0.000000 0.083284 0.154036 
737 89.248400 205.903770 80.293698 173.939410 124.788074 178.919545 43.767022 43.767022 -0.000000 2.492185 3.253056 
740 140.680492 137.739577 118.976547 132.191848 140.972966 110.363404 28.561971 28.561971 -0.000000 1.581479 2.360027 
741 623.513878 202.326822 615.408057 208.180282 610.055277 193.684955 15.129768 15.129768 -0.000000 0.570807 1.217053 
744 626.755785 293.953916 620.753557 306.572973 611.704079 294.472172 14.999920 14.999920 -0.000000 6.248767 0.928678 
746 486.756822 419.523133 533.662991 443.569801 388.228240 668.608849 267.686503 267.686503 -0.000000 5.089063 5.286134 
751 68.711893 163.930336 75.846688 143.914616 111.162484 167.157736 42.450978 42.450978 -0.000000 3.217474 3.723676 
753 356.950367 399.614320 381.005819 397.712442 388.901292 608.865864 211.627020 211.627020 0.000000 4.560868 4.675014 
754 635.129829 761.061455 606.390597 813.240707 413.093802 671.200775 239.284486 239.284486 -0.000000 0.384562 0.633720 
756 300.198436 173.012197 333.970782 138.919140 336.331456 176.811776 36.625282 36.625282 0.000000 3.246363 4.650170 
763 648.945057 694.849055 638.503993 737.786652 516.937510 687.230334 131.522827 131.522827 0.000000 0.057650 0.394115 
771 105.326399 169.894017 107.969587 146.983652 121.291035 160.507387 18.704561 18.704561 -0.000000 2.610070 3.934526 
772 280.714720 267.588497 270.699129 279.752264 231.946787 238.358117 56.708862 56.708862 -0.000000 0.539961 0.818348 
780 689.842534 699.952215 699.992263 682.993195 711.681853 702.196929 21.777340 21.777340 0.000000 3.244016 4.165586 
784 643.091268 625.922559 634.690221 733.156523 387.668532 659.883293 257.389101 257.389101 0.000000 6.151002 0.288359 
796 427.042404 404.776053 482.258818 418.168047 403.159593 623.890065 220.029971 220.029971 -0.000000 4.820958 5.079459 
815 8.940734 436.429667 65.954135 404.522361 67.918897 476.971029 72.472382 72.472382 -0.000000 3.743809 4.685276 
837 629.690603 649.982149 621.993537 716.998648 396.074953 659.065033 233.076885 233.076885 -0.000000 6.244325 0.251027 
840 613.939620 196.876741 597.464151 204.947507 578.373496 143.871357 63.362711 63.362711 0.000000 0.979806 1.267846 
866 339.157141 131.004120 346.895649 127.161307 344.101487 132.373527 7.880099 4.672427 1.244037 3.411784 5.204481 
