23 501.140748 435.996717 499.973614 385.953970 1155.007829 388.285937 655.008910 655.008910 0.000000 3.068755 3.145153 
79 451.000604 387.028387 487.005578 386.262081 479.666697 822.900101 436.492103 436.492103 0.000000 4.646716 4.729195 
83 418.989127 411.414485 424.973727 418.986830 420.976805 416.501027 5.320903 5.320903 -0.000000 4.339863 0.556388 
118 174.231646 456.248543 158.648019 339.982137 390.541958 367.125367 233.345781 233.345781 0.000000 2.750771 3.258113 
124 320.240132 122.783704 902.399308 430.136932 499.626175 470.283681 407.938372 376.717051 0.248994 4.235851 6.183838 
140 404.725492 386.987093 404.049687 348.999116 799.919248 348.658617 396.192551 396.192551 -0.000000 3.044909 3.140733 
146 782.401585 302.929541 770.956544 437.984365 558.089433 352.225985 229.617201 229.617201 -0.000000 6.066857 0.382981 
171 686.373374 209.563308 740.567971 402.096724 543.450294 353.469320 202.608640 202.608640 0.000000 5.494360 0.241863 
176 483.995563 594.307193 396.713974 587.715570 458.634877 266.409833 328.270101 328.270101 0.000000 1.493607 1.761179 
177 729.794369 435.366400 658.189497 527.214647 519.397931 343.180154 229.829460 229.829460 0.000000 0.412960 0.924638 
179 270.616887 526.510332 198.341794 389.970487 412.291155 362.332384 217.218505 217.218505 0.000000 2.282750 3.013124 
184 161.250265 425.118232 160.918317 315.822141 377.291336 369.334720 222.532838 222.532838 -0.000000 2.888904 3.384044 
185 197.025509 386.005574 200.815782 326.819294 398.792810 367.883065 202.050341 202.050341 0.000000 3.052014 3.346110 
189 477.436495 418.010055 478.433927 396.935219 557.372593 410.860159 80.028548 80.028548 0.000000 3.052385 3.316198 
197 420.071321 370.498532 421.008150 361.324861 417.109753 366.070959 6.595215 4.882766 -0.132585 0.981255 5.400037 
198 225.255099 302.659216 356.015881 175.881236 442.911400 396.015524 236.235133 236.235133 -0.000000 3.546776 4.336426 
202 161.904455 366.200249 164.978538 387.074638 -28.260462 406.553841 194.353378 194.353378 0.000000 6.074084 6.182721 
208 230.609497 309.204329 364.715398 182.116865 455.075102 411.240017 247.278652 247.278652 -0.000000 3.568242 4.336744 
209 202.248754 318.085247 295.444945 184.360997 436.891684 383.417128 243.375606 243.375606 0.000000 3.413146 4.094593 
213 763.134445 838.046879 163.091956 769.934286 489.955203 616.073046 365.509489 334.057752 -0.018916 0.682351 2.701642 
214 463.989703 114.638195 496.029765 115.155132 478.054099 282.054400 167.462448 167.462448 -0.000000 4.628577 4.819679 
217 584.552254 169.054632 698.271852 251.793523 510.802357 386.129785 228.851641 228.851641 -0.000000 5.039898 5.661420 
218 579.385211 176.068280 704.530478 275.362832 499.263142 404.084220 241.632932 241.632932 -0.000000 5.050300 5.723083 
234 514.155436 164.972755 492.820817 163.336950 512.641214 37.836135 127.056683 127.056683 0.000000 1.558887 1.727433 
236 61.300310 554.146504 301.409957 130.762900 363.535734 432.718631 345.479547 283.109892 -0.937861 2.759565 4.509476 
241 295.748504 184.654419 411.325662 132.832939 473.559876 433.871514 306.368769 306.368769 -0.000000 4.092673 4.508529 
247 264.780180 262.711991 370.526567 183.992555 453.389233 408.723496 238.019810 238.019810 -0.000000 3.800371 4.359136 
258 647.388878 176.496267 685.501206 208.419131 529.218813 353.967491 212.923531 212.923531 -0.000000 5.299829 5.533335 
263 521.043950 164.832308 676.646999 249.372910 485.550268 417.736017 254.126571 254.126571 -0.000000 4.851823 5.560947 
269 239.171637 458.919988 227.138801 339.821315 411.693615 384.813500 188.594788 188.594788 -0.000000 2.735876 3.380716 
271 126.316710 718.454455 61.560987 554.084174 471.083126 487.626581 414.931099 414.931099 -0.000000 2.551618 2.980714 
276 697.234388 252.487094 718.548654 289.230103 580.235959 346.889984 149.706957 149.706957 -0.000000 5.604267 5.888212 
278 227.045102 339.630468 246.218653 290.084616 393.707232 376.160535 169.415675 169.415675 -0.000000 3.357367 3.669874 
279 903.099084 430.993760 893.212195 594.304250 504.271208 492.221641 402.388801 402.388801 -0.000000 6.130855 0.256674 
293 825.851724 735.869199 785.526284 781.582113 247.676847 270.045823 741.920565 741.920565 -0.000000 0.678194 0.760329 
301 676.478252 249.636146 713.993366 317.429098 538.430928 369.939723 182.838805 182.838805 -0.000000 5.566360 5.992555 
306 609.986025 882.945425 421.908437 898.148305 482.662252 465.452305 436.428719 436.428719 0.000000 1.274784 1.710292 
310 701.040740 270.979218 710.589888 289.699094 646.853912 310.547092 66.514046 66.514046 -0.000000 5.652469 5.967056 
312 421.864773 897.843941 322.717078 872.810473 466.019501 515.536287 384.658747 384.658747 -0.000000 1.685782 1.952250 
