10 198.596747 517.590871 251.687748 471.954039 363.979634 654.572040 214.151182 214.151182 -0.000000 3.833333 4.161085 
12 445.884178 504.907679 475.091261 551.462359 334.486968 606.873744 150.791967 150.791967 0.000000 5.541961 5.907780 
14 168.750116 640.168577 177.789584 556.470622 372.816988 619.521913 205.136911 205.136911 -0.000000 3.040760 3.454281 
17 200.936525 286.943062 229.173641 264.665904 240.485483 307.635268 44.241773 44.241773 0.000000 3.623631 4.454976 
25 526.048546 436.189519 572.341624 447.598783 604.831499 623.288950 208.327441 51.916760 1.228505 4.313847 4.529528 
43 55.676010 204.882232 68.737602 111.947808 824.433846 269.983724 772.022343 772.022343 0.000000 3.226075 3.347748 
50 726.892608 360.076743 744.776554 395.726175 650.679121 416.158652 95.750492 95.750492 -0.000000 5.648800 6.069363 
74 210.974863 590.979111 215.437708 604.594546 212.399141 598.529764 11.710327 6.467014 -0.851068 4.525950 1.106334 
87 122.975026 62.041761 124.912746 34.651278 369.236097 58.929219 246.039039 246.039039 0.000000 3.128954 3.240636 
90 372.068067 760.250773 290.976994 765.161584 324.328514 638.544243 130.273080 130.273080 -0.000000 1.196988 1.828350 
102 97.119181 233.981527 100.482411 131.858763 666.111919 198.702706 570.202330 570.202330 -0.000000 3.079670 3.259223 
107 130.291749 124.010935 132.242299 71.971600 914.221142 131.330287 783.796146 783.796146 -0.000000 3.150929 3.217356 
119 297.415660 240.558034 288.776895 161.932040 640.355032 157.066235 351.886531 351.886531 -0.000000 2.902779 3.127754 
138 309.144498 240.611567 344.520738 289.800108 324.402229 265.838769 29.540175 15.527352 0.822020 4.168438 0.872357 
151 85.287903 164.962573 86.970666 132.945899 500.559082 170.929172 415.083952 415.083952 -0.000000 3.155960 3.233174 
153 682.064883 180.964256 682.596431 237.029979 38.235187 216.535099 644.409699 644.409699 0.000000 6.227993 0.031796 
163 69.028183 214.001183 71.801035 147.949667 699.943098 208.230629 630.344255 630.344255 -0.000000 3.132447 3.237267 
174 65.230964 286.010086 67.766469 227.946135 770.718120 282.784320 704.870761 704.870761 0.000000 3.137020 3.219446 
194 88.209213 175.005129 93.228525 106.027299 357.662653 163.367908 269.570879 269.570879 -0.000000 3.098431 3.355129 
200 566.920296 534.126834 520.249900 487.515536 590.806235 459.598150 76.255889 76.255889 -0.000000 1.880947 2.764820 
202 177.324391 677.985696 175.698082 742.976470 -132.105712 700.967924 310.240720 310.240720 -0.000000 6.209049 0.135640 
215 325.094827 182.896024 320.196128 164.085509 327.584917 171.539800 10.535453 10.535453 -0.000000 1.786651 3.931404 
218 38.725738 135.967915 48.544912 83.147184 273.405710 151.318740 235.049562 235.049562 0.000000 3.206911 3.435957 
221 365.971799 698.046043 329.605904 674.066309 543.575128 400.994405 346.345090 346.345090 0.000000 2.109661 2.235434 
231 21.301575 34.007752 20.169975 78.030074 -247.794883 50.313267 268.861522 268.861522 0.000000 6.222666 0.103068 
254 366.763581 581.780977 412.249539 565.888290 400.031998 600.667055 37.549874 37.549874 0.000000 3.657914 5.050215 
258 435.579024 215.840988 439.495999 238.248186 377.234572 244.449630 63.988300 63.988300 0.000000 5.827295 6.183909 
288 774.755905 386.004630 773.579855 324.007970 1449.747086 342.900073 675.891889 675.891889 -0.000000 3.077820 3.169525 
335 67.066689 414.996834 67.358383 328.997824 801.599450 376.698708 734.691045 734.691045 -0.000000 3.089500 3.206468 
338 382.740786 708.732010 363.257990 717.697669 366.689631 706.639385 14.079224 14.079224 -0.000000 0.129641 1.871697 
340 425.708420 35.976985 425.647039 104.021048 -83.618240 70.861275 510.195110 510.195110 0.000000 6.214801 0.065021 
358 108.492733 124.982360 108.606882 181.015921 -109.788728 152.001374 219.410582 219.410582 -0.000000 6.160031 0.132080 
379 602.869458 495.611590 592.672884 518.068160 586.507412 502.124576 18.036972 18.036972 -0.000000 5.904357 1.201803 
393 22.327746 469.019709 25.218218 420.952988 318.084069 459.102232 295.022181 295.022181 -0.000000 3.108073 3.271125 
398 658.076237 106.989888 662.965829 162.037218 201.731810 181.953997 462.228476 462.228476 -0.000000 6.120369 6.240031 
403 101.304712 434.993742 101.380772 463.004397 -61.897914 453.158109 163.710253 163.710253 0.000000 6.172342 0.060231 
412 665.590161 478.684250 635.248619 507.356948 606.774609 447.484175 65.954633 65.954633 -0.000000 0.487728 1.126879 
415 366.064394 697.785941 373.885392 707.096275 297.177654 762.583085 94.372931 94.372931 -0.000000 5.528369 5.656957 
416 297.848117 -0.016759 296.188845 15.020837 208.952106 -3.029230 88.914898 88.914898 -0.000000 0.033875 0.204030 
444 258.549213 603.477101 360.871698 667.117708 232.422065 765.023866 161.012439 161.012439 0.000000 4.872732 5.631913 
458 85.403927 490.015398 88.819369 391.979723 514.897080 453.801897 430.565269 430.565269 -0.000000 3.057475 3.285683 
470 120.096068 573.134495 113.600072 626.073633 -242.630739 555.786041 362.528743 362.528743 0.000000 0.047791 0.194807 
473 27.861102 211.982099 32.506578 175.936409 369.801355 239.791424 342.826311 342.826311 -0.000000 3.222742 3.328694 
474 32.529622 254.971787 34.389513 223.963383 225.996522 249.053926 192.977992 192.977992 0.000000 3.111014 3.271800 
475 34.379351 307.884361 39.982702 277.810458 202.402539 321.629595 167.917582 167.917582 -0.000000 3.223216 3.405108 
489 246.313679 582.746048 252.280719 574.721539 270.843277 594.022762 27.316290 27.316290 -0.000000 3.572499 3.946497 
502 75.986686 168.999734 74.766246 229.995323 -675.719809 187.708082 751.395848 751.395848 -0.000000 6.258303 0.056287 
511 63.511029 39.953398 61.792973 57.980269 -651.772289 -31.966936 718.972122 718.972122 -0.000000 0.100211 0.125392 
536 662.472282 273.972555 661.837267 188.030932 1454.832386 227.676701 794.051056 794.051056 -0.000000 3.083231 3.191546 
545 266.476494 69.018094 265.998639 108.012238 -99.118653 89.802078 365.369430 365.369430 -0.000000 6.226397 0.049834 
568 381.995722 57.991964 382.379847 9.987036 542.903597 35.749681 161.316242 161.316242 0.000000 3.004233 3.300727 
579 92.866039 504.003678 96.111847 384.009750 681.711366 459.255594 590.099002 590.099002 -0.000000 3.065746 3.269386 
588 619.929202 294.006337 617.596708 267.946591 850.051784 263.424880 232.105682 232.105682 0.000000 3.009475 3.122143 
593 56.819185 399.993570 54.719866 459.025600 -469.254585 402.322189 526.022916 526.022916 0.000000 6.278759 0.107798 
609 176.969856 138.089609 183.078640 106.017153 813.072021 257.092024 647.664197 647.664197 -0.000000 3.326535 3.376952 
619 114.259237 38.023515 117.718866 -0.116211 591.720294 61.758282 477.783809 477.783809 0.000000 3.191262 3.271395 
643 78.186537 186.006444 87.553753 97.105707 466.402706 182.553748 388.106659 388.106659 -0.000000 3.132699 3.363427 
649 129.353758 448.034044 123.922349 489.986366 -208.760733 423.547587 339.090349 339.090349 -0.000000 0.072294 0.197113 
652 12.007360 564.096825 9.338089 496.985919 779.695168 500.974341 769.971273 769.971273 -0.000000 3.059553 3.146770 
657 208.248977 790.016278 206.753238 721.005348 994.434654 734.722157 787.453786 787.453786 0.000000 3.071376 3.159005 
660 361.176231 73.098096 358.858498 30.007611 513.106592 40.394924 154.067632 154.067632 -0.000000 2.929577 3.208833 
672 153.341680 530.940541 150.165633 566.105279 -386.384390 502.630907 540.155083 540.155083 -0.000000 0.052404 0.117754 
680 15.647419 51.969660 23.439649 5.871600 148.643547 53.533841 132.812801 132.812801 0.000000 3.153353 3.505331 
700 6.268522 83.036144 13.837332 46.214052 142.504387 96.397797 137.131589 137.131589 0.000000 3.239357 3.513473 
702 53.925312 183.878315 65.669265 112.930200 345.083223 199.059511 291.385144 291.385144 0.000000 3.193686 3.440601 
706 99.057235 498.055768 98.583015 553.000368 -313.945344 524.738552 412.961923 412.961923 0.000000 6.218668 0.068402 
726 785.903558 109.952272 788.018927 149.999000 528.562194 142.577906 258.984788 258.984788 -0.000000 6.157078 0.028595 
740 552.529558 692.006931 549.643555 761.044185 143.732500 708.311222 408.771209 408.771209 -0.000000 6.243323 0.129189 
756 92.197243 177.938709 97.236124 111.941678 536.886520 180.125441 443.906325 443.906325 -0.000000 3.146510 3.295453 
796 637.258399 174.923694 638.794949 206.010902 526.320514 196.133427 112.629936 112.629936 0.000000 6.094279 0.087595 
797 89.177510 309.997242 89.402188 242.997995 869.056326 277.045942 779.961212 779.961212 0.000000 3.099366 3.185236 
813 581.471612 163.882982 585.460185 214.042925 50.623385 231.858694 534.681730 534.681730 -0.000000 6.155827 6.249887 
822 11.121969 481.002740 10.108379 460.991436 136.436612 467.694977 126.465652 126.465652 0.000000 3.035794 3.194607 
834 223.157739 171.996614 219.949310 208.106664 -13.156453 160.267215 237.205025 237.205025 0.000000 0.049594 0.202416 
843 724.061790 684.003262 721.418414 734.074881 329.462582 693.710878 393.850148 393.850148 0.000000 6.258589 0.102619 
849 91.264438 173.002273 93.942527 123.910774 330.332504 160.031618 238.894693 238.894693 -0.000000 3.087391 3.293222 
864 379.177207 57.957170 375.275116 14.002438 501.468249 27.980766 126.363018 126.363018 -0.000000 2.901209 3.251912 
872 714.301332 279.951413 716.021990 326.036516 -71.970908 315.499295 787.364326 787.364326 -0.000000 6.238005 0.013371 
898 111.997741 571.827862 108.991172 602.999146 -424.275482 534.283894 537.418204 537.418204 0.000000 0.069895 0.128151 
905 624.196811 178.995385 623.728046 159.006378 752.930516 169.884636 129.150244 129.150244 -0.000000 3.070938 3.225590 
915 390.811824 525.410737 381.406490 527.460088 387.721850 541.449932 19.834118 16.471350 -0.294014 4.902709 4.288351 
918 646.836186 758.008223 646.285048 680.005052 1431.904220 713.454225 785.611475 785.611475 0.000000 3.084902 3.184144 
944 127.695532 81.065336 124.875829 111.082273 -563.567085 37.317114 692.397204 692.397204 -0.000000 0.063203 0.106741 
946 96.444150 465.993056 96.944579 498.000866 -635.160283 496.771016 732.123658 732.123658 -0.000000 6.241141 0.001680 
947 53.855483 556.060816 51.783751 483.006133 669.595319 504.742087 617.289210 617.289210 -0.000000 3.058440 3.176760 
949 21.338065 671.994942 21.062868 708.008122 -614.583865 681.577610 635.958171 635.958171 0.000000 6.268118 0.041557 
956 9.889653 27.985922 3.982272 77.996543 -188.539392 28.713823 198.648925 198.648925 -0.000000 6.279517 0.250604 
982 675.258861 48.924335 669.453464 17.080818 848.834605 4.741346 179.362229 179.362229 -0.000000 2.892340 3.072912 
994 579.372777 175.901487 581.030216 198.997832 460.301745 195.580405 120.360620 120.360620 0.000000 6.119395 0.028299 
998 74.658443 301.984223 75.761723 237.981003 444.514007 271.649059 370.538210 370.538210 -0.000000 3.059757 3.232643 
1012 667.105772 49.797513 670.569970 80.024577 489.630928 86.012535 181.085588 181.085588 -0.000000 6.081892 6.250104 
1019 781.942644 372.975117 783.895944 289.974018 1376.834132 345.453131 594.503180 594.503180 0.000000 3.095362 3.234887 
1080 161.665105 548.052031 159.242564 579.018976 -101.824704 541.787535 263.361665 263.361665 -0.000000 0.023771 0.141657 
1091 794.808987 159.013332 797.249776 193.982566 463.241582 202.966187 334.021247 334.021247 -0.000000 6.151393 6.256295 
1114 131.025298 154.994910 137.597410 197.935567 -87.213716 204.889508 224.391268 224.391268 0.000000 6.058425 6.252263 
1116 663.373700 165.973770 665.758260 199.946778 333.105665 202.719274 332.155567 332.155567 -0.000000 6.172381 6.274851 
1130 656.768006 31.028043 653.508112 4.059458 777.281917 4.304746 123.071870 123.071870 0.000000 2.923379 3.143574 
1148 723.236171 639.995527 719.882260 684.202684 504.954298 646.377212 218.524912 218.524912 -0.000000 6.253958 0.174207 
1151 658.224284 759.086564 655.540868 797.038243 426.240960 756.895172 231.851045 231.851045 0.000000 0.009446 0.173312 
1153 488.653147 70.002913 488.065253 -0.000548 1246.880740 24.497331 758.859321 758.859321 0.000000 3.081649 3.173866 
1194 221.927751 70.992989 219.698169 93.970713 -40.506635 52.666342 263.091163 263.091163 -0.000000 0.069720 0.157424 
1228 257.864765 99.061893 261.723720 68.967813 661.174821 144.223292 406.127214 406.127214 0.000000 3.253105 3.327807 
1241 292.946437 349.062902 280.350047 322.079121 307.043002 326.798276 26.485982 26.485982 -0.000000 2.135226 3.316579 
1246 498.244336 466.255598 541.761066 480.253287 542.968237 529.326649 80.278907 25.681248 1.079792 4.095579 4.687795 
1276 131.418330 425.959374 132.718357 461.991564 -83.703677 455.018906 216.783701 216.783701 -0.000000 6.148914 0.032207 
1315 596.903805 723.996488 595.368523 766.049962 256.538160 734.876772 339.868627 339.868627 0.000000 6.251230 0.091744 
1334 707.949717 628.004304 708.322155 666.013380 339.862005 647.299963 368.950691 368.950691 -0.000000 6.230812 0.050745 
1349 419.757420 28.001162 419.653082 96.001002 -268.303897 65.348431 688.295074 688.295074 -0.000000 6.228960 0.044526 
1355 250.441473 401.749310 235.967470 405.649607 240.010321 390.269250 15.578651 15.578651 -0.000000 0.833232 1.827840 
1368 270.107550 766.991640 272.437409 796.966001 115.156162 793.907173 156.813175 156.813175 -0.000000 6.111198 0.019446 
1387 404.833416 85.069456 393.781985 40.017624 579.902618 13.104958 189.056765 189.056765 0.000000 2.751586 2.997990 
1393 489.709283 211.019360 485.448433 147.036731 1084.408182 147.194930 597.992594 597.992594 -0.000000 3.034680 3.141857 
1413 566.161119 118.982933 568.227819 155.000997 405.621060 147.519931 162.743635 162.743635 -0.000000 6.107267 0.045975 
1493 461.104981 267.001544 460.663983 296.995060 -185.319996 285.704756 646.238407 646.238407 0.000000 6.254260 0.017476 
1558 233.265806 432.006778 233.003431 481.005373 -421.218284 456.363496 654.477459 654.477459 -0.000000 6.245987 0.037648 
1603 364.249253 383.170894 346.162864 391.716175 346.336948 378.576591 21.961837 12.230888 0.697541 0.251076 1.584044 
1614 719.659259 794.996730 719.455947 754.002698 1108.836614 763.576939 389.634380 389.634380 -0.000000 3.061034 3.166176 
1655 29.554495 166.004212 29.166787 124.998423 504.026065 142.097599 474.817662 474.817662 -0.000000 3.091249 3.177586 
1656 362.413021 166.981647 356.744774 185.884777 340.870465 171.582477 21.282998 21.282998 -0.000000 6.072777 0.733352 
1690 132.100979 484.833985 127.438798 510.081029 -175.131851 446.217570 309.242279 309.242279 0.000000 0.125035 0.208016 
1699 742.792126 738.064208 740.524276 766.042496 595.437528 740.888227 146.862732 146.862732 0.000000 6.264023 0.171668 
1701 195.653723 759.027037 194.206943 794.008559 1.238860 767.506283 194.187476 194.187476 -0.000000 6.239599 0.136486 
1706 541.841918 22.995592 540.837300 59.023348 412.435371 38.343620 129.288621 129.288621 0.000000 6.165134 0.159683 
1718 49.807826 422.021802 49.149025 385.997275 330.684026 402.286973 281.457042 281.457042 0.000000 3.071446 3.199389 
1754 397.696653 23.976790 399.381765 1.952697 483.954228 18.762272 85.966651 85.966651 -0.000000 3.081213 3.337795 
1839 40.646240 593.989614 44.412468 563.752832 114.678280 583.374062 74.129181 74.129181 -0.000000 2.999172 3.413899 
1870 519.485272 550.985717 521.741315 610.009078 -87.952084 610.151002 609.497780 609.497780 0.000000 6.186090 6.282953 
1919 372.174897 62.148630 368.490122 20.996179 484.467135 30.863859 116.202185 116.202185 0.000000 2.869881 3.226471 
1966 764.639283 512.042983 766.589342 483.039625 1435.447976 538.054767 671.162561 671.162561 -0.000000 3.180350 3.223660 
1975 64.266710 720.043114 62.357016 679.029812 454.283737 682.782833 391.605606 391.605606 -0.000000 3.046347 3.151168 
2048 477.116809 29.000633 477.274046 -0.003935 1222.993567 16.631483 745.842542 745.842542 0.000000 3.125011 3.163897 
2066 797.774566 558.002830 797.234729 514.997054 1143.219726 527.767282 346.072407 346.072407 -0.000000 3.054289 3.178486 
2103 463.460079 433.964877 456.889660 507.143218 110.183200 440.526730 352.892473 352.892473 -0.000000 6.264613 0.189827 
2133 347.461231 330.039778 348.603657 316.793330 485.962510 315.318285 138.733921 138.733921 -0.000000 3.035699 3.130854 
2175 58.124514 34.006976 60.032910 -0.054185 274.353875 29.198657 215.786715 215.786715 -0.000000 3.119359 3.277245 
2206 476.370262 672.024054 474.809230 696.052572 182.793139 672.541548 293.102837 293.102837 -0.000000 6.281423 0.080339 
2209 439.112659 758.006146 441.025361 722.946827 702.660635 754.641413 263.161907 263.161907 -0.000000 3.128826 3.262146 
2226 104.575409 215.967877 106.007792 180.897980 336.402185 209.903942 232.286648 232.286648 0.000000 3.115441 3.266831 
2232 237.866291 477.002280 237.235241 439.995989 764.541573 446.389338 527.209514 527.209514 -0.000000 3.083533 3.153717 
2251 209.783291 266.073322 217.011314 188.744398 801.264260 288.619526 592.263325 592.263325 -0.000000 3.179692 3.310901 
2293 344.094460 513.709700 369.945517 528.044759 349.682378 532.801383 19.500940 19.500940 0.000000 4.427653 6.052617 
2297 747.296554 779.941745 749.007509 794.998992 440.069613 825.756320 310.576996 310.576996 0.000000 6.135153 6.183954 
2322 521.891463 552.006512 523.755608 638.036962 -86.087783 612.320283 610.589910 610.589910 -0.000000 6.184305 0.042144 
2350 582.103855 591.397147 579.042634 576.781620 603.867975 581.259813 23.881538 23.881538 0.000000 2.705692 3.320061 
2405 657.412264 135.959928 659.331058 168.036006 390.965937 165.409476 268.172419 268.172419 -0.000000 6.173105 0.009787 
2407 218.012314 186.194947 219.575829 170.055785 836.764036 236.490110 620.674759 620.674759 0.000000 3.222699 3.248820 
2411 572.676759 269.013927 573.581715 290.018022 451.578523 284.562965 121.835553 121.835553 0.000000 6.155484 0.044683 
2469 428.081537 462.003995 429.406077 434.970900 583.779263 456.564441 155.473413 155.473413 0.000000 3.106670 3.280570 
2472 733.379170 607.998276 735.564741 530.918409 1435.936010 586.390801 702.520614 702.520614 0.000000 3.110847 3.220632 
2477 521.098347 685.001186 520.447138 739.005392 115.132565 706.059081 405.964953 405.964953 -0.000000 6.231361 0.081107 
2526 501.743432 129.959394 503.491996 161.973128 356.827605 154.096508 146.413676 146.413676 0.000000 6.118141 0.053654 
2625 35.972291 397.988042 35.664875 372.991823 194.628726 384.646547 159.303727 159.303727 -0.000000 3.057700 3.214779 
2700 541.074571 763.981438 541.595859 737.991894 697.661334 755.615230 156.573078 156.573078 0.000000 3.088215 3.254039 
2715 721.600370 319.989815 720.344158 305.030475 749.196115 310.355270 28.793348 28.793348 0.000000 2.805692 3.324095 
2758 16.000000 696.000000 17.205225 674.016450 226.534417 703.708943 211.182269 211.182269 0.000000 3.178192 3.282499 
2775 440.950588 349.000776 441.421547 378.993381 8.880868 368.592636 432.417813 432.417813 -0.000000 6.237872 0.024041 
2794 736.140890 760.001638 735.885034 782.010289 198.055193 760.467757 538.049671 538.049671 -0.000000 6.282319 0.040033 
2809 733.946086 334.996553 732.728240 354.046556 687.320429 340.616685 46.523861 46.523861 0.000000 6.163227 0.287563 
2823 654.836010 760.014901 654.770553 782.054150 604.596927 772.642582 51.240280 51.240280 0.000000 6.036935 0.185425 
2880 487.759835 789.976099 490.351350 763.935448 635.745861 793.656791 147.777800 147.777800 -0.000000 3.166459 3.343233 
2882 221.620390 0.026476 220.340610 30.014536 56.397009 6.652237 165.002253 165.002253 0.000000 6.243105 0.141549 
2902 615.716268 591.960273 617.823539 629.954324 369.077935 628.883498 248.580054 248.580054 0.000000 6.134583 0.004305 
2911 412.855706 744.986209 408.065873 795.101871 -111.282168 721.113413 524.232759 524.232759 -0.000000 0.045515 0.141512 
2913 127.767756 109.030416 127.083927 126.014467 101.768632 116.836117 27.118415 27.118415 0.000000 5.991518 0.347821 
3091 260.251230 250.478813 269.460248 238.330629 288.816452 263.204973 32.004623 32.004623 0.000000 3.560708 4.051108 
3103 648.031933 687.999905 648.127224 719.999621 288.270722 705.096540 360.000102 360.000102 -0.000000 6.235699 0.041390 
3141 631.501309 627.993149 631.350028 639.004809 560.345883 633.529007 71.360689 71.360689 -0.000000 6.205542 0.076967 
3147 183.630915 -0.040928 181.525275 18.947357 -7.569816 -14.719873 191.839337 191.839337 0.000000 0.076622 0.176198 
3169 764.297131 369.995023 764.531557 383.991097 515.962093 376.325838 248.432258 248.432258 0.000000 6.257698 0.030828 
3173 153.679817 68.021022 159.925599 41.353824 187.569578 63.982760 34.470162 34.470162 0.000000 3.022993 3.827563 
3182 263.008149 430.827769 280.017386 431.632534 254.109213 644.509600 213.999628 213.999628 -0.000000 4.754011 4.833498 
