1 456.367766 564.014859 453.981303 623.080052 117.422195 580.071846 338.496539 338.496539 -0.000000 6.235847 0.127099 
8 405.010910 733.983536 286.949046 728.586760 381.993386 -38.124435 772.047142 772.047142 -0.000000 1.540994 1.694131 
11 366.441711 716.300448 344.451765 730.949174 302.852241 651.863487 90.177892 90.177892 -0.000000 0.792018 1.086561 
13 257.707688 724.216999 240.055151 643.633531 277.045004 679.368586 53.805353 43.549299 1.246988 1.977882 3.909738 
15 549.055020 597.952596 559.273557 687.655157 482.466661 647.879723 85.167095 85.167095 -0.000000 5.639820 0.477836 
29 226.637664 114.895687 215.008478 155.290330 -46.646320 55.057484 279.390350 279.390350 0.000000 0.215558 0.365829 
30 224.553024 113.139127 216.269004 146.067675 -128.501372 44.411035 359.401619 359.401619 -0.000000 0.192263 0.286728 
38 144.555974 729.717469 122.070546 684.461803 448.939733 539.752126 357.367469 357.367469 -0.000000 2.583642 2.724814 
39 214.937452 155.588013 230.044699 153.294417 236.955945 244.276944 91.059852 91.059852 -0.000000 4.469042 4.636572 
54 235.254219 664.080512 250.406150 636.102525 300.133150 675.757577 65.693489 65.693489 -0.000000 3.319669 3.814780 
55 402.591022 143.304786 365.188288 156.659124 349.326054 55.013004 102.564128 102.564128 -0.000000 1.027966 1.415991 
70 521.567748 138.831219 534.129529 106.660109 737.891807 201.604840 224.513177 224.513177 -0.000000 3.424019 3.577638 
72 291.204040 186.545361 310.090207 153.480342 436.581270 249.141238 157.707344 157.707344 0.000000 3.548176 3.789092 
82 257.303103 720.727244 235.336975 683.864556 294.615976 675.091024 58.997539 58.997539 0.000000 2.256186 2.994655 
94 501.950007 153.961992 509.216378 144.404244 529.506088 168.740421 31.267587 31.267587 0.000000 3.633860 4.017419 
96 553.803334 598.189232 598.253123 602.182302 499.715664 1525.670511 928.836596 928.836596 -0.000000 4.770640 4.818688 
117 145.980007 831.993014 128.387414 840.319148 133.475619 819.955071 18.536976 18.536976 -0.000000 0.766395 1.815645 
131 523.172073 573.527985 704.824939 569.901841 636.897901 1375.761858 809.357336 809.357336 -0.000000 4.571566 4.796482 
146 625.169635 817.924860 614.122576 837.256380 611.228038 824.491489 13.767462 13.767462 -0.000000 5.842998 1.347809 
149 44.027428 820.099389 18.036242 825.312085 -103.537983 66.024634 769.122608 769.122608 0.000000 1.377548 1.412028 
150 501.128202 150.220239 463.761208 146.238892 482.400805 134.484882 22.496504 22.496504 -0.000000 0.698796 2.578981 
156 405.233087 711.862767 391.716301 646.974847 497.091143 663.502280 105.037556 105.037556 -0.000000 2.656994 3.297169 
164 578.955775 852.905776 562.249396 859.444002 557.771789 826.655173 33.283238 33.283238 -0.000000 0.891807 1.435077 
183 -0.784369 852.274203 10.140406 847.308927 14.878020 872.985949 25.390769 25.390769 0.000000 4.064927 4.529933 
188 368.260590 825.998810 349.942107 830.778103 345.974413 781.118844 49.503856 49.503856 -0.000000 1.109894 1.491067 
215 -0.470576 855.073329 17.185838 850.760875 17.196063 893.802675 42.378645 42.378645 0.000000 4.284427 4.712151 
223 597.403175 601.549944 610.283573 578.483158 684.973589 637.389479 95.138081 95.138081 0.000000 3.530061 3.809391 
235 446.852003 719.135046 404.297946 732.355765 414.744915 693.835838 37.109701 37.109701 -0.000000 0.667358 1.835635 
242 101.151240 826.127611 76.916584 829.378074 81.931825 776.152803 52.676713 52.676713 -0.000000 1.203652 1.664746 
261 46.132405 805.347729 18.744406 810.697630 20.719595 753.648741 57.353532 57.353532 -0.000000 1.113929 1.605405 
267 678.577749 692.749996 650.906238 707.783344 639.139205 645.777502 61.731213 61.731213 -0.000000 0.872366 1.383254 
289 183.858238 947.453600 166.021115 952.081384 159.280895 887.157878 64.943756 64.943756 -0.000000 1.183744 1.467349 
299 163.919982 910.420766 199.083051 908.639097 191.005631 1103.532689 194.477346 194.477346 0.000000 4.573039 4.753811 
301 308.306196 954.506556 327.396420 945.209689 328.358188 978.595694 32.707616 32.707616 0.000000 4.018197 4.683589 
305 424.458228 437.740646 473.059962 444.573493 432.869204 569.976712 130.703955 130.703955 -0.000000 4.648869 5.022538 
315 704.309694 572.006325 704.777838 599.967765 690.438316 589.673850 20.342866 20.342866 -0.000000 5.377999 0.622619 
317 554.698840 655.808801 550.343748 691.469214 505.542333 666.320183 50.896318 50.896318 -0.000000 6.072523 0.511511 
354 88.175857 594.922431 -0.152481 607.565766 -59.918694 -132.789279 742.794694 742.794694 -0.000000 1.370031 1.490245 
363 14.947317 720.858225 39.011206 710.718187 43.440747 747.362363 40.009221 40.009221 -0.000000 3.890836 4.592093 
442 615.293209 577.643627 626.652479 574.689563 622.561949 579.368297 6.590094 6.590094 -0.000000 3.374557 5.430812 
443 346.025287 673.792574 327.656450 690.849690 310.179375 654.342136 41.435241 41.435241 -0.000000 0.497154 1.124313 
444 247.189786 834.072939 261.784449 825.298372 258.490449 836.371915 11.735410 11.735410 0.000000 3.342291 5.001519 
462 200.953897 804.509578 279.005789 799.142477 289.265855 1499.197231 700.084904 700.084904 -0.000000 4.585943 4.697734 
490 112.918950 876.952201 123.682161 868.130394 122.651023 876.394681 9.062741 9.062741 -0.000000 3.084368 4.836518 
510 67.953847 952.822803 44.979334 955.454737 51.881217 917.944749 37.891382 37.891382 -0.000000 1.138978 1.752762 
529 394.652033 719.554221 379.231220 709.696734 399.545325 691.505900 28.667583 28.667583 -0.000000 1.743517 2.411282 
536 179.972339 708.925187 214.762400 696.062004 254.279975 856.359421 164.614031 164.614031 -0.000000 4.245542 4.470682 
553 570.110209 639.354500 656.985963 661.031605 545.192681 942.609907 303.442636 303.442636 -0.000000 4.794372 5.090327 
554 518.376372 636.847121 516.166162 672.301780 451.127817 650.310561 68.589075 68.589075 0.000000 6.085593 0.326059 
560 676.899217 705.664878 713.402563 715.506928 660.874306 837.903693 132.279733 132.279733 -0.000000 4.832983 5.117781 
565 626.025027 716.110747 513.096042 737.615431 438.625910 34.833711 706.142700 706.142700 0.000000 1.302365 1.465225 
603 674.705745 699.580311 634.894682 715.615776 558.997697 464.026962 263.014040 263.014040 0.000000 1.114199 1.277807 
621 469.172188 442.734859 473.623144 452.628459 469.539134 448.963335 5.349265 5.349265 -0.000000 4.653543 0.731395 
633 692.404933 587.605881 684.926447 593.910022 690.829828 593.030719 6.305893 5.352212 0.531290 4.994970 2.993731 
659 415.000000 580.000000 449.837105 565.881369 449.328736 609.469899 44.836730 44.836730 0.000000 3.850979 4.724051 
660 157.935977 898.985964 169.448598 893.210450 164.779081 898.151353 6.785732 6.785732 -0.000000 3.020228 5.469556 
