2 83.639502 648.090825 101.832150 582.583760 303.281289 681.565994 223.366019 223.366019 0.000000 3.292837 3.598297 
6 470.030829 744.210826 469.135544 621.804616 668.838279 681.155535 208.360547 208.360547 -0.000000 2.834461 3.430475 
7 129.961051 391.025665 106.908115 224.294595 262.607425 288.021234 167.152034 167.152034 -0.000000 2.481325 3.530084 
9 703.313664 788.025797 701.257961 813.021216 638.855863 795.486878 64.180510 64.180510 -0.000000 6.167947 0.273926 
12 489.590789 380.168237 491.671713 207.829674 653.752851 295.204870 184.818467 184.818467 -0.000000 2.663998 3.636016 
33 681.428279 665.228889 690.910448 647.486578 788.232560 711.615036 116.525746 116.525746 0.000000 3.551322 3.724220 
38 583.225036 673.913512 589.818697 691.069681 552.738705 695.315161 36.773562 36.773562 0.000000 5.671113 6.169187 
43 704.010098 668.315956 682.999600 668.987485 692.346271 631.486819 37.876900 37.876900 -0.000000 1.264089 1.815060 
53 729.026728 707.003255 731.575624 686.070090 795.378844 707.052506 66.412423 66.412423 0.000000 3.142335 3.459313 
61 707.959925 671.417329 710.042491 686.003882 695.875918 680.629904 15.074898 15.074898 -0.000000 5.631810 0.362572 
67 728.264434 588.855518 735.343725 601.812195 324.770724 808.951231 459.489369 459.489369 0.000000 5.783823 5.815935 
71 707.492939 544.028650 719.763571 556.376726 712.303846 552.991610 10.711611 6.655294 1.370832 4.219772 0.425997 
74 668.708207 663.879067 661.612200 674.697966 657.115855 663.114161 11.463939 11.463939 -0.000000 0.065888 1.200540 
77 586.376135 673.455279 591.979892 687.612126 506.543861 715.042135 89.406461 89.406461 0.000000 5.802936 5.972522 
80 668.361253 785.986354 667.831746 771.968582 734.832696 776.181269 67.190248 67.190248 0.000000 2.995141 3.204385 
92 693.985076 815.712022 682.604600 811.628625 692.433667 808.671023 10.858570 6.775471 -0.447962 1.353922 2.849307 
99 618.936157 795.562676 633.914854 805.622280 622.126778 806.623819 11.289902 11.289902 -0.000000 4.431559 6.198427 
104 726.984595 820.041808 714.796927 815.551141 727.408220 802.497454 17.280003 17.280003 -0.000000 1.594938 2.338959 
107 662.014585 611.995312 661.106622 623.453725 655.309241 617.562698 8.563702 8.563702 -0.000000 5.590245 0.793410 
119 798.833952 757.053463 798.944906 766.920359 797.939080 761.798300 5.662115 4.979122 -0.460016 4.898799 1.376892 
135 678.821555 739.846209 691.202531 750.404863 680.799661 747.535650 9.048315 9.048315 -0.000000 4.460599 0.269119 
157 680.966353 817.875299 666.910379 821.667847 666.503702 790.686204 30.530190 30.530190 -0.000000 1.081933 1.557671 
163 642.026162 625.750398 633.627274 611.359134 637.575565 618.222653 7.974480 7.974480 -0.000000 1.036853 4.190361 
176 789.587151 782.103373 783.003108 789.933350 784.938411 784.867742 5.326188 5.326188 -0.000000 5.746710 1.935731 
178 704.954751 815.757111 715.106687 819.477220 709.076742 821.726963 6.932830 6.932830 -0.000000 4.108089 5.926086 
186 619.016753 691.984365 603.055519 674.881432 645.928207 650.066510 48.979685 48.979685 -0.000000 2.141530 2.616904 
188 710.128853 720.005695 710.189418 708.000956 754.512050 713.530936 44.840029 44.840029 -0.000000 2.996731 3.265718 
205 625.903970 792.234576 604.727355 776.835797 639.995023 764.398961 43.220151 18.884985 -0.614277 2.039411 2.802567 
212 595.721865 645.238922 612.331319 664.574407 491.180692 752.099888 149.310241 149.310241 0.000000 5.486814 5.657549 
228 621.123437 709.582375 642.339011 715.853019 621.129877 749.747882 39.218879 39.218879 0.000000 4.712229 5.271515 
235 736.920485 560.131235 757.311397 572.486058 722.436296 604.946197 46.471181 46.471181 0.000000 5.024992 5.533637 
244 668.905227 770.574030 684.962827 773.225155 665.473506 834.884052 64.439050 64.439050 0.000000 4.765701 5.018535 
248 726.850481 541.066972 722.710978 553.937845 722.161394 546.350374 6.810778 6.810778 -0.000000 5.438262 1.498489 
257 650.041050 645.658470 658.937537 631.592997 1148.633318 955.934149 587.493031 587.493031 0.000000 3.698251 3.726588 
259 687.744413 643.750463 678.971918 652.822030 681.382592 645.598020 7.213726 7.213726 -0.000000 6.000547 1.892880 
262 584.969108 693.576927 561.742960 678.393187 597.799744 652.396480 42.404691 42.404691 -0.000000 1.872835 2.516916 
266 690.822441 734.363299 696.976613 720.431402 809.360590 781.127973 127.718031 127.718031 0.000000 3.517359 3.636789 
281 651.760015 763.106167 643.997230 745.558834 673.703536 742.059192 29.294556 29.294556 -0.000000 2.377046 3.024325 
300 678.611749 638.688269 687.578850 643.746590 665.870330 671.364833 35.066866 35.066866 0.000000 5.084180 5.378548 
303 721.385846 666.808643 739.544428 680.599842 644.519358 775.387037 133.384703 133.384703 0.000000 5.328421 5.499040 
305 647.027861 727.417052 620.404174 712.719845 639.982028 711.656088 17.381554 17.381554 -0.000000 1.150404 3.087311 
308 684.279490 780.314042 699.602469 766.676950 820.414765 921.512948 196.313894 196.313894 0.000000 3.945247 4.049801 
311 664.581503 790.268689 654.461900 796.059685 619.282843 726.059289 78.648296 78.648296 -0.000000 0.956400 1.105107 
319 770.009052 550.976785 780.436508 561.555438 748.091882 582.946893 38.246102 38.246102 -0.000000 5.313352 5.698865 
320 642.102048 554.408609 650.015559 569.796481 643.447133 564.038233 8.560433 8.560433 -0.000000 4.573605 0.719767 
321 658.539762 569.214449 665.530963 584.218549 636.522067 588.833612 28.933712 28.933712 -0.000000 5.555330 6.125416 
323 614.797324 639.626073 631.037712 644.883505 611.137240 677.730995 37.910985 37.910985 0.000000 4.808148 5.257095 
330 621.751660 722.642364 611.725385 729.604524 604.049561 707.856299 22.814381 22.814381 -0.000000 0.695881 1.231505 
339 681.321064 576.759439 668.369352 583.847671 643.725831 519.627277 68.621613 68.621613 -0.000000 0.988790 1.204391 
343 677.097464 601.337354 666.916270 615.204320 543.381632 508.417832 163.060949 163.060949 -0.000000 0.607297 0.712809 
344 723.753799 605.452001 714.808811 612.531387 715.834652 603.582168 8.515862 8.515862 -0.000000 0.231869 1.684927 
345 653.137083 662.927008 647.248383 651.867744 698.609202 630.318484 55.833155 55.833155 -0.000000 2.519475 2.744334 
370 639.325273 599.166405 652.076825 599.421515 646.508709 597.480830 6.835356 6.240797 -0.956624 2.911115 0.335369 
388 702.118820 595.267442 714.366892 589.825804 727.283717 639.891516 51.443611 51.443611 0.000000 4.198913 4.459898 
391 669.240516 629.548475 674.942450 618.720142 670.078772 624.138282 6.210086 6.210086 -0.000000 1.724514 5.443913 
394 678.743805 669.901826 689.265245 682.593604 682.519407 677.499113 8.746054 7.071665 0.409233 4.251171 0.646824 
399 605.996831 719.947335 595.972953 720.550558 592.019057 546.478733 174.370877 174.370877 -0.000000 1.490392 1.548086 
413 774.414532 571.910850 761.358327 554.954126 1050.851605 346.299863 356.928965 356.928965 -0.000000 2.457088 2.517071 
418 624.019658 605.094146 604.813045 609.104662 606.781202 564.661719 43.676905 43.676905 -0.000000 1.167781 1.615052 
425 573.854693 670.165641 563.811006 671.914788 552.434701 596.697459 76.496240 76.496240 0.000000 1.287105 1.420688 
426 653.044003 708.326661 660.011290 715.113518 654.443688 713.383136 9.118274 5.092636 -0.491172 4.442340 0.301331 
427 625.255607 725.825573 635.734367 741.181269 422.057441 873.589174 251.457751 251.457751 0.000000 5.654443 5.728432 
428 702.959617 759.743918 700.353399 738.668901 707.906780 745.928981 16.050715 10.150267 -0.856391 1.914671 3.907194 
436 664.761234 836.548724 677.520983 842.100861 648.466357 890.124865 56.028139 56.028139 0.000000 5.007644 5.256478 
444 650.540020 639.678454 636.026324 643.926639 642.375487 638.074059 8.429461 8.429461 -0.000000 0.194035 2.396870 
446 682.359336 698.652170 677.714048 685.798964 694.319691 689.954483 15.488402 15.488402 -0.000000 2.512838 3.386804 
450 718.744257 747.537672 730.857600 753.299380 710.179128 777.385264 31.114047 31.114047 -0.000000 4.991842 5.421815 
454 658.942240 824.023386 650.369568 802.850367 721.634754 784.614787 73.432647 73.432647 -0.000000 2.580408 2.891084 
455 440.334975 209.883141 456.881395 316.050058 234.806151 294.203713 222.392612 222.392612 0.000000 5.893864 0.098058 
456 508.819645 401.127326 602.075427 126.283560 647.607174 294.243394 174.359930 174.359930 0.000000 2.485335 4.447664 
457 661.133463 565.187963 672.222905 557.313929 697.853100 603.596879 53.071068 53.071068 -0.000000 3.949472 4.206655 
459 645.480744 586.203279 651.771407 571.326183 797.697836 644.275378 163.251712 163.251712 0.000000 3.506057 3.605163 
462 678.089966 651.997842 677.801728 639.980770 739.689045 645.756167 62.135637 62.135637 -0.000000 3.040610 3.234644 
480 768.728681 592.305848 774.266560 579.111883 812.874145 603.238190 45.406327 45.406327 0.000000 3.384352 3.700128 
484 643.844633 650.257248 637.703742 659.809544 613.121888 635.712534 34.162747 34.162747 0.000000 0.442157 0.775438 
488 696.455518 682.405182 706.831782 670.739868 733.226257 704.668715 42.843688 42.843688 -0.000000 3.686024 4.051247 
493 592.908574 790.266220 617.519525 804.339737 597.022394 817.296424 25.081993 25.081993 0.000000 4.561355 5.719481 
500 700.699705 577.722315 715.931930 585.111872 700.303712 598.018391 19.597189 19.597189 0.000000 4.731897 5.592881 
501 693.335212 586.318797 700.654591 578.622536 722.112454 606.595282 35.287125 35.287125 -0.000000 3.755400 4.058034 
510 558.220561 672.457236 546.177450 667.563324 565.831104 637.852090 35.496746 35.496746 -0.000000 1.787275 2.155206 
516 646.160163 758.687763 632.241544 758.740432 639.101562 756.048580 7.860006 7.284282 0.718440 0.357802 2.767658 
519 757.428642 784.440222 770.215040 788.259297 764.917660 785.158000 6.627906 5.976974 -0.004139 3.237145 0.529645 
524 682.129799 568.946855 675.864973 553.645847 762.546899 525.731157 91.201625 91.201625 0.000000 2.648479 2.830044 
527 632.667182 605.265359 619.570762 593.371528 663.569425 555.540068 58.088324 58.088324 0.000000 2.126845 2.431418 
530 822.455013 656.775880 821.711674 675.784719 811.115441 667.193367 13.989073 13.989073 -0.000000 5.540143 0.681288 
544 567.962315 643.765165 578.891669 648.125279 570.164075 654.364002 11.054645 11.054645 -0.000000 4.507566 5.662577 
565 598.024689 687.047695 610.896409 688.096157 604.789855 690.872645 7.230023 7.230023 -0.000000 3.656174 5.856452 
569 664.287599 782.835630 655.609574 767.651614 746.477556 724.697749 100.518284 100.518284 -0.000000 2.525944 2.700017 
570 650.632090 802.061956 666.402046 792.675464 708.153583 878.501719 95.596676 95.596676 0.000000 4.067285 4.259627 
578 709.547855 531.484443 690.313302 528.390571 703.324947 521.207396 12.991757 12.991757 -0.000000 1.026331 2.637171 
585 732.977396 685.657084 753.808619 692.244254 738.969310 703.843877 19.093401 19.093401 0.000000 4.394124 5.619714 
587 614.983276 707.339472 603.990323 707.617801 609.703591 661.818337 46.170531 46.170531 -0.000000 1.455329 1.694901 
594 603.102128 826.898829 591.876512 807.995587 602.533775 808.536379 22.739367 9.783778 -1.266450 1.539854 3.192293 
596 213.740996 842.797728 118.088382 780.902503 258.188239 670.389797 177.669367 177.669367 0.000000 1.823105 2.473710 
597 649.900467 855.022549 650.452287 832.986284 698.126234 846.360292 48.612764 48.612764 -0.000000 2.963869 3.415093 
600 602.478665 500.385574 679.069498 496.090293 645.703950 676.887225 183.124786 183.124786 -0.000000 4.472216 4.894883 
606 678.390251 597.634816 669.199569 587.813250 690.195509 577.050981 23.236171 23.236171 0.000000 2.091518 2.667925 
607 690.368700 590.610765 700.200682 600.773317 662.699287 626.299926 45.188580 45.188580 -0.000000 5.371880 5.685541 
611 587.029114 731.659758 599.187655 749.552022 420.509356 857.573349 208.754223 208.754223 0.000000 5.635761 5.739421 
613 730.833420 755.601572 719.690721 760.260263 710.830957 724.738943 36.639297 36.639297 0.000000 0.995749 1.326363 
614 641.765042 780.725614 640.760099 790.672891 640.780217 785.229230 5.010263 5.010263 -0.000000 4.927674 1.574492 
617 660.769714 855.504224 650.584837 855.229621 659.780463 841.405704 18.581826 7.475223 -1.191382 1.500744 2.157781 
622 775.825897 608.675358 793.026927 609.290762 777.173887 632.847141 32.833133 11.954793 -1.196079 4.656680 5.304752 
627 636.419933 668.230595 643.526425 655.289072 744.862744 720.656798 120.674949 120.674949 0.000000 3.591909 3.714485 
635 774.252153 784.964792 772.140389 769.840768 864.513431 763.726563 92.568463 92.568463 -0.000000 2.910499 3.075499 
641 785.886001 584.184460 791.111649 598.025440 785.141543 591.723525 7.731761 7.731761 -0.000000 4.810817 0.812429 
649 643.926281 821.052006 646.221143 835.192805 640.285965 829.885037 8.674348 8.674348 -0.000000 5.103304 0.729651 
657 714.072527 611.316926 715.616062 601.864422 718.747739 607.084019 6.708525 6.056090 -0.111159 2.405806 4.171981 
659 617.319968 636.230486 626.559884 623.403306 795.854382 752.367039 213.091412 213.091412 0.000000 3.718319 3.792585 
671 691.040178 512.659177 686.696359 524.892180 645.365266 502.904686 46.716464 46.716464 -0.000000 0.210403 0.488906 
676 620.375727 592.551940 645.367125 575.539304 756.206140 767.322432 221.311322 221.311322 0.000000 4.051710 4.188349 
683 464.061129 663.006917 467.496711 638.092002 610.156826 668.389154 146.011115 146.011115 -0.000000 3.178416 3.350856 
685 571.143381 709.637102 584.036618 726.972765 510.427308 765.227082 82.384700 82.384700 0.000000 5.541833 5.803907 
686 587.066067 721.184688 576.791208 711.408121 591.972870 709.007533 14.337549 14.337549 -0.000000 1.953845 2.984767 
693 358.008699 425.042076 341.031085 421.904432 354.027163 412.575949 13.209895 13.209895 0.000000 1.261648 2.519025 
697 776.770319 574.326795 780.616164 565.261397 804.999221 581.471674 29.221334 29.221334 0.000000 3.389492 3.728314 
709 642.808125 778.307950 632.401860 776.639848 637.075139 775.402585 5.324064 5.324064 -0.000000 0.469057 2.882778 
710 681.176467 782.729106 688.222837 790.688053 643.126801 822.693189 55.446682 55.446682 -0.000000 5.473253 5.665972 
711 583.020802 782.454955 589.818006 797.084558 471.518148 842.249508 126.652353 126.652353 -0.000000 5.790951 5.918481 
712 681.865809 811.877764 688.920378 804.919279 720.225113 842.227011 48.940287 48.940287 0.000000 3.810934 4.014260 
716 365.256106 419.874403 353.932221 417.297894 365.881493 396.426690 23.094330 23.094330 -0.000000 1.597462 2.090768 
721 786.880602 571.865959 775.795408 573.639676 782.623320 568.282367 9.269737 5.334384 -1.020800 0.699688 2.476301 
751 660.957570 412.786062 550.135448 337.979779 658.141015 297.956995 114.547292 114.547292 -0.000000 1.546273 2.786718 
757 761.498140 627.064804 766.108496 614.298206 763.176612 621.385156 6.068297 6.068297 -0.000000 1.858142 5.104651 
758 727.946434 624.920124 739.143986 620.810515 735.939706 631.097655 10.061974 10.061974 -0.000000 3.799553 5.014348 
771 743.801967 535.204439 733.342239 524.660494 773.838691 498.301391 47.494390 47.494390 -0.000000 2.253977 2.564586 
785 701.390242 830.992824 700.063186 839.098255 697.158944 833.727125 8.130358 4.688395 0.300427 5.709480 1.075111 
786 648.046042 861.304848 637.028142 860.575106 645.403830 824.832754 36.557409 36.557409 -0.000000 1.498478 1.800978 
795 711.510485 613.418968 721.666680 625.285283 670.019265 661.329207 62.974897 62.974897 0.000000 5.426110 5.673881 
806 652.669437 555.843645 640.212874 548.632291 673.246608 507.363020 52.797744 52.797744 -0.000000 1.972193 2.245808 
815 563.475212 682.599706 573.103152 691.024881 480.746910 794.761758 139.262179 139.262179 0.000000 5.347893 5.439815 
821 587.039168 822.872603 589.696987 802.827233 772.911754 834.621270 185.600984 185.600984 0.000000 3.204717 3.313416 
822 680.466474 837.050963 682.217472 821.023759 708.417944 832.908546 27.966525 27.966525 -0.000000 2.994463 3.567444 
846 543.638168 669.894105 560.332272 676.649987 463.396477 892.443682 236.850984 236.850984 0.000000 5.058437 5.134582 
862 559.986334 675.916788 559.076003 687.006239 496.368122 676.885729 63.755989 63.755989 -0.000000 6.267956 0.160012 
873 667.859347 523.391675 683.054457 528.848355 653.884651 586.165207 64.128836 64.128836 0.000000 4.931438 5.183149 
883 599.225014 853.731184 594.536090 835.913623 598.104307 844.106022 8.998290 7.252729 0.960244 1.454883 4.301615 
901 211.898775 341.231505 215.287833 328.074140 242.812850 343.408151 30.611035 30.611035 0.000000 3.211886 3.649866 
907 689.852995 527.268175 693.270089 516.399307 751.894797 544.766490 64.991358 64.991358 -0.000000 3.416493 3.592259 
910 597.234099 585.472796 607.253438 580.511854 615.717049 607.814553 28.742536 28.742536 -0.000000 4.021232 4.411791 
912 794.120788 608.032673 779.450374 611.925508 783.930528 606.801521 10.560522 6.719364 0.573821 0.120234 2.289258 
929 622.622360 562.265202 634.016327 557.846836 628.566155 563.321979 6.680256 6.680256 -0.000000 3.317549 5.495502 
936 741.624684 659.729878 729.287386 653.385822 782.975240 565.117896 102.774323 102.774323 -0.000000 1.982832 2.117251 
941 566.371041 771.360454 572.847163 782.660687 473.285960 831.987958 111.334084 111.334084 0.000000 5.705888 5.823187 
942 559.268974 787.959127 557.292945 774.955484 595.062984 775.744542 37.852730 37.852730 -0.000000 2.812737 3.162481 
949 577.078805 840.311580 566.662298 832.748718 571.326006 834.853781 6.931767 6.931767 -0.000000 0.759090 3.565586 
955 336.644846 398.592077 324.075500 392.835158 342.940874 371.649663 27.029838 27.029838 -0.000000 1.800361 2.298330 
967 635.464101 820.708351 644.116703 821.201589 639.594240 826.520725 7.275077 7.275077 -0.000000 4.094600 5.417014 
984 756.916548 754.092577 769.559158 765.489046 722.517402 804.346883 60.822928 60.822928 0.000000 5.312637 5.592774 
988 236.963977 366.027216 231.898005 348.899925 246.058994 356.132693 13.530148 13.530148 0.000000 2.314117 3.613806 
989 343.233066 431.370855 331.052400 426.858550 346.979362 408.463533 22.862545 22.862545 -0.000000 1.732903 2.284409 
1000 595.308347 835.903524 599.740599 852.297729 594.336413 845.327031 8.786203 8.786203 -0.000000 4.815165 0.911316 
1003 217.637224 208.506059 231.062641 211.739946 214.531180 250.336996 41.319920 41.319920 0.000000 4.786505 5.117059 
1017 528.909311 810.147427 534.891737 821.967242 529.687864 817.660611 6.961243 6.961243 -0.000000 4.609133 0.691334 
1020 347.361345 146.200066 351.142012 158.268775 327.339330 158.530890 22.826630 22.826630 -0.000000 5.731183 6.272174 
1024 647.345000 530.641716 658.380939 524.708564 675.653870 569.814022 48.243723 48.243723 0.000000 4.086606 4.346671 
1028 567.871234 625.075431 569.690768 604.059807 764.902932 631.396776 197.157430 197.157430 0.000000 3.173665 3.280725 
1032 600.757625 704.760189 593.447154 703.214083 596.472736 703.981822 3.868903 3.868903 -0.000000 0.179694 3.390097 
1043 564.567688 627.268749 561.419346 636.731840 557.320949 628.297836 8.006180 8.006180 -0.000000 6.142122 1.118462 
1051 220.944341 434.666407 216.417739 421.852432 241.512777 420.880860 24.094041 24.094041 -0.000000 2.551128 3.102896 
1073 347.352957 391.936117 334.147609 387.555077 350.477903 366.568604 25.056120 25.056120 0.000000 1.693366 2.232062 
1075 220.812273 415.127072 211.852668 400.781655 224.997536 405.629204 11.981480 11.981480 -0.000000 1.985850 3.494898 
1077 315.013195 424.158168 300.858307 418.227078 313.839391 412.334852 12.200296 12.200296 -0.000000 1.471842 2.715493 
1087 526.142205 651.345843 542.642020 644.561397 560.391384 706.066725 64.204778 64.204778 0.000000 4.153151 4.431440 
1091 548.954408 750.003816 547.693880 734.941929 578.667551 741.367236 30.921482 30.921482 -0.000000 2.858722 3.346136 
1093 568.101889 753.254538 551.011128 750.918584 585.668888 560.026793 194.218830 194.218830 -0.000000 1.661461 1.750397 
1114 588.546363 823.258914 576.484751 817.310304 589.224011 811.248504 12.997689 12.997689 -0.000000 1.627158 2.697462 
1116 765.920061 159.071722 634.004184 475.563462 652.611111 296.980753 178.529929 178.529929 -0.000000 5.400175 1.674614 
1118 319.763357 439.701348 308.093155 432.841520 336.094971 401.270610 41.293513 41.293513 0.000000 1.972635 2.296354 
1120 671.246353 520.950781 661.471950 507.857064 673.346596 511.386127 11.089577 11.089577 -0.000000 1.786950 3.430472 
1123 572.218130 625.418758 582.132503 620.254375 588.589235 644.848514 25.403729 25.403729 -0.000000 4.012219 4.455651 
1136 610.507678 533.432779 626.662015 538.983621 530.193455 788.457205 267.604701 267.604701 0.000000 5.017484 5.081368 
1145 580.895853 779.819191 570.833018 773.428186 578.624064 774.875800 6.366662 6.366662 -0.000000 1.140020 3.325302 
1151 332.353502 436.236744 321.008250 430.982187 334.426900 419.282123 16.490119 16.490119 0.000000 1.692483 2.424507 
1160 587.944808 829.001470 584.600548 837.362707 582.464182 832.181223 6.226916 6.226916 -0.000000 5.757466 1.179725 
1161 358.510203 132.173673 364.738267 149.738224 292.727056 164.704623 73.186207 73.186207 0.000000 5.823933 6.078268 
1167 338.926704 416.274491 321.982944 410.366005 334.793321 404.267891 12.415014 12.415014 0.000000 1.239245 2.697305 
1171 569.488609 595.479472 586.326661 578.320553 640.965271 649.391052 89.277109 89.277109 0.000000 3.787811 4.056967 
1177 546.150377 728.228819 531.960648 728.190601 540.208871 719.811467 10.984859 10.984859 -0.000000 0.956146 2.348321 
1188 572.739669 814.479061 565.240249 803.830796 592.227790 791.492809 29.694170 29.694170 0.000000 2.274021 2.712789 
1190 312.209490 133.414298 319.258588 146.864477 291.540064 153.563520 27.674776 27.674776 0.000000 5.510531 6.046051 
1195 236.322939 439.332010 226.989767 426.004917 240.823046 428.726786 11.778001 11.778001 -0.000000 1.972099 3.335873 
1197 540.618897 541.134060 552.940440 531.729818 614.510794 632.789114 123.054126 25.107693 0.959206 4.033882 4.165196 
1211 761.727704 810.702106 763.973852 791.985802 771.028853 803.030942 12.148896 12.148896 -0.000000 2.451939 4.143968 
1213 227.572576 201.181740 241.872059 206.353731 222.554023 234.027673 32.595872 32.595872 0.000000 4.864007 5.321811 
1219 356.275124 405.831730 344.013171 402.944073 356.614630 375.358113 29.711538 29.711538 -0.000000 1.581937 1.999297 
1224 639.802756 523.733282 645.081923 514.895037 645.504501 521.281822 8.347587 5.401456 0.617048 2.735538 4.646321 
1225 550.329084 617.951768 564.390862 627.864130 368.724255 876.932316 316.719211 316.719211 0.000000 5.323940 5.378284 
1230 575.831908 853.335928 532.939275 827.752834 650.645247 679.374818 189.325991 189.325991 0.000000 1.976943 2.241429 
1243 557.592330 769.000195 557.586125 755.999720 611.557550 761.877323 54.469791 54.469791 -0.000000 3.010361 3.250067 
1249 230.162091 368.307173 236.043538 384.350634 30.963762 454.671422 216.603507 216.603507 0.000000 5.874087 5.952854 
1251 212.781333 392.959350 212.439732 377.989965 241.650287 386.107904 29.037748 29.037748 0.000000 2.908575 3.412663 
1252 314.194814 408.722651 302.396572 400.435415 322.119763 387.579764 21.884580 21.884580 0.000000 1.929416 2.563950 
1254 610.936726 505.869070 598.466290 511.895621 591.378430 484.971282 27.517853 27.517853 0.000000 0.818496 1.313386 
1255 619.812373 510.511210 606.654961 511.309958 612.207184 508.255902 9.598030 6.627743 1.132235 0.288287 2.638703 
1257 540.993952 600.497646 566.002366 600.196569 554.865736 642.217228 42.675453 42.675453 0.000000 4.391388 4.971460 
1274 362.976963 409.087886 377.991406 409.405826 366.111127 501.133228 91.850816 91.850816 0.000000 4.678352 4.841189 
1289 336.244083 141.650371 341.165873 154.938562 308.266773 159.619276 32.508923 32.508923 -0.000000 5.712265 6.141859 
1291 255.573466 210.685802 268.983668 219.026260 250.138116 230.741333 20.059289 20.059289 0.000000 4.977047 5.727009 
1294 250.197644 371.741062 242.596006 355.831221 257.729332 360.689296 13.665541 13.665541 -0.000000 2.168992 3.452219 
1327 565.997953 801.934393 577.752278 802.323066 573.382321 817.475061 16.526861 16.526861 0.000000 4.268807 4.993177 
1328 538.169458 824.301412 541.560482 811.144457 624.730092 842.728454 89.083063 89.083063 -0.000000 3.351342 3.504525 
1329 343.202175 165.180824 346.366765 179.143520 309.673934 179.594215 35.830138 35.830138 -0.000000 5.877182 6.270903 
1335 180.804784 324.883074 187.942744 312.965706 200.723298 330.911868 20.411129 20.411129 0.000000 3.435500 4.093548 
1336 223.421789 379.535844 218.518356 362.931944 233.367923 370.178867 14.270450 14.270450 -0.000000 2.386706 3.595612 
1337 336.745812 377.901594 318.887426 376.314205 331.781663 368.338045 12.189143 12.189143 -0.000000 1.092010 2.587621 
1350 566.352448 832.159889 577.717989 838.505136 546.234221 880.203913 52.102205 52.102205 0.000000 5.108950 5.359101 
1351 317.511089 154.577980 326.615654 170.163738 310.981096 166.518390 13.396592 13.396592 0.000000 5.212835 0.229067 
1357 259.825553 394.212373 249.535551 379.729510 265.235742 381.600549 13.494651 13.494651 -0.000000 1.976031 3.260206 
1358 248.349238 408.494092 243.582570 395.781561 269.958294 392.569787 25.894864 25.894864 -0.000000 2.506511 3.020419 
1367 718.569978 631.639479 731.271580 634.719864 724.614036 644.990919 16.652440 8.765529 1.477225 4.287301 5.287487 
1378 639.088238 807.192727 646.389193 803.850066 649.576067 820.306763 16.739015 16.739015 0.000000 4.037806 4.521105 
1398 229.786075 223.895859 243.934476 227.274397 225.151842 265.644862 41.573817 41.573817 0.000000 4.822939 5.167607 
1401 177.400928 361.874643 183.329904 343.588413 190.704573 358.236335 14.416437 14.416437 -0.000000 2.874638 4.245976 
1403 326.385876 404.271055 314.118077 397.776945 329.990676 386.605167 17.414968 17.414968 -0.000000 1.772087 2.528294 
1406 255.830164 426.035151 242.775602 413.136746 257.174134 415.425111 11.771663 11.771663 -0.000000 1.696795 3.299205 
1413 551.100510 648.913382 542.319830 638.724377 571.267161 623.502870 32.404761 32.404761 -0.000000 2.241644 2.657492 
1429 260.427122 373.286870 254.229975 360.885082 280.596772 356.383173 25.649275 25.649275 0.000000 2.444062 2.972482 
1433 287.046445 395.857822 272.729984 384.347569 287.723988 383.753552 11.985230 11.985230 -0.000000 1.626713 3.101996 
1434 273.039003 395.930373 261.070916 382.950997 276.657311 383.307239 12.939342 12.939342 0.000000 1.849953 3.164445 
1446 544.013712 733.908860 530.712976 731.907825 543.644800 701.845318 31.691529 31.691529 -0.000000 1.559291 1.977033 
1454 641.059019 865.840563 614.925592 863.917789 648.353064 598.922927 267.030436 267.030436 -0.000000 1.598116 1.696277 
1455 334.762312 181.041109 337.368390 196.109239 303.322331 192.311691 32.942016 32.942016 0.000000 5.938977 0.111082 
1476 545.025775 807.171221 555.369236 817.518647 548.922248 814.396112 8.214627 7.164175 -1.438966 4.217788 0.451041 
1478 188.201514 181.430675 205.940805 182.233766 193.858851 194.001334 14.701326 14.701326 0.000000 4.289499 5.510968 
1481 259.137237 352.755633 256.173443 338.962731 287.075924 339.579119 30.139350 30.139350 -0.000000 2.700904 3.161536 
1484 607.124720 510.287957 619.952357 509.177966 614.316814 516.409163 8.916012 8.916012 -0.000000 3.846726 5.374403 
1496 771.687503 763.213929 756.746520 750.146450 823.793513 692.768074 87.835749 87.835749 -0.000000 2.207647 2.433745 
1511 545.079447 750.399286 526.146106 747.895267 561.169039 566.429139 184.882349 184.882349 -0.000000 1.658032 1.761452 
1516 212.496656 188.128625 225.943888 194.125818 197.847192 239.224042 52.530533 52.530533 0.000000 4.991607 5.269557 
1520 308.844737 333.713654 325.907361 337.425810 274.940073 511.707805 180.994690 180.994690 0.000000 4.900616 4.996897 
1522 248.151163 390.085286 238.773485 375.711590 253.167654 379.548819 12.752832 12.752832 -0.000000 2.015148 3.402116 
1534 547.321832 792.663423 544.718548 804.161799 545.973826 798.457599 5.491702 5.491702 -0.000000 4.940971 1.787406 
1536 542.279854 810.537502 553.405528 825.443701 468.013445 877.737623 100.050584 100.050584 0.000000 5.547696 5.733700 
1538 335.724614 196.779810 330.488277 179.547754 562.908902 110.051021 242.508751 242.508751 0.000000 2.776913 2.851042 
1539 214.994890 279.995539 231.138464 272.473369 225.426016 287.542299 13.170596 13.170596 0.000000 3.767907 5.074739 
1540 176.728441 312.638474 186.525654 301.460732 203.678123 327.451659 30.121834 30.121834 -0.000000 3.644175 4.129057 
1543 171.303870 404.450271 169.031239 388.004566 177.992490 397.142064 10.528313 10.528313 -0.000000 2.311957 3.936729 
1549 538.749635 632.567382 533.604147 623.651344 571.318828 608.434502 40.722067 40.722067 -0.000000 2.503894 2.758096 
1558 777.164375 789.104988 778.475406 799.373122 694.357203 804.337517 89.245382 15.501186 -0.116179 6.101267 6.224237 
1560 754.110090 807.450674 741.034049 804.830104 754.996080 773.764400 33.642825 33.642825 -0.000000 1.597091 1.993181 
1561 282.002695 848.660452 213.842120 842.796640 263.786443 653.483315 195.556289 195.556289 0.000000 1.477734 1.828738 
1564 239.644773 195.748762 252.967181 202.069177 228.440595 233.204188 38.676962 38.676962 0.000000 5.003051 5.379615 
1567 228.846632 332.535154 232.810331 314.917728 242.458621 329.752572 15.133485 15.133485 0.000000 2.939949 4.135746 
1568 300.024772 393.798908 284.403443 384.513708 299.710442 380.751632 13.065775 13.065775 0.000000 1.546709 2.900595 
1572 579.916025 579.675211 570.552568 573.200855 617.514507 514.608146 75.427388 75.427388 -0.000000 2.094764 2.246450 
1574 549.540214 581.095619 552.455379 595.113262 494.125423 599.287217 58.338309 58.338309 0.000000 5.965989 6.211749 
1586 552.767612 818.350523 544.498939 808.577847 567.320581 797.409587 25.132479 25.132479 -0.000000 2.178127 2.686484 
1588 323.236425 176.204955 327.010507 190.265594 297.339830 189.339705 28.446545 28.446545 0.000000 5.813794 0.031195 
1607 560.472085 840.205243 547.350020 832.410740 580.392449 790.303121 53.376598 53.376598 -0.000000 1.950603 2.236147 
1608 606.629356 848.344195 603.023482 855.496759 605.712327 852.214718 3.673374 3.673374 -0.000000 4.945026 2.257171 
1614 455.130089 315.769938 420.511973 368.088301 331.440186 297.588753 124.292904 124.292904 0.000000 0.145945 0.669531 
1622 520.009427 669.998453 517.692724 655.886280 547.087189 657.258354 29.257186 29.257186 -0.000000 2.701822 3.188237 
1623 583.000000 751.000000 572.443844 752.319482 577.529370 744.888896 9.188766 9.188766 -0.000000 0.840642 2.170979 
1638 765.672528 616.092554 761.020091 626.848708 760.646451 619.827472 7.726075 5.438665 1.084681 5.644110 1.517631 
1639 780.440702 637.839152 778.980167 651.997954 744.706836 642.224659 35.490992 35.490992 -0.000000 6.161069 0.277785 
1640 765.298823 661.827646 757.925080 649.043212 803.750069 631.438350 48.820165 48.820165 -0.000000 2.472774 2.774802 
1650 181.516625 498.712648 263.024559 480.270461 264.077042 676.658433 195.895143 195.895143 -0.000000 4.277984 4.707030 
1653 553.276174 577.688448 566.201879 572.503246 605.487228 683.221696 117.851520 117.851520 0.000000 4.252962 4.371425 
1662 307.663403 151.796566 315.654806 165.205724 293.822237 167.761781 20.245945 20.245945 0.000000 5.426646 6.166640 
1664 177.302062 265.172175 192.314601 255.795983 188.870329 271.804324 13.975879 13.975879 0.000000 3.662152 4.924313 
1681 756.959266 810.365284 740.825355 808.566139 756.559175 752.972844 57.087210 57.087210 -0.000000 1.563825 1.846600 
1683 264.173021 187.947723 276.362678 198.584369 250.322674 214.542670 29.215452 29.215452 0.000000 5.192529 5.733380 
1687 735.621057 385.052400 751.067062 365.311521 754.277982 385.026044 19.352882 19.352882 0.000000 3.140180 4.550936 
1703 194.641059 229.025803 213.005231 226.346746 203.536441 242.229701 16.198470 16.198470 -0.000000 4.119537 5.249981 
1705 243.990526 256.434286 225.978830 256.735937 232.965116 110.266855 146.218996 146.218996 -0.000000 1.495509 1.618458 
1707 215.642005 308.198452 228.263541 293.305610 229.097279 309.711272 13.481881 13.481881 0.000000 3.253556 4.661613 
1709 193.950797 400.061252 194.226769 385.087726 213.484897 393.061480 20.282203 20.282203 0.000000 2.797511 3.534149 
1711 290.485265 428.851654 277.159508 418.841524 292.384087 415.085368 13.726598 13.726598 -0.000000 1.707864 2.899707 
1715 536.913714 594.979248 547.327738 580.673630 550.874270 593.464670 13.966290 13.966290 -0.000000 3.033526 4.441916 
1717 781.893773 626.005170 790.622490 620.748089 787.483242 625.606691 7.368044 5.336623 1.040481 3.070422 5.286033 
1723 503.009389 782.988499 508.569330 787.527534 499.227026 791.725463 10.065101 10.065101 -0.000000 5.120945 5.860875 
1728 194.946066 301.882712 204.089263 292.083285 233.537853 326.569892 44.848527 44.848527 0.000000 3.710693 4.005627 
1736 169.915898 235.197142 184.074789 233.713952 179.632330 269.808406 35.472753 35.472753 -0.000000 4.438703 4.834852 
1741 307.259548 442.661217 297.095979 434.874720 312.846691 426.858866 16.112706 16.112706 -0.000000 1.910643 2.670834 
1743 110.009627 572.807455 128.675287 547.352407 166.884038 594.533485 61.591058 61.591058 0.000000 3.506486 4.031682 
1758 306.960500 170.066848 315.520635 187.100288 300.068746 181.880715 14.039129 14.039129 -0.000000 5.240484 0.325761 
1759 734.477999 183.824418 775.141695 221.947544 687.824310 273.189338 100.971524 100.971524 -0.000000 5.193527 5.752495 
1762 300.777153 411.124683 291.276041 402.689092 312.418304 387.946015 25.009838 25.009838 -0.000000 2.036231 2.532663 
1769 808.576113 743.550587 795.803353 738.560827 803.217034 738.539806 7.307189 7.307189 -0.000000 0.751823 3.138757 
1773 196.184818 272.388369 211.131185 265.275667 214.637720 295.030360 28.493882 28.493882 0.000000 4.028577 4.595082 
1782 788.105287 681.305218 792.493953 665.412546 915.785538 706.794820 130.121480 130.121480 0.000000 3.338638 3.465423 
1788 328.098845 198.213514 331.847746 214.036074 296.366128 213.924802 34.513780 34.513780 -0.000000 5.823455 0.003136 
1803 288.419423 130.388140 296.897012 143.068852 264.613346 155.074845 33.537216 33.537216 0.000000 5.479629 5.927143 
1806 220.491841 316.349679 229.180654 304.128438 249.706320 329.349503 31.415426 31.415426 -0.000000 3.560263 4.029272 
1820 249.569332 131.496342 261.860290 142.161015 240.616663 153.035811 22.274251 22.274251 -0.000000 5.106305 5.810056 
1825 201.103381 258.341531 215.953505 253.846398 214.432285 279.380547 24.193876 24.193876 -0.000000 4.147677 4.771895 
1828 572.120387 544.147940 580.360250 537.442700 585.374908 550.640957 13.986387 13.986387 -0.000000 3.597105 4.349287 
1834 768.606516 615.589839 775.995698 622.363024 772.232889 618.823062 5.032761 5.032761 -0.000000 3.869740 0.754892 
1836 533.952569 631.742926 540.679635 641.227230 446.922033 702.039462 112.077652 112.077652 0.000000 5.603753 5.707787 
1838 787.639768 670.897461 779.292055 671.818235 783.235221 670.984683 5.776331 4.388993 1.437818 6.263385 2.933268 
1842 237.808663 107.593554 327.184580 110.189672 277.389781 314.542892 210.694210 210.694210 -0.000000 4.523411 4.951401 
1844 236.562616 156.638238 248.924660 165.109938 223.329695 187.581457 33.070945 33.070945 -0.000000 5.116504 5.562678 
1847 160.060551 259.191638 173.029663 255.093881 175.647853 286.401594 30.730732 30.730732 0.000000 4.192170 4.628955 
1848 177.113365 273.205785 188.088105 267.159932 195.709455 294.423994 27.689887 27.689887 -0.000000 3.992755 4.439808 
1850 168.605046 347.369439 176.114936 335.070180 205.612343 360.967035 38.687671 38.687671 -0.000000 3.493710 3.862083 
1856 281.311864 670.225949 282.000000 670.000000 264.434175 661.191016 18.771633 18.771633 -0.000000 0.491501 0.464834 
1871 257.085956 695.627833 295.936445 643.877417 264.151553 660.860794 35.560339 34.936431 -0.716141 1.771293 5.792458 
1873 503.853218 750.041334 508.134247 765.243797 467.155238 767.589681 40.657413 40.657413 -0.000000 5.837143 6.226002 
1877 531.449101 790.965615 542.971220 787.281405 540.473705 796.282341 9.481289 9.481289 -0.000000 3.673986 4.983053 
1886 146.916555 337.854822 151.790835 321.605459 151.796390 329.349864 9.367046 5.032913 -0.840540 2.091701 4.711672 
1891 268.906055 480.324338 323.633842 488.600493 260.956162 709.190958 229.140927 229.140927 -0.000000 4.747111 4.989229 
1898 515.800780 707.061913 516.498430 698.038537 559.859087 708.372613 44.747621 44.747621 -0.000000 3.171333 3.375556 
1919 358.414492 152.124560 361.553995 166.882144 327.784840 166.266824 32.958983 32.958983 0.000000 5.850629 0.018219 
1928 163.494990 335.370257 172.000024 324.000018 185.059485 344.121504 22.695356 22.695356 -0.000000 3.527104 4.136696 
1944 213.991475 290.985293 227.193063 283.333071 230.388495 305.345040 20.863109 20.863109 -0.000000 3.860849 4.568228 
1946 169.160059 377.924168 170.361618 362.090934 180.405854 373.249064 12.880419 12.880419 -0.000000 2.747608 3.979479 
1956 267.592039 150.726160 283.097839 161.913636 267.406744 161.795546 12.130817 12.130817 0.000000 4.729127 0.007526 
1958 316.805366 194.844513 322.219943 208.915364 282.581213 215.147555 39.216333 39.216333 0.000000 5.747753 6.127237 
1960 184.204405 248.732109 198.228026 244.816713 198.998521 277.702205 31.878319 31.878319 0.000000 4.240243 4.688964 
1961 155.327401 284.603719 169.079191 277.146027 174.772580 306.860544 28.921452 28.921452 -0.000000 3.994311 4.523080 
1972 538.612455 800.522517 531.602129 791.530567 561.003447 775.725535 33.395038 33.395038 0.000000 2.305251 2.648349 
1975 237.860133 284.679038 250.186688 278.364428 259.156354 310.861997 33.018126 33.018126 0.000000 4.029553 4.443084 
1980 511.182430 723.697416 500.589553 730.346059 420.972321 587.744631 163.543616 163.543616 -0.000000 0.984961 1.061588 
1983 234.365842 175.896098 248.214625 185.696723 225.922053 198.273711 23.267693 23.267693 0.000000 5.073203 5.769522 
1994 95.920112 586.961256 116.204907 552.400225 250.941658 658.044914 170.723901 170.723901 0.000000 3.571526 3.806552 
2003 605.725250 841.079442 613.613802 845.263990 608.360744 848.211177 8.083592 5.389786 -1.544542 4.358410 5.771904 
2008 187.732374 240.542704 205.022585 235.178489 197.328340 249.603904 13.898793 13.898793 0.000000 3.898336 5.202384 
2010 164.006119 247.028169 178.204994 243.943640 176.524496 277.821211 32.788123 32.788123 0.000000 4.326264 4.761953 
2017 497.007998 713.562927 511.019378 713.363853 504.483874 762.105803 49.291045 49.291045 -0.000000 4.559584 4.845678 
2031 321.491742 386.916060 308.906304 381.206533 324.648277 367.192142 19.378601 19.378601 -0.000000 1.729487 2.414187 
2034 79.112743 643.023162 92.302677 596.156281 296.639431 677.763096 220.257203 220.257203 0.000000 3.299960 3.521559 
2040 242.055811 171.786018 258.832749 182.198393 242.225585 186.251309 14.147771 14.147771 -0.000000 4.700653 6.043818 
2042 251.449054 190.817628 263.872616 199.189044 244.976156 212.144690 21.464858 21.464858 -0.000000 5.007059 5.682181 
2045 155.294304 297.431674 168.358042 288.525162 178.803941 318.362511 30.574997 30.574997 0.000000 3.869028 4.375630 
2047 260.645830 329.711085 258.231792 315.959310 285.158302 319.250045 26.043846 26.043846 -0.000000 2.738229 3.263201 
2048 154.317732 321.657582 146.494876 337.244604 -117.468981 190.008043 301.824209 301.824209 -0.000000 0.451078 0.508805 
2050 153.768408 354.362876 159.109934 343.051915 180.791638 361.259631 27.597566 27.597566 -0.000000 3.391474 3.840120 
2055 546.932670 560.784893 534.863140 564.562761 532.100988 534.142919 30.266794 30.266794 -0.000000 1.062821 1.480244 
2060 290.355350 669.650101 261.000342 688.071819 264.390534 661.049676 27.113211 27.113211 -0.000000 0.319860 1.695604 
2061 791.765309 703.867087 806.473969 700.097368 795.748806 712.304153 18.290375 7.473599 -1.070165 4.271275 5.433267 
2065 520.685763 777.183168 532.705204 770.216709 557.533875 820.564841 56.448810 56.448810 0.000000 4.008247 4.254245 
2068 161.091192 181.745326 177.998607 180.010786 167.685450 192.162348 13.825550 13.825550 0.000000 4.148038 5.416134 
2081 527.599273 621.876628 531.404528 629.685392 526.673436 627.283540 5.559801 5.559801 -0.000000 4.881976 0.469768 
2094 116.297591 552.335043 155.335081 515.179447 260.452228 662.580144 180.812354 180.812354 -0.000000 3.794480 4.092899 
2102 472.980354 669.009618 467.476387 657.766783 490.877544 651.549992 24.079081 24.079081 0.000000 2.368570 2.881929 
2103 296.382616 643.906801 297.548806 674.915106 258.104168 661.889034 41.639316 41.639316 0.000000 5.844009 0.318961 
2117 782.221833 712.258061 798.651217 715.378087 790.148340 717.861991 10.527781 7.954021 1.216684 3.756992 5.998969 
2125 418.060672 363.342811 403.889689 369.534336 408.656356 355.446174 12.907897 12.907897 -0.000000 0.698473 1.897051 
2126 567.389169 532.024594 567.913356 545.043751 516.145905 541.604211 52.124703 52.124703 -0.000000 6.098375 0.066345 
2140 249.298308 235.209229 262.182424 242.685629 242.255024 259.944306 25.052341 25.052341 0.000000 4.989796 5.569431 
2150 202.522215 148.015281 217.884789 155.244820 196.413162 180.632237 32.210799 32.210799 0.000000 4.897541 5.414416 
2156 179.319757 387.777505 177.082373 371.010482 186.548905 380.948182 11.048520 11.048520 0.000000 2.384627 3.951268 
2162 528.655258 768.416947 519.055120 774.093223 516.230800 760.140768 14.126763 14.126763 -0.000000 0.587624 1.371071 
2163 286.143899 188.056580 300.083145 200.939297 285.096117 198.549350 11.536667 11.536667 0.000000 4.811917 0.158136 
2165 289.386171 228.830335 295.144424 241.936547 268.050593 245.169371 26.135889 26.135889 -0.000000 5.629641 6.164427 
2181 493.794989 766.685928 512.883131 772.391021 492.007008 810.776083 43.359667 43.359667 0.000000 4.752920 5.210506 
2183 172.277609 227.266076 190.000454 224.049706 180.158989 237.202844 13.397680 13.397680 -0.000000 4.041837 5.354751 
2195 247.833159 661.959288 248.883626 666.029906 264.376139 661.123625 16.406149 16.301404 0.179382 3.091121 2.834898 
2213 512.169522 698.555528 499.488578 693.718995 539.807013 603.708124 98.949404 98.949404 -0.000000 1.854335 1.991926 
2225 250.118003 702.195639 224.923452 641.973523 263.040324 662.620876 42.394145 42.394145 0.000000 1.886411 3.638030 
2230 351.650424 169.204352 356.504109 186.108204 339.141927 179.432321 16.033124 16.033124 -0.000000 5.597756 0.367080 
2232 310.477661 211.642763 318.138721 226.956923 302.603113 222.530178 13.793967 13.793967 -0.000000 5.338563 0.277585 
2233 142.720451 251.378947 157.153736 243.458855 153.167914 258.048309 13.075997 13.075997 0.000000 3.709750 4.979080 
2237 552.996869 534.666426 550.302779 542.768151 518.193614 527.775221 35.827495 35.827495 -0.000000 0.195476 0.436848 
2238 617.713937 560.433548 621.172239 548.218071 619.855786 556.197600 6.458490 6.458490 -0.000000 2.038943 4.875895 
2240 538.610792 581.226799 527.424887 586.857483 473.226846 457.170485 140.342232 140.342232 0.000000 1.085743 1.174943 
2249 178.752312 164.616139 196.050201 165.837703 184.268944 176.001171 13.654564 13.654564 0.000000 4.261177 5.571375 
2251 248.810993 261.143476 263.082251 263.502390 250.880528 296.726263 34.751724 34.751724 0.000000 4.654293 5.064355 
2253 573.415715 509.219185 602.257004 499.868921 614.853441 583.588058 84.928232 84.928232 0.000000 4.204041 4.563049 
2257 279.515555 642.625648 288.534677 666.173195 264.796276 660.291093 24.243463 24.243463 -0.000000 5.407063 0.242896 
2261 228.542413 139.655603 239.693730 147.438805 211.854811 173.369142 37.081090 37.081090 0.000000 5.172014 5.533268 
2267 299.606339 353.296942 287.857924 343.164738 314.451070 326.584373 30.015639 30.015639 -0.000000 2.078021 2.584085 
2279 794.875423 694.578282 799.194810 681.198573 991.667927 720.105312 201.442750 33.749595 0.158105 3.270588 3.341046 
2287 323.686542 218.313356 329.241268 235.116812 316.053167 227.583734 12.247522 12.247522 -0.000000 5.401246 0.518976 
2292 689.934504 499.223791 716.684167 509.749287 662.184904 623.193906 126.759655 126.759655 -0.000000 4.932600 5.160237 
2293 536.549518 529.933669 567.179197 511.906331 623.646934 648.974290 147.646689 147.646689 0.000000 4.080728 4.321607 
2298 497.814253 641.277808 487.309312 623.110955 511.114320 615.696619 38.027767 13.052117 -0.766250 2.050249 2.839654 
2305 280.843092 206.482633 294.867819 220.097757 278.015828 219.815328 13.844118 13.844118 0.000000 4.921348 0.016758 
2310 312.009129 390.947529 297.788613 384.334537 311.166499 378.118591 12.632683 12.632683 0.000000 1.505209 2.706628 
2321 223.669681 694.190753 213.284015 651.925581 269.017846 661.316713 56.453224 56.453224 -0.000000 2.514333 3.308524 
2326 716.509584 766.390995 706.535347 774.422988 656.376821 698.424246 91.088665 91.088665 -0.000000 0.846478 0.987429 
2327 163.362846 208.364376 181.025195 204.550796 172.379274 218.395553 14.302118 14.302118 0.000000 3.980215 5.270622 
2330 136.911138 361.471514 142.879826 349.937810 166.339586 369.944570 30.121666 30.121666 -0.000000 3.421931 3.847717 
2333 508.026093 568.022152 498.829326 578.855105 450.079005 524.344805 72.421176 72.421176 -0.000000 0.645894 0.841121 
2336 269.950073 628.128494 281.717482 689.724965 264.981127 660.793877 32.644493 32.644493 -0.000000 4.863348 1.046343 
2344 139.156517 271.296067 151.014444 265.027322 160.229368 295.684968 31.568281 31.568281 -0.000000 3.999803 4.420405 
2353 246.703507 677.653313 240.778054 653.953792 264.028641 661.989579 24.284624 24.284624 0.000000 2.406514 3.474357 
2359 159.994007 214.941423 173.061840 213.604429 169.413629 240.756600 26.807553 26.807553 -0.000000 4.362514 4.845951 
2370 213.439674 143.318084 228.074382 151.665447 211.498549 166.148934 22.087252 22.087252 -0.000000 4.797207 5.565052 
2373 299.803080 229.137382 304.891045 244.023093 290.184220 238.772331 13.527836 13.527836 -0.000000 5.496952 0.342923 
2375 331.160232 330.763511 317.009107 328.929725 328.361498 301.406031 28.886277 28.886277 0.000000 1.475751 1.961997 
2376 318.460966 366.918647 304.088692 360.791943 330.120810 322.181891 45.673213 45.673213 -0.000000 1.825757 2.164018 
2380 259.812009 654.205805 258.521864 653.856678 264.544980 661.076032 8.103556 8.103556 -0.000000 4.109144 4.017080 
2385 366.391836 156.472693 370.832431 174.021285 355.162922 165.990154 14.871889 14.871889 -0.000000 5.580095 0.473623 
2386 153.984737 187.289608 169.992975 188.133291 161.262209 215.048620 27.483115 27.483115 -0.000000 4.455993 5.026059 
2400 317.001633 347.911689 299.122109 340.791807 315.180289 332.696622 15.373716 15.373716 0.000000 1.451657 2.674658 
2404 240.581973 623.770031 298.707472 633.310789 265.189538 659.785520 42.571336 42.571336 0.000000 4.112994 5.614653 
2405 237.205997 656.094269 282.448720 640.152075 264.562137 662.083759 27.774406 27.774406 -0.000000 3.357136 5.396545 
2407 257.680814 669.568929 258.707296 670.268368 264.317651 661.149720 10.341316 10.341316 -0.000000 2.238360 2.122362 
2411 534.299052 153.963281 724.930435 130.115339 650.272630 304.620140 190.325984 190.325984 -0.000000 4.056344 5.116651 
2427 327.385457 109.958562 378.168842 132.689320 280.006790 285.698339 181.517189 181.517189 -0.000000 4.975724 5.282797 
2436 785.087630 680.560492 780.626977 689.820307 763.712511 677.637516 20.912996 20.912996 -0.000000 0.135904 0.624193 
2442 119.877600 265.750245 132.269210 259.536899 138.252850 284.145795 24.745952 24.745952 0.000000 3.927543 4.473868 
2452 151.664294 228.439418 167.019646 223.111834 160.927373 238.028427 14.150166 14.150166 0.000000 3.944278 5.100135 
2462 506.744306 603.107574 519.403486 594.600412 544.405683 644.332403 55.717604 55.717604 0.000000 3.972132 4.246553 
2464 241.738994 681.727959 231.398544 656.984593 262.564532 661.844842 31.213949 31.213949 0.000000 2.379341 3.296294 
2469 315.980970 326.920464 333.973279 327.292447 318.032790 708.664271 381.431557 381.431557 0.000000 4.707014 4.754162 
2470 353.225610 333.935484 336.248372 338.029867 162.740271 -387.050989 745.811154 745.811154 -0.000000 1.312497 1.335918 
2472 286.169248 356.130892 277.576872 344.571208 302.516089 336.494983 24.858859 24.858859 -0.000000 2.265041 2.828414 
2480 474.131164 709.984344 478.217450 692.137063 487.343463 703.411727 14.410161 14.410161 -0.000000 2.679978 4.031926 
2481 493.244597 709.035206 501.155549 699.070070 499.285188 703.594748 6.696826 6.696826 -0.000000 2.408419 5.104367 
2484 369.665620 137.393817 376.503544 155.892813 344.586328 153.996241 31.073164 31.073164 0.000000 5.698422 0.059352 
2493 282.360485 676.917774 265.946652 685.351152 264.804653 663.264024 22.709119 22.709119 -0.000000 0.661015 1.519138 
2500 412.378460 374.163365 396.040794 379.245167 401.822164 362.801546 15.618948 15.618948 -0.000000 0.822133 1.908885 
2501 287.884447 444.812474 273.233083 435.772392 287.696288 433.149594 12.384430 12.384430 -0.000000 1.554665 2.962199 
2510 148.058846 197.420828 160.995239 196.885045 156.568455 226.313640 29.377624 29.377624 0.000000 4.425964 4.861694 
2514 321.332853 306.340537 306.054407 313.344118 312.550484 300.656858 11.899258 11.899258 -0.000000 0.574383 2.044010 
2523 268.947435 249.510929 283.901728 259.107164 268.844553 261.719540 12.487839 12.487839 -0.000000 4.720816 6.111398 
2524 310.814982 261.843864 308.950649 275.993498 281.915509 264.132277 28.494338 28.494338 -0.000000 6.204165 0.413445 
2550 118.271650 296.649221 129.376144 282.530135 128.384844 296.174168 11.111061 11.111061 0.000000 3.094654 4.784916 
2564 512.757892 576.174121 521.855100 588.823398 488.780379 603.887195 35.965253 35.965253 0.000000 5.425645 5.855811 
2565 245.679944 623.470347 287.963790 626.104097 264.327267 665.397691 45.410556 45.410556 0.000000 4.293907 5.253937 
2572 497.492605 742.486139 494.630909 728.603151 496.096456 737.122029 7.419341 7.419341 -0.000000 1.316170 4.542021 
2574 393.363713 196.993883 393.094419 180.981594 928.305610 172.242776 535.164682 535.164682 -0.000000 3.095357 3.125266 
2576 336.662461 203.309493 341.553692 221.059247 326.372945 212.823390 14.349468 14.349468 -0.000000 5.536933 0.497082 
2577 240.599539 653.769194 273.946626 636.804796 263.307834 654.173680 22.157951 17.470855 -0.188666 3.159403 5.261964 
2583 331.101005 252.369269 326.073237 267.359956 -320.730228 25.843379 690.478328 690.478328 0.000000 0.334466 0.357367 
2589 423.244214 579.897295 439.896927 627.299263 219.964852 679.308216 226.046867 226.046867 -0.000000 5.828347 6.050974 
2591 291.620216 630.301901 305.390881 652.851389 272.052943 656.270946 32.821346 32.821346 0.000000 5.358116 6.180970 
2621 494.998361 694.888101 490.859210 684.373847 494.853441 689.515392 6.030456 6.030456 -0.000000 1.543829 4.051922 
2631 231.039692 656.619500 265.911489 627.563159 253.445984 647.516563 24.105052 15.388859 -0.698853 2.755695 5.270795 
2647 505.795100 634.194328 496.236096 624.760765 531.029898 599.255350 43.198454 43.198454 -0.000000 2.196302 2.509031 
2658 485.746106 676.767505 494.371724 668.382385 514.151592 697.645395 35.348217 35.348217 -0.000000 3.775421 4.117998 
2661 127.622007 232.676335 142.221561 226.877978 138.002994 242.669273 14.679630 14.679630 -0.000000 3.907947 4.973438 
2667 491.946953 665.892586 478.602462 678.581937 410.667235 593.912505 108.539097 108.539097 -0.000000 0.724794 0.894619 
2669 771.562681 690.067297 761.411457 694.426310 766.587042 692.857298 7.235441 5.095192 0.910012 5.772140 2.847243 
2678 296.870574 674.944595 271.359234 695.947463 266.512730 663.513108 32.405152 32.405152 -0.000000 0.360136 1.422469 
2681 132.230981 222.245771 149.025407 216.146240 142.284198 229.386502 12.452625 12.452625 0.000000 3.759193 5.183326 
2696 558.351951 527.072465 567.696722 520.596126 565.331476 526.789292 7.092835 7.092835 -0.000000 3.101043 5.077206 
2735 358.007568 482.212694 271.886040 468.259147 341.412581 300.745457 181.629310 181.629310 0.000000 1.479601 1.964209 
2737 678.783428 545.308904 671.209360 541.877683 676.427742 540.500055 5.365912 5.365912 -0.000000 1.115290 2.883486 
2741 231.668466 686.623175 222.910749 663.025650 258.990682 662.208709 36.146903 36.146903 0.000000 2.412338 3.118954 
2746 523.489639 803.690264 528.364906 793.169089 588.430248 826.504441 68.728884 68.728884 0.000000 3.479433 3.648255 
2751 374.613028 212.713589 371.874711 225.974128 347.350028 212.570393 26.810108 26.810108 0.000000 0.005252 0.500183 
2783 727.990633 510.028121 802.703782 548.394671 689.466173 674.860838 169.028686 169.028686 -0.000000 4.941986 5.442656 
2791 227.563539 627.408536 260.087588 611.324497 270.095953 669.675956 59.527966 59.527966 0.000000 3.923866 4.542523 
2795 789.704387 464.429553 674.657855 488.694394 699.104704 324.571553 165.875164 165.875164 0.000000 0.995971 1.718664 
2803 242.223696 705.634860 222.156597 686.588225 257.397708 669.159385 39.345137 39.345137 -0.000000 1.965024 2.682307 
2819 403.338527 222.780090 397.642449 238.838236 375.128139 220.948920 27.519115 27.519115 -0.000000 0.064820 0.671424 
2820 322.414183 298.827425 310.011807 305.023633 300.219831 269.359018 36.376626 36.376626 -0.000000 0.925277 1.302842 
2821 404.943549 351.833028 392.063434 356.187625 392.211015 332.174914 22.875068 22.875068 0.000000 0.996041 1.576942 
2825 754.697305 693.836581 743.854058 713.921209 709.476867 680.383068 46.888000 46.888000 -0.000000 0.289170 0.773044 
2834 394.031455 396.077705 382.012506 396.428498 388.585152 373.456052 23.020804 23.020804 0.000000 1.334536 1.849462 
2848 635.145764 712.827539 646.058826 718.851545 616.903707 760.613892 50.815772 50.815772 0.000000 5.077057 5.321852 
2871 257.243603 693.317156 239.350500 683.494189 260.723117 667.249075 26.258707 26.258707 -0.000000 1.703490 2.491665 
2879 165.110040 425.826482 147.394885 408.549214 203.801817 365.910490 71.291795 71.291795 0.000000 2.144190 2.494318 
2883 462.255660 182.546268 485.779262 211.534331 372.093886 278.089754 131.737442 131.737442 0.000000 5.468815 5.753544 
2890 414.025940 464.873831 382.675637 476.773087 318.942205 257.790234 228.429404 228.429404 0.000000 1.140354 1.287577 
2894 365.123725 307.069773 349.984431 317.969576 353.221324 302.103641 13.137853 13.137853 -0.000000 0.395278 1.772050 
2903 435.000430 258.000254 425.995997 270.995969 420.301689 255.610805 14.356801 14.356801 -0.000000 0.161152 1.216314 
2911 587.341463 840.153811 575.308649 845.012940 579.483850 839.181173 10.024950 6.212814 0.766608 0.123156 2.192141 
2923 343.555484 306.655127 331.843421 310.526274 320.103781 255.959428 55.392500 55.392500 -0.000000 1.137516 1.358884 
2926 315.701802 669.924964 295.566213 702.611461 271.304836 664.083365 44.810860 44.810860 -0.000000 0.130825 1.008820 
2929 701.314405 602.641100 708.072035 609.867740 696.870612 615.060235 12.230419 12.230419 0.000000 5.056012 5.849115 
2932 437.664435 282.745806 428.353451 291.554255 422.907952 277.639954 15.061289 15.061289 -0.000000 0.333113 1.197760 
2941 383.949202 355.592562 370.040721 357.326613 375.029507 324.071826 32.460663 32.460663 -0.000000 1.295028 1.719703 
2946 407.368057 232.075914 401.968057 248.985320 394.065606 234.489592 13.650632 13.650632 -0.000000 6.103692 1.071679 
2947 366.991403 234.731660 363.430824 248.114622 330.017360 231.824665 36.616682 36.616682 0.000000 0.078461 0.453619 
2951 390.857544 344.393454 376.921670 347.666489 379.870286 322.485805 24.004769 24.004769 0.000000 1.105929 1.687364 
2958 803.316652 548.659725 821.493194 566.515899 645.344584 725.569692 237.073946 237.073946 -0.000000 5.441296 5.548741 
2969 665.019231 487.150028 632.453508 477.943070 695.044406 307.940500 181.716393 181.716393 -0.000000 1.736797 1.923571 
2975 363.417261 277.287060 353.667398 291.459145 281.758275 230.141436 94.250113 94.250113 0.000000 0.523597 0.706066 
2981 786.384047 284.967634 784.766013 342.855430 663.684049 310.811248 124.508520 124.508520 0.000000 6.075595 0.258717 
2991 344.365180 280.280858 334.213678 289.242060 328.364319 268.871573 19.174894 19.174894 0.000000 0.619425 1.291171 
3010 605.621588 518.620044 595.999085 521.228824 600.898865 516.128673 5.670036 5.670036 -0.000000 0.485427 2.336160 
3020 802.462781 279.928472 804.698753 317.126257 690.239559 308.015559 115.396558 115.396558 0.000000 6.037944 0.079430 
3026 365.614175 275.917917 354.773361 292.773753 352.651733 277.464353 12.718475 12.718475 0.000000 6.164445 1.433090 
3033 372.093928 241.338942 368.413773 258.166932 359.740877 244.806552 13.503315 13.503315 0.000000 6.009519 0.995019 
3035 379.731859 321.438042 368.828525 326.640632 364.000040 301.320652 25.054804 25.054804 -0.000000 0.907127 1.382360 
3048 469.133674 696.695436 476.026803 685.024096 478.952244 696.190357 10.411940 10.411940 -0.000000 3.090197 4.456159 
3064 398.981475 320.958186 385.892376 326.757074 378.274372 288.542152 38.078580 38.078580 0.000000 1.002341 1.374029 
3065 504.778147 699.531413 512.301818 702.672381 505.189060 708.377143 8.754862 8.754862 -0.000000 4.665969 5.607198 
3085 398.781586 256.849827 391.078199 268.053767 380.055034 251.260245 18.972418 18.972418 -0.000000 0.290066 0.989939 
3096 431.349518 244.958377 424.026867 260.017660 420.363455 246.175010 11.072116 11.072116 -0.000000 6.172891 1.312081 
3108 372.004930 402.082108 388.067109 401.117738 391.346484 548.489717 147.300013 147.300013 -0.000000 4.581042 4.690140 
3135 307.815817 108.710322 357.986125 125.030496 297.691260 232.252276 122.795996 122.795996 -0.000000 4.794159 5.224655 
3148 170.215142 143.847769 225.792853 115.436258 268.861636 266.929904 157.257492 157.257492 -0.000000 4.036753 4.435403 
3150 417.363547 264.395253 409.121907 281.096766 406.395224 266.666383 11.826469 11.826469 0.000000 6.079008 1.384044 
3173 620.929894 122.282518 653.949772 120.325587 659.609578 619.126712 498.471344 498.471344 -0.000000 4.634695 4.701043 
3174 687.637868 525.136410 678.028712 518.990912 684.635977 519.529289 6.474976 6.474976 -0.000000 1.079254 3.222895 
3175 628.935336 845.756646 638.025416 846.399712 537.544088 983.279663 170.853661 21.274976 -0.949363 5.298926 5.345626 
3183 663.375847 736.509474 653.545833 737.194034 658.278426 732.897406 6.492813 6.492813 -0.000000 0.616479 2.404441 
3184 384.692346 291.910528 375.862954 302.829933 373.751501 290.600428 11.266379 11.266379 -0.000000 0.119176 1.399829 
3189 452.327253 277.183565 445.771121 288.871616 411.994033 262.099179 42.851333 42.851333 -0.000000 0.357888 0.670225 
