1 605.234395 134.514035 692.811903 172.216016 609.271829 251.732618 115.533099 115.533099 0.000000 4.677959 5.522457 
23 698.681606 646.978808 610.928250 663.331805 603.830120 337.241869 324.953488 324.953488 0.000000 1.273632 1.549032 
27 142.683154 148.056940 160.961343 138.536280 213.568013 242.506444 118.135059 118.135059 0.000000 4.068565 4.243970 
32 598.364677 186.991763 638.859834 185.388828 622.943097 258.365834 75.422909 75.422909 0.000000 4.380747 4.927132 
39 276.023194 134.066806 303.060818 122.986497 292.883844 151.353788 30.113688 30.113688 -0.000000 3.939475 5.056844 
71 207.091377 658.740282 185.010072 650.971373 218.374825 591.077664 67.931422 67.931422 0.000000 1.736036 2.079048 
74 234.991818 490.526445 168.932871 486.730677 232.765366 31.006583 459.708014 459.708014 -0.000000 1.565951 1.709959 
85 336.068771 495.872384 369.068005 497.884946 345.287909 622.335058 126.047233 126.047233 -0.000000 4.639618 4.901194 
140 160.023910 456.063436 141.988060 456.468946 151.485449 420.121260 36.544215 36.544215 -0.000000 1.337559 1.826375 
143 710.039322 295.766993 713.014439 310.260652 651.635133 317.852817 62.373682 62.373682 -0.000000 5.921652 6.160118 
161 128.080735 496.738289 158.222965 508.549949 108.747748 589.409771 94.490136 94.490136 -0.000000 4.918058 5.261486 
170 137.900522 491.431920 109.696891 476.234725 137.181783 457.749292 33.106631 33.106631 -0.000000 1.549461 2.549516 
185 557.168492 632.757474 535.715617 611.526876 612.227543 557.901318 93.432522 93.432522 -0.000000 2.204973 2.530277 
326 693.690692 482.028631 696.128368 463.082810 735.696424 474.653828 42.458632 42.458632 -0.000000 2.967797 3.426093 
