1 150.294967 588.739154 180.774055 624.507308 391.987467 399.823276 307.569260 306.717864 -0.666435 2.478149 2.325301 
2 180.841061 624.371234 148.983319 589.940711 470.191128 322.696203 417.310448 417.310448 0.000000 2.335344 2.447642 
6 569.859297 635.788675 451.909196 688.715108 390.032905 390.029478 303.974577 303.974577 0.000000 0.939099 1.366524 
10 632.785969 245.118233 668.980553 323.644158 411.721586 394.396604 266.112340 266.112340 0.000000 5.689249 6.014797 
12 609.129116 584.133389 500.411441 662.841384 396.755252 408.034852 274.675313 274.675313 0.000000 0.692289 1.184439 
13 668.459853 323.900632 672.943957 453.991911 399.130944 398.323775 279.079163 279.079163 -0.000000 6.013585 0.200573 
14 597.390653 586.408977 512.021972 651.244102 384.040331 397.619372 284.670862 284.670862 0.000000 0.724399 1.103467 
15 604.684976 203.435982 637.342174 245.761043 436.562831 368.283798 234.945461 234.945461 -0.000000 5.507621 5.735273 
21 680.543475 370.985012 678.876948 434.988999 416.860124 396.423396 264.556135 264.556135 -0.000000 6.187010 0.146138 
26 410.990637 694.561584 331.774206 689.451865 387.363885 391.962698 302.554285 302.554285 0.000000 1.492875 1.755529 
