4 518.960098 366.281646 547.603918 372.810671 524.689869 402.366691 36.972294 36.972294 0.000000 4.554918 5.371871 
6 482.271405 350.634020 498.007620 349.983267 490.990741 358.442329 10.984419 10.984419 -0.000000 3.871925 5.404867 
7 517.140707 365.244899 539.108888 345.836786 535.476344 362.576001 18.077624 18.077624 -0.000000 2.997050 4.926084 
11 595.566396 373.542912 614.380339 352.539447 603.089231 362.085376 14.234746 14.234746 -0.000000 2.151786 5.581346 
13 74.634060 473.810350 99.339167 485.652458 76.779620 495.497115 23.342733 23.342733 -0.000000 4.613776 5.871711 
14 487.898695 342.296056 426.816548 281.052136 464.297656 304.819627 46.324472 22.266948 0.765071 1.008784 3.706723 
25 455.941572 313.048039 432.438230 284.461883 561.473012 200.066798 153.601147 153.601147 -0.000000 2.322114 2.562376 
26 45.335287 522.705301 95.824099 509.579279 72.741231 534.880877 32.108720 32.108720 -0.000000 3.559669 5.451963 
30 151.022984 469.119623 167.592495 491.046615 151.285595 487.885718 21.082965 16.389427 -1.136669 4.698396 0.191464 
31 541.014126 340.026020 582.021819 356.569656 560.122964 350.901567 24.620337 18.762360 -0.271016 3.659010 0.253272 
41 386.714052 311.229645 429.014270 262.030845 443.373897 315.674074 55.473230 55.473230 0.000000 3.219873 4.450834 
49 257.789232 645.487210 240.110718 618.278330 333.283721 573.091382 102.502109 102.502109 -0.000000 2.377144 2.690034 
50 104.913401 233.089841 -0.032204 369.868112 -164.878222 288.978036 330.214956 92.833622 -0.007020 6.078921 0.456181 
51 486.499592 336.594522 460.978398 313.016320 505.410374 291.676582 49.092636 49.092636 0.000000 1.969280 2.693846 
52 254.994759 601.183397 286.060959 632.028209 264.772829 622.342156 24.860311 21.385149 -0.193340 4.279495 0.427002 
68 241.791413 618.633028 252.419317 603.313144 263.731869 621.468612 21.622787 21.622787 -0.000000 3.270120 4.155162 
70 249.117306 594.783713 211.994036 597.769462 216.957849 422.700768 174.919534 174.919534 0.000000 1.386044 1.599142 
88 134.056120 530.103283 115.105155 531.067256 119.714504 474.419650 57.142507 57.142507 -0.000000 1.318720 1.651986 
101 70.042444 702.478220 74.899668 673.689722 70.519973 689.236452 14.853167 9.828351 -1.279137 1.606843 4.986984 
105 562.187071 539.218852 554.592928 512.670415 561.244454 525.271034 13.860927 13.449986 -1.112297 1.503317 4.226692 
113 391.659317 386.634521 370.788257 321.426366 411.280713 352.256182 59.228070 36.167946 0.129886 2.089430 3.792332 
115 17.987102 528.971987 33.886066 550.909292 24.652366 541.066162 13.748871 13.748871 -0.000000 4.208691 0.817333 
131 287.009347 635.036066 257.969588 639.349342 261.474852 584.942562 55.307845 55.307845 0.000000 1.099390 1.635134 
142 87.320399 513.204451 98.544586 534.135646 88.460337 526.345843 12.339109 12.339109 -0.000000 4.625862 0.657729 
147 199.482524 582.212117 198.370075 566.015740 933.403128 552.884841 735.314300 735.314300 -0.000000 3.101654 3.123730 
149 130.542538 566.891603 98.549419 581.691338 69.109252 478.368241 107.461226 107.461226 0.000000 0.964123 1.293219 
150 401.538892 140.945776 391.780976 164.355630 392.078603 149.071113 14.734370 10.733580 1.452632 5.573553 1.590266 
167 198.669323 611.656293 184.986046 611.126838 193.247788 602.153527 10.823475 10.823475 0.000000 1.052334 2.314932 
169 157.386124 337.500299 132.638549 357.639043 -70.474381 54.052384 363.718807 363.718807 0.000000 0.893689 0.981149 
173 581.801369 166.775904 568.005117 284.132126 526.036485 224.540072 79.087916 79.087916 -0.000000 5.480179 0.957213 
195 392.557304 529.533835 418.222138 570.908305 345.009275 588.669444 74.838185 74.838185 0.000000 5.389595 6.045187 
199 211.580899 599.910243 200.880969 584.163388 209.514009 588.087730 10.138738 10.138738 -0.000000 1.397719 3.568242 
202 78.099391 356.384320 37.003212 367.012418 -128.375274 -367.810756 752.872930 752.872930 0.000000 1.293056 1.349426 
204 197.602901 566.056934 225.609204 554.098980 210.610341 558.756565 14.290154 6.387321 -0.399012 2.630157 5.982097 
206 128.893095 701.826079 61.907557 705.120165 69.333541 87.146763 617.354660 617.354660 -0.000000 1.474203 1.582812 
224 333.853122 183.143837 332.906517 139.910162 895.593440 183.358562 579.065738 88.219868 0.040828 3.141975 3.218656 
228 777.840116 61.120251 796.155071 23.261561 815.954649 55.300196 38.750037 38.750037 -0.000000 2.990064 4.158846 
237 75.599862 656.796608 120.016653 669.987074 92.030120 685.837524 32.497534 32.497534 0.000000 4.197525 5.767869 
240 147.949071 462.593344 261.971078 476.165688 126.103141 1153.883946 691.050562 691.050562 -0.000000 4.743980 4.910245 
241 534.993177 533.103275 490.921270 530.191722 535.300313 169.088074 363.448730 363.448730 -0.000000 1.571640 1.693081 
243 188.291371 624.153756 175.793827 628.505012 180.640101 621.932788 8.370130 8.370130 -0.000000 0.282510 2.206176 
252 154.577368 581.120367 160.021869 555.004559 246.731278 593.426592 93.243071 93.243071 0.000000 3.274347 3.558704 
263 628.067518 302.764651 680.488800 323.239851 609.148343 435.802058 133.300667 133.300667 -0.000000 4.853651 5.277282 
265 419.451198 582.072476 403.274726 622.177712 361.457700 580.384298 57.892704 57.892704 -0.000000 0.029102 0.785116 
286 314.755396 86.875308 359.035082 61.354159 342.739086 79.915216 28.360915 16.142942 -0.378733 2.897819 5.432897 
299 379.041282 233.423081 333.635749 191.203463 451.637861 189.954008 131.283478 38.668372 -0.165193 2.602074 3.131005 
303 34.870218 630.723082 69.822571 633.355683 43.867555 715.433309 84.731976 84.731976 -0.000000 4.606573 5.018664 
314 739.031026 95.961916 746.518648 107.185143 738.324416 104.147675 7.424154 7.424154 -0.000000 4.798497 0.354981 
332 465.949941 336.924907 440.988803 339.034154 452.508438 321.887536 20.159874 20.159874 -0.000000 0.841377 2.162366 
378 455.863877 239.966198 438.642164 237.539906 451.463325 200.866644 38.711383 38.711383 -0.000000 1.458721 1.907119 
384 697.863239 503.512484 707.988742 521.441606 670.016306 532.011384 38.644680 38.644680 -0.000000 5.486217 6.011704 
396 786.376713 133.013178 789.228166 120.172603 796.132461 126.957319 10.462314 10.462314 -0.000000 2.586057 3.918256 
408 778.538283 127.696451 775.293861 142.180889 772.665237 133.543502 7.807450 7.807450 -0.000000 5.500005 1.275371 
409 387.108886 169.749968 338.399075 130.522785 405.903554 90.995340 80.131969 80.131969 -0.000000 1.805063 2.611864 
411 490.285262 452.626427 439.939902 457.317599 463.371593 374.989661 83.670006 83.670006 0.000000 1.237099 1.848079 
439 401.250743 625.280943 374.299230 649.335271 254.989509 487.555726 200.449574 200.449574 0.000000 0.755349 0.935354 
446 83.102885 305.172581 103.688098 295.076106 108.259183 325.840288 30.996364 30.996364 0.000000 3.829349 4.564884 
454 424.117260 239.898375 388.006496 237.883576 413.178717 101.643618 137.959551 137.959551 0.000000 1.491842 1.753500 
470 440.713384 191.234249 445.674989 215.231623 431.360608 204.520269 16.280597 16.280597 0.000000 5.325765 0.642408 
478 681.216458 208.380999 692.917820 225.084370 684.212919 219.590723 11.021115 11.021115 -0.000000 4.451187 0.562973 
481 97.999318 712.031439 19.970953 710.339897 73.837286 60.409812 651.355326 651.355326 0.000000 1.533733 1.653488 
488 487.842861 524.086971 451.846399 514.399198 526.483211 336.867211 192.213567 192.213567 0.000000 1.774329 1.968776 
499 504.984797 278.063101 520.012185 281.907637 505.258544 296.393613 17.714044 17.714044 -0.000000 4.697456 5.506941 
505 426.000553 248.479577 364.789430 239.967227 422.842034 56.566027 192.103999 192.103999 -0.000000 1.554340 1.877352 
508 164.994287 658.087619 176.687092 662.320183 169.762608 665.563937 8.083678 8.083678 -0.000000 4.144645 5.845097 
523 366.886662 381.143509 344.675691 359.222261 391.705490 332.522229 53.973388 53.973388 0.000000 2.042771 2.625242 
538 405.662309 67.793253 434.578065 73.747026 410.372446 117.000960 48.605650 48.605650 -0.000000 4.616960 5.222585 
587 606.073819 145.880397 626.568761 156.915779 584.821123 211.490428 68.193880 68.193880 -0.000000 5.025648 5.365398 
599 786.071421 281.949613 792.815228 276.144172 787.632813 277.877230 5.339524 5.035482 -0.816687 1.936919 5.960465 
601 452.206641 393.113986 468.151127 381.529852 460.487048 878.875777 498.667390 51.402086 -1.563346 4.695344 4.727798 
607 514.006107 524.211405 494.797285 524.788193 500.512605 -55.418761 579.831356 579.831356 -0.000000 1.547521 1.580646 
