4 648.040924 6.082348 677.402356 9.713750 662.077575 13.398755 16.220078 12.008674 0.040870 3.622084 6.047205 
7 104.523340 542.907146 119.363551 490.357808 271.302738 562.440744 167.937506 167.937506 -0.000000 3.258184 3.584567 
11 417.092887 30.092241 329.892910 70.955059 371.513589 46.513120 47.657639 14.337212 -0.424691 5.937390 2.610597 
13 800.560915 115.723636 580.687511 164.798283 741.222037 258.719504 191.771376 152.579007 0.147620 5.105733 3.670949 
14 323.816983 71.991893 244.985028 24.003171 320.447875 18.185039 76.446368 52.532571 0.065401 1.508263 3.064646 
15 435.667569 666.044901 435.313457 667.240724 444.852906 668.940682 8.869123 8.869123 -0.000000 3.446991 3.317944 
19 451.221348 613.168128 469.048100 617.207404 460.038556 615.551258 9.118946 8.648686 -0.613386 3.405567 0.181792 
20 467.989106 619.978597 451.003581 615.998109 459.966065 614.081993 9.193895 9.193895 -0.000000 0.633805 2.930971 
23 915.494254 224.534987 694.800680 398.981489 740.027210 257.259817 184.603037 147.612038 0.172310 6.098802 1.879703 
24 732.354199 114.786011 733.122102 115.016295 740.146003 114.755201 7.155156 6.098688 0.058620 3.137639 3.104438 
29 801.018234 375.022064 755.870277 383.714050 750.316162 207.474113 176.277152 176.277152 -0.000000 1.276945 1.539292 
32 737.672068 152.825804 735.947571 152.894405 744.133496 155.963116 7.438110 6.408640 0.040080 3.593609 3.500255 
33 884.474761 261.974819 701.999268 376.003881 727.523414 256.129392 158.552812 122.524514 0.260080 0.037226 1.780587 
34 678.826552 394.404530 643.970722 127.941781 716.572547 258.599602 159.853896 139.221631 0.278053 1.841896 4.205208 
37 755.055282 384.178800 694.953288 376.182115 763.009735 84.442218 299.869195 299.869195 0.000000 1.597328 1.799976 
38 761.204030 145.229277 813.721466 370.914674 740.600941 262.456664 147.335835 118.832581 0.205300 4.886365 0.977608 
40 609.242598 556.880693 608.464208 542.052201 619.799156 549.723665 12.607344 12.607344 0.000000 2.545805 3.736576 
42 671.160122 367.720611 622.972533 334.029032 730.703946 229.745726 149.653289 149.653289 -0.000000 1.978206 2.372457 
51 673.833449 388.386121 644.006176 133.010236 711.494228 259.272781 150.258870 133.089165 0.331638 1.854610 4.221519 
58 462.918330 157.949476 251.421032 144.182900 359.616313 139.741776 106.749176 75.957712 -0.045680 0.174465 3.100568 
59 433.427140 39.262040 387.001577 231.005570 382.084069 130.853036 113.195469 97.460019 -0.229307 5.223310 1.521736 
61 386.961104 230.738974 224.991000 138.001165 371.614713 125.548847 146.682471 106.442256 -0.182348 1.425926 3.056869 
65 661.476810 136.694708 661.941998 137.366590 665.853803 132.423903 7.102280 5.675514 0.080433 2.368473 2.240292 
67 683.982517 122.861101 717.947890 118.585992 717.265945 247.524369 128.279550 128.279550 0.000000 4.451488 4.717678 
69 616.856415 327.818406 645.590075 162.446174 716.710204 261.700606 128.930043 113.114073 0.228992 2.556726 4.090646 
71 670.786125 365.349323 645.067287 166.090310 708.480357 263.274015 118.786713 106.993571 0.425467 1.924542 4.134253 
73 409.054153 893.226400 376.716979 827.925886 417.975301 831.416748 74.198493 37.403257 -1.025951 1.714139 3.226001 
77 31.621180 540.062825 615.159276 540.003848 323.760539 535.028658 293.271071 259.239255 -0.237303 3.124362 0.017072 
82 674.009470 169.735112 673.797744 169.223155 666.739157 171.023117 7.234752 5.752217 0.088368 6.107845 6.033503 
85 380.006432 212.078438 255.002837 144.999464 348.210306 145.999655 93.186816 67.473732 0.102538 1.122314 3.152323 
87 345.979018 448.943287 325.003729 451.903721 333.069641 428.790742 23.676695 23.676695 -0.000000 1.001070 1.906560 
91 471.856680 56.124553 214.863192 133.850667 358.910973 129.329761 143.644138 110.219782 -0.077166 5.708115 3.110218 
93 589.019694 432.993907 604.675078 555.039037 348.312136 524.897166 257.735500 257.735500 0.000000 5.918462 0.117038 
104 430.194030 67.746854 380.079068 212.282387 365.896153 131.570060 100.486333 80.783461 -0.078550 5.501492 1.396850 
107 479.000000 71.000000 481.594026 177.307274 426.331211 117.214955 82.941423 69.863414 1.253832 5.562962 0.827240 
111 294.929043 415.029471 295.211929 389.772140 311.067725 402.276543 20.621359 20.621359 -0.000000 2.472851 3.809364 
115 228.071604 113.030180 236.587433 92.826107 310.923789 137.126723 85.916205 85.916205 0.000000 3.424623 3.679028 
116 391.213645 773.103276 235.993017 310.984174 324.933426 538.309278 269.633534 243.393478 -0.281254 1.295664 4.339450 
117 684.957490 149.693913 718.995368 144.966649 719.209793 261.147332 115.606150 115.606150 0.000000 4.414227 4.710543 
118 305.419798 632.043777 280.993324 637.554488 281.242406 584.980459 53.403706 53.403706 -0.000000 1.096233 1.575534 
120 806.956238 322.016799 778.831686 364.557274 770.088248 327.859633 37.985274 37.985274 -0.000000 6.126013 1.336901 
121 318.008197 799.163135 215.850540 784.375211 311.586115 484.582046 314.793489 314.793489 0.000000 1.550384 1.879899 
128 215.720056 784.357899 347.012157 280.252297 319.707167 539.355371 280.903657 254.888577 -0.337816 1.972186 4.817384 
133 770.112428 149.679109 883.917801 261.018878 803.007547 224.317368 92.186090 53.756283 0.698151 4.297273 0.425850 
135 436.973364 -0.003237 428.231304 35.108424 376.475257 3.197977 60.025898 60.025898 0.000000 6.230320 0.552503 
138 708.780214 333.015070 716.902452 286.948418 748.938972 313.612488 41.271997 41.271997 0.000000 2.691518 3.835722 
143 850.150594 401.371825 673.939899 410.224137 751.842908 178.761201 243.793719 243.793719 0.000000 1.154939 1.895455 
146 921.976957 211.010092 907.392563 354.388504 811.949386 272.720682 125.463811 125.463811 -0.000000 5.772039 0.707776 
148 382.504446 -0.807769 407.323016 22.725500 364.339613 41.475521 45.719231 45.719231 -0.000000 5.118148 5.871854 
161 631.821522 546.353330 628.197818 553.940619 633.497467 553.118214 6.139501 5.330316 0.403388 4.469537 2.987640 
167 65.324187 595.077211 218.951904 321.908556 276.788461 527.345667 229.758221 204.505045 -0.880570 2.831620 4.437963 
171 383.006235 234.082327 220.617650 137.872542 354.340311 135.730670 132.841246 100.261980 -0.019368 1.287189 3.125577 
201 395.099552 281.508806 448.006705 295.978985 319.064829 645.659925 372.459162 372.459162 0.000000 4.918232 5.065661 
205 416.480568 88.555320 276.733749 104.391705 335.277832 5.509793 115.870866 115.870866 -0.000000 0.796617 2.105358 
221 404.936742 228.714901 385.029292 233.132018 358.666688 62.509916 172.387379 172.387379 -0.000000 1.299280 1.417500 
233 269.128377 127.906916 223.564749 93.627171 244.318251 112.065588 31.978552 17.664197 0.149706 0.568250 3.867989 
234 584.397647 573.108909 501.496388 710.518124 342.803199 519.371905 247.152948 247.152948 -0.000000 0.218864 0.877899 
240 448.138913 295.710263 524.822349 340.252611 365.734364 526.179840 243.893925 243.893925 -0.000000 5.055775 5.420152 
253 611.478265 574.846978 457.157206 774.276405 334.190729 518.797628 282.452400 282.452400 0.000000 0.199447 1.122206 
255 881.523257 379.991964 761.901373 418.342759 763.578351 213.025657 203.394815 203.394815 0.000000 0.955788 1.578964 
256 250.208887 309.750886 540.248611 385.852080 345.399434 469.121778 224.465911 173.201121 0.052715 4.173965 5.879322 
259 430.361987 64.540844 465.629564 150.142734 406.418490 128.477853 68.703275 62.308406 1.424046 5.070709 0.350762 
264 737.109658 355.794413 715.544621 336.446058 764.629234 305.466646 57.360291 57.360291 -0.000000 2.071185 2.578588 
266 453.563765 132.411186 439.296984 167.179465 352.086705 109.327590 104.459631 104.459631 0.000000 0.223670 0.585710 
269 362.614327 573.829444 368.714783 552.277326 384.857982 565.911107 24.714131 24.714131 -0.000000 2.799599 3.842916 
270 544.801321 391.126041 590.224946 533.985099 378.165918 521.544488 211.190371 211.190371 0.000000 5.619109 0.058599 
272 684.262821 148.938197 685.531417 125.973822 730.153598 136.565038 46.838486 46.838486 -0.000000 2.878233 3.374633 
273 438.214490 44.646630 491.426965 138.021189 394.206355 118.482887 98.225214 83.625592 0.143727 5.249879 0.198327 
275 399.845607 2.122779 416.856518 27.600627 370.932671 39.511510 46.986717 46.986717 0.000000 5.370640 6.029415 
284 534.082418 352.909127 569.617262 394.782851 329.000866 560.652993 292.200685 292.200685 0.000000 5.491338 5.679639 
289 347.048803 280.420313 526.945356 349.066872 345.657244 557.256409 276.019445 276.019445 -0.000000 4.717416 5.428826 
311 573.043921 392.976528 608.023843 475.992596 384.535132 522.514862 227.692615 227.692615 0.000000 5.681119 6.077952 
313 451.196037 472.809518 452.034589 493.323790 427.993968 482.880734 26.130583 26.130583 -0.000000 5.873661 0.409799 
316 147.413336 450.816086 178.508572 414.006975 190.674624 455.330854 43.058356 43.058356 -0.000000 3.245577 4.426071 
320 443.772117 783.037684 457.284262 774.460922 466.872544 814.174790 40.399054 40.399054 -0.000000 4.074096 4.475488 
321 449.793238 95.113032 460.101357 130.988977 414.941559 124.551895 44.863312 44.863312 0.000000 5.581782 0.141586 
340 386.259507 769.298200 149.291287 726.567094 310.025891 505.204597 273.882755 273.882755 0.000000 1.289774 2.198835 
345 298.003083 807.970166 47.093915 638.958506 298.826578 531.532565 275.077614 275.077614 0.000000 1.573775 2.738244 
346 435.462616 33.108286 471.909210 56.121866 387.656288 146.373121 122.874541 122.874541 0.000000 5.111780 5.463427 
352 383.180138 798.986512 298.999170 807.983305 307.297794 470.880037 336.591776 336.591776 0.000000 1.343519 1.595409 
353 263.846393 48.267556 293.065210 0.184307 314.618473 49.332759 53.633621 53.633621 0.000000 3.162570 4.299111 
362 658.680249 554.617849 657.941223 548.894927 656.683968 552.769442 4.241479 3.110343 -0.502079 0.746955 5.026163 
368 433.144807 -0.077943 235.506025 24.200551 334.618017 11.110152 98.092630 65.432467 -0.131405 6.170116 3.010276 
374 362.164975 93.331318 273.661096 82.652399 318.745086 86.657292 42.416141 9.160278 0.083903 0.152515 3.230192 
375 416.265900 69.340574 283.791448 93.672084 330.325940 -26.612416 128.835008 128.835008 0.000000 0.840392 1.939933 
385 435.756544 37.511733 467.836236 58.183313 378.304102 167.581780 141.927212 141.927212 -0.000000 5.128322 5.398252 
386 427.125738 48.086178 359.502982 93.526598 348.562345 0.466304 91.912352 91.912352 -0.000000 0.544917 1.453768 
389 615.460813 574.872471 462.140986 780.211111 332.695383 521.202366 287.750658 287.750658 0.000000 0.187573 1.107330 
391 275.150077 56.264817 272.685069 39.045082 317.499366 41.357817 44.433675 44.433675 0.000000 2.803136 3.193154 
395 419.659763 88.743678 283.799822 112.538943 348.672930 89.823351 70.139351 32.876428 -0.150387 6.267977 2.804780 
404 426.388111 45.342381 277.721380 81.955645 327.015003 -44.371720 135.308998 135.308998 0.000000 0.734360 1.942831 
416 383.069831 809.386480 220.984511 806.068645 309.067701 475.861103 341.718980 341.718980 0.000000 1.352455 1.831477 
435 610.720608 493.954919 612.473230 521.970395 401.328511 516.978106 210.639488 210.639488 0.000000 6.173673 0.023640 
448 245.682244 25.960764 243.340314 -0.477439 280.339013 8.122672 38.809092 38.809092 -0.000000 2.666249 3.369981 
454 218.581855 133.547801 191.745087 87.219598 230.566121 94.929569 38.850043 38.850043 0.000000 1.871700 3.337645 
488 702.334076 541.562549 698.936444 540.886674 699.869806 549.523279 8.843609 6.879506 1.566087 5.012587 4.604736 
489 896.499031 171.397228 923.427390 209.744841 760.354232 296.339158 184.484822 184.484822 -0.000000 5.540669 5.795035 
496 441.075177 471.956559 449.359209 492.893122 420.827234 491.983745 27.797837 27.797837 0.000000 5.503268 0.031861 
506 595.818845 619.911762 576.044614 660.508816 243.413872 472.033781 381.783434 381.783434 0.000000 0.397309 0.515513 
519 41.716415 626.063300 32.609797 572.031045 209.378275 568.448946 176.539203 176.539203 -0.000000 2.810600 3.121331 
522 552.162145 694.052640 494.421213 749.479571 321.355665 507.907845 296.174617 296.174617 -0.000000 0.678690 0.949138 
524 647.025597 398.954551 570.772716 336.194228 729.406192 220.144074 196.298609 196.298609 0.000000 2.002525 2.509997 
528 856.227400 138.666081 896.033330 170.963558 740.315768 319.028916 214.529769 214.529769 0.000000 5.283586 5.522972 
546 761.007553 417.600744 600.263847 363.697114 747.727537 184.201335 232.911189 232.911189 0.000000 1.513959 2.258537 
551 123.203169 360.232310 147.277068 340.351356 292.565821 540.980219 247.597534 247.597534 0.000000 3.959498 4.085627 
552 634.983001 551.025640 635.899531 540.650932 637.422205 546.134178 8.817647 5.067770 0.211429 2.033376 4.441518 
553 71.028947 423.020409 122.253019 361.262259 282.370599 543.521535 242.444820 242.444820 -0.000000 3.659791 3.991571 
555 156.697233 763.446940 106.769221 724.254609 281.972004 553.510393 244.297122 244.297122 0.000000 2.108806 2.369082 
556 103.788260 721.190123 38.197894 587.960228 267.911940 557.473733 231.580183 231.580183 0.000000 2.357437 3.009649 
560 589.937524 429.026101 600.859441 459.046980 330.521233 544.487777 283.693343 283.693343 -0.000000 5.864428 5.977068 
571 278.721760 635.599559 297.012269 625.972770 293.328474 638.067394 13.097743 13.097743 -0.000000 3.308964 5.008043 
578 546.037575 697.033844 512.735896 730.695837 354.245103 541.280063 246.861633 246.861633 0.000000 0.682073 0.874054 
579 471.231587 52.681905 504.183456 150.023292 415.639771 124.706654 91.298906 91.298906 -0.000000 5.369724 0.278492 
582 364.083558 326.710204 395.665162 340.848268 358.011872 378.486556 51.854752 51.854752 -0.000000 4.829123 5.497986 
588 233.913316 805.272130 175.302361 784.285214 310.055436 498.071148 316.107568 316.107568 0.000000 1.813758 2.010822 
590 240.749446 58.478252 203.851281 73.575393 160.490854 -87.821904 166.793724 166.793724 0.000000 1.069037 1.308337 
607 37.530774 582.026533 35.607977 548.022167 398.072936 544.846431 362.178122 362.178122 -0.000000 3.038833 3.132831 
609 341.996026 813.946245 279.982330 814.995081 307.631135 466.856624 348.759764 348.759764 0.000000 1.472109 1.650049 
611 606.269155 481.970676 610.476925 531.033089 90.157049 553.976605 520.892966 520.892966 -0.000000 6.144564 6.239119 
612 601.659632 535.998619 601.675444 555.000270 543.522976 544.696158 58.597689 58.597689 0.000000 6.134682 0.175371 
629 243.384858 48.790434 233.344232 -0.047428 299.426596 11.847685 67.055100 67.055100 -0.000000 2.558777 3.319690 
644 594.805531 243.952210 614.917791 195.948571 712.906537 265.584051 120.004456 120.004456 -0.000000 3.322748 3.759429 
648 443.822312 221.612204 369.903231 244.375124 352.868875 57.292794 187.605996 187.605996 0.000000 1.065258 1.479994 
654 274.284457 231.116837 225.787049 188.166574 323.261468 125.328200 115.774750 115.774750 0.000000 2.004384 2.568977 
657 403.120059 627.864399 384.023994 659.030108 376.468260 631.984965 26.547105 26.547105 0.000000 6.129792 1.298367 
662 290.233432 189.812127 268.863840 164.080972 307.029250 153.143769 39.045475 39.045475 -0.000000 2.000322 2.862499 
732 659.035298 557.204505 656.954400 546.927710 656.591037 552.765111 6.574283 4.918872 -0.385067 1.067505 4.774556 
735 275.970159 814.214737 247.955309 810.321591 305.272152 486.203973 329.045341 329.045341 -0.000000 1.659892 1.745826 
