6 799.992161 459.728578 817.997642 459.617569 810.115800 529.807235 70.370451 70.370451 -0.000000 4.568920 4.824214 
10 734.051409 446.956751 735.779499 488.967936 305.685326 484.050697 429.946586 429.946586 -0.000000 6.196807 0.011432 
21 659.893072 403.316045 676.630628 434.775184 541.380022 481.325744 143.232322 143.232322 0.000000 5.701041 5.951705 
45 285.156774 601.058886 256.350034 588.572936 280.989487 561.893741 38.201664 38.201664 -0.000000 1.464792 2.316469 
52 446.851635 451.500717 423.222130 451.026500 436.153884 430.249096 23.782797 23.782797 0.000000 1.104444 2.127520 
63 864.547164 378.056328 865.573341 403.025721 410.693554 411.131568 454.779545 454.779545 0.000000 6.210437 6.265367 
74 643.029341 496.598499 621.097286 533.763380 566.569271 474.147694 79.221244 79.221244 0.000000 0.285601 0.829941 
79 309.272087 560.684268 274.034766 516.647466 419.831434 433.985937 167.466379 167.466379 -0.000000 2.288276 2.625818 
90 317.342390 552.594860 295.051913 527.953041 491.673146 366.579329 254.322864 254.322864 -0.000000 2.323779 2.454336 
97 679.501548 500.865495 648.552972 553.577429 608.261347 493.383914 70.725361 70.725361 -0.000000 0.104636 0.980926 
105 449.986949 562.088809 424.940030 558.408088 458.353331 419.282623 142.641045 142.641045 -0.000000 1.629315 1.806499 
112 614.298758 491.904419 592.903098 522.628892 543.920487 464.007999 74.284302 74.284302 -0.000000 0.377380 0.874732 
121 444.854860 391.855380 466.881112 389.062412 459.211902 426.211027 36.458624 36.458624 0.000000 4.316552 4.915976 
122 301.762572 556.221872 269.256430 511.854194 387.823306 458.655283 129.508000 129.508000 0.000000 2.293618 2.719835 
124 579.680185 518.885781 544.297744 541.547980 495.496587 429.028347 122.598911 122.598911 -0.000000 0.817987 1.161569 
126 363.861040 646.538192 403.457277 663.443661 361.434048 717.050874 69.144002 69.144002 0.000000 4.746795 5.377242 
128 666.178073 399.856617 684.770014 434.072310 623.364640 445.207695 61.814872 61.814872 -0.000000 5.469012 6.103793 
140 544.150120 567.855916 493.940754 576.662206 465.427882 277.076717 300.315372 300.315372 -0.000000 1.306406 1.475908 
141 478.905132 486.979003 484.192553 459.025034 814.132665 533.777315 337.685171 337.685171 -0.000000 3.280298 3.364394 
148 704.315937 484.092964 693.961342 519.282874 611.271255 474.978690 92.772727 92.772727 -0.000000 0.097644 0.491865 
154 611.988480 482.996376 589.475204 521.575327 513.981563 443.502903 108.044843 108.044843 0.000000 0.383061 0.802189 
167 604.329177 555.571628 567.461829 576.801984 453.973925 328.417633 272.185531 272.185531 -0.000000 0.986095 1.142216 
168 548.191716 571.736468 487.928438 582.489453 480.179106 352.022067 229.710172 229.710172 0.000000 1.270601 1.537185 
173 567.523901 514.874230 536.337571 533.563302 505.307109 445.938651 91.685351 91.685351 -0.000000 0.836582 1.230448 
176 654.676868 444.069203 653.691190 493.155896 579.955493 466.749618 77.829516 77.829516 -0.000000 5.988490 0.343891 
216 395.053467 661.744047 355.009341 656.114701 401.340215 214.282601 443.879040 443.879040 0.000000 1.584845 1.675275 
218 376.633727 420.273590 395.044005 400.066725 413.106346 436.769654 40.685967 40.685967 0.000000 3.566346 4.255063 
224 677.736151 443.814813 677.419253 490.183175 515.896628 463.926564 163.865735 163.865735 0.000000 6.159549 0.161147 
228 563.560385 514.964686 533.745835 532.283932 435.364602 331.865672 223.010719 223.010719 -0.000000 0.959973 1.114472 
233 614.028278 412.984716 623.882538 482.300060 541.534464 458.170903 85.558989 85.558989 -0.000000 5.725802 0.285036 
245 276.927064 447.984200 294.358173 404.205260 340.149618 449.746564 62.633000 62.633000 0.000000 3.169461 3.924252 
246 597.071198 481.026630 577.970806 511.735040 512.039374 442.596258 94.564641 94.564641 -0.000000 0.424477 0.809139 
264 410.608942 428.214363 422.924754 414.891750 427.731891 432.449586 17.366247 17.366247 0.000000 3.384068 4.445149 
273 618.483901 495.327909 601.839079 519.890954 552.639950 468.284585 70.155043 70.155043 -0.000000 0.389712 0.809274 
275 600.804171 113.588992 625.762871 123.282247 597.838460 152.492273 40.004103 40.004103 0.000000 4.788475 5.475289 
282 607.250432 492.179875 588.465005 518.333994 546.309799 467.351457 64.579096 64.579096 0.000000 0.386886 0.879893 
283 756.716310 519.228766 745.848862 539.877398 736.824855 522.143953 18.213010 18.213010 0.000000 6.137667 1.100078 
284 690.447404 502.552704 667.276648 548.169386 558.520400 461.339769 138.336338 138.336338 -0.000000 0.302786 0.673757 
292 421.919353 413.899384 440.022028 404.053917 443.001001 431.987109 27.320136 27.320136 0.000000 3.850704 4.606144 
298 446.990154 386.907550 464.998888 384.989556 460.122416 422.560479 37.170318 37.170318 -0.000000 4.359473 4.841461 
299 372.340393 419.476742 393.819158 397.771386 407.350712 432.094109 35.774496 35.774496 -0.000000 3.487493 4.336854 
300 481.816607 562.834710 434.984657 558.153495 537.467914 -192.257807 757.111540 757.111540 0.000000 1.644365 1.706526 
301 413.037416 360.081582 468.000757 350.025425 458.136266 451.352702 101.376060 101.376060 0.000000 4.253457 4.809436 
303 371.670516 446.943479 380.000000 423.000000 407.597449 445.258312 35.352822 35.352822 0.000000 3.094722 3.820306 
307 622.561290 547.698092 569.912199 581.595935 479.127673 375.931812 223.951090 223.951090 0.000000 0.875045 1.155099 
314 398.048760 663.345419 375.027519 661.630567 420.203199 326.532087 337.570298 337.570298 -0.000000 1.636478 1.704802 
320 378.488924 420.373031 432.144426 382.443172 441.952287 453.547234 70.670911 70.670911 0.000000 3.623258 4.575317 
341 97.203918 444.248328 84.337013 440.757719 103.506955 413.966786 30.470636 30.470636 0.000000 1.776014 2.191875 
343 604.397384 447.945245 601.689553 479.868295 568.777793 462.014864 37.327610 37.327610 0.000000 5.907000 0.497039 
344 848.797236 499.942703 827.037917 521.876845 825.600886 499.378237 22.583988 22.583988 0.000000 0.024329 1.507011 
357 620.937011 556.904451 582.325326 580.571799 426.172736 296.397972 324.730161 324.730161 -0.000000 0.928809 1.068340 
359 902.882764 365.649499 907.490556 388.502759 896.692855 378.172207 14.814591 14.814591 -0.000000 5.171462 0.763292 
362 632.649180 447.746392 625.908297 490.925420 595.089092 466.467533 39.839408 39.839408 -0.000000 5.820793 0.670822 
377 516.854169 380.762808 545.644151 392.532606 516.708363 421.961447 40.739695 40.739695 0.000000 4.715928 5.489340 
379 661.668610 458.969902 658.745134 491.158499 524.774181 457.184654 137.113658 137.113658 -0.000000 0.013040 0.248356 
387 681.669760 505.943441 650.521268 555.532749 572.299459 470.725194 115.866069 115.866069 0.000000 0.311524 0.825772 
390 366.582100 449.061277 374.921984 421.954153 403.156774 445.073519 36.055468 36.055468 0.000000 3.032991 3.827708 
396 905.186351 341.914411 909.584983 363.079418 889.899856 355.424866 20.004664 20.004664 -0.000000 5.559384 0.370857 
400 322.592419 448.923648 335.933980 412.962543 367.599229 445.724870 43.991408 43.991408 -0.000000 3.070639 3.944017 
401 693.406797 446.138056 696.174969 494.129577 602.598012 472.413425 95.102781 95.102781 0.000000 6.001529 0.228031 
404 710.226614 485.052456 702.569473 518.131820 473.189658 444.249610 240.526302 240.526302 -0.000000 0.170466 0.311603 
430 410.842174 404.721949 437.964528 392.884645 437.829287 429.035496 35.130355 35.130355 0.000000 3.874922 4.716130 
431 416.846901 402.624036 435.589421 394.991746 451.107378 460.090158 66.417956 66.417956 0.000000 4.174779 4.478379 
432 311.293831 554.633729 291.436078 532.506074 489.521008 373.886789 253.632624 253.632624 -0.000000 2.349175 2.466386 
434 382.462435 422.553174 396.539589 405.617305 416.149589 434.036597 33.731474 33.731474 0.000000 3.470124 4.108390 
441 401.769616 400.624030 418.583791 390.320777 429.828522 427.663582 38.117839 38.117839 0.000000 3.908492 4.419903 
445 692.689259 503.868156 664.636606 554.742967 581.840539 477.331765 112.742726 112.742726 -0.000000 0.234971 0.751799 
450 683.802604 444.852950 684.090317 489.131103 572.544128 466.159411 113.804522 113.804522 0.000000 6.093972 0.203099 
453 647.971737 504.635487 627.322387 536.210832 566.110721 470.783179 87.596016 87.596016 0.000000 0.392119 0.818677 
457 672.194937 443.959174 673.347047 492.918463 599.846543 469.373819 76.263681 76.263681 0.000000 5.945369 0.310005 
469 549.106960 98.167090 575.850297 105.383132 547.653818 148.688623 50.641191 50.641191 0.000000 4.741144 5.289542 
472 666.307107 450.871304 664.577849 490.247031 545.299659 462.754922 122.407566 122.407566 -0.000000 6.185294 0.226531 
476 512.478039 98.544099 538.202641 99.915476 520.289486 140.994575 43.711718 43.711718 0.000000 4.530412 5.123594 
481 91.048771 448.478693 75.526666 430.007655 89.460043 434.767240 14.275790 14.275790 0.000000 1.455442 3.470761 
482 651.436809 453.973976 647.906478 490.979869 594.863354 467.304302 57.274229 57.274229 -0.000000 6.051778 0.419811 
483 699.508896 456.019205 699.025323 494.013050 620.103273 475.374323 79.757522 79.757522 0.000000 6.044098 0.231917 
489 202.916539 561.253631 171.714720 536.150746 203.163696 529.124026 31.371801 31.371801 -0.000000 1.578489 2.921771 
498 623.957468 549.944781 575.174748 581.299492 530.386067 455.467058 131.956243 131.956243 0.000000 0.790218 1.228840 
504 638.009961 446.998020 638.129576 486.128781 586.382705 465.690694 54.304612 54.304612 0.000000 5.935799 0.376156 
509 388.991255 423.618416 433.952829 389.861032 444.367733 450.558612 61.030297 61.030297 0.000000 3.594375 4.542457 
511 595.896492 481.601796 580.130817 505.087814 485.100880 421.003251 126.081896 126.081896 0.000000 0.500491 0.724366 
524 636.974881 450.003182 635.484338 486.207701 513.097242 457.123742 125.510078 125.510078 0.000000 6.225768 0.233311 
530 399.705711 425.765885 415.143002 410.222993 424.643496 433.723544 24.935338 24.935338 0.000000 3.450479 4.328210 
537 311.339452 451.855299 327.180377 410.104364 372.517341 451.287164 60.059727 60.059727 0.000000 3.132306 3.879014 
548 665.002307 499.000748 636.543751 546.456784 561.843154 465.958517 109.125276 109.125276 -0.000000 0.309978 0.822737 
555 587.727337 484.803160 571.804790 506.859075 529.686863 459.647842 62.206304 62.206304 -0.000000 0.408972 0.842354 
566 713.240155 190.004612 723.995688 155.994589 749.426612 180.723421 36.355211 36.355211 -0.000000 2.890522 3.912995 
570 473.144618 555.017017 499.975546 551.723093 496.087862 676.365189 124.139814 124.139814 -0.000000 4.525525 4.743570 
576 339.794666 447.959943 349.674832 417.312810 393.521477 449.042006 53.190980 53.190980 0.000000 3.161730 3.768009 
578 669.225850 444.936928 671.391285 489.059339 591.208481 467.312346 82.694593 82.694593 0.000000 6.003882 0.264846 
579 669.041659 507.019146 646.496753 544.359353 525.976118 441.879234 157.835097 157.835097 -0.000000 0.427265 0.704675 
581 533.237552 550.342066 490.968818 557.823838 456.957420 262.363325 297.138395 297.138395 -0.000000 1.311862 1.456188 
583 642.333712 557.462055 611.043824 580.060678 566.040526 488.458924 101.088434 101.088434 0.000000 0.735266 1.114139 
594 530.152436 289.114622 569.337060 297.883208 510.096612 456.570972 168.697328 168.697328 0.000000 4.831589 5.069681 
600 350.283841 441.079859 357.788021 421.886661 395.408391 448.594227 45.713935 45.713935 0.000000 3.306604 3.758947 
605 95.361529 254.172820 114.415344 239.651137 128.458662 279.140679 41.341113 41.341113 0.000000 3.787892 4.370715 
607 707.169184 524.712339 690.790832 551.736663 667.939947 521.140217 38.155796 38.155796 -0.000000 0.090807 0.929316 
612 414.717997 407.519274 440.066877 396.208554 439.244925 430.676564 32.942993 32.942993 0.000000 3.898276 4.736231 
613 341.285996 452.055784 351.129174 418.647996 444.801730 465.524845 104.675873 104.675873 0.000000 3.270982 3.605587 
614 161.166912 422.039582 159.925721 446.945934 76.696855 436.348364 85.131211 85.131211 -0.000000 6.115383 0.126649 
615 354.504457 450.066795 361.651593 422.865738 408.550516 450.022163 53.723083 53.723083 -0.000000 3.140767 3.666459 
627 866.413706 350.132088 878.086501 312.139907 895.399793 334.453555 30.848922 30.848922 -0.000000 2.645764 4.052513 
628 286.153248 458.784771 307.355656 406.217628 371.146923 461.986729 83.630583 83.630583 0.000000 3.179248 3.859994 
629 345.045409 444.010381 354.904227 417.949008 388.942501 445.736068 43.368114 43.368114 -0.000000 3.180885 3.826222 
635 646.370703 447.867197 644.417887 490.203116 562.269698 462.750713 87.708090 87.708090 0.000000 6.108027 0.322514 
637 178.158097 176.614045 199.756235 171.053222 210.260562 269.677637 98.416606 98.416606 0.000000 4.380218 4.606281 
640 329.607778 443.917415 340.654618 414.810029 368.519930 445.041420 39.465602 39.465602 0.000000 3.170470 3.967695 
641 612.298953 454.027475 605.685284 482.709688 575.334265 461.904226 36.476835 36.476835 0.000000 6.073237 0.600924 
645 679.694976 174.128318 689.246153 148.166330 714.730430 172.540497 34.907891 34.907891 0.000000 3.096303 3.904729 
648 376.272010 383.414032 415.009150 365.029575 473.640708 522.890264 170.024903 170.024903 -0.000000 4.102938 4.356767 
649 550.508182 398.729265 568.600429 414.369369 527.325228 443.769921 50.384696 50.384696 -0.000000 5.187737 5.664248 
653 335.118543 442.026034 345.197904 416.103925 382.095979 445.872335 46.810508 46.810508 -0.000000 3.223286 3.820450 
668 709.948814 186.016805 715.643609 159.787853 739.690147 179.819109 30.951176 30.951176 0.000000 2.936146 3.836146 
670 595.622426 543.079216 562.636438 562.103512 468.464262 360.377883 222.153933 222.153933 -0.000000 0.962767 1.134033 
674 226.963792 465.999334 235.062710 426.023119 361.640186 472.964824 135.238539 135.238539 0.000000 3.193267 3.496723 
677 342.062361 154.224768 301.829960 165.387125 274.054613 -14.752794 181.338058 181.338058 0.000000 1.188166 1.417813 
679 355.347664 413.281405 379.198949 390.284916 398.179829 432.514493 45.808865 45.808865 -0.000000 3.563643 4.289977 
686 868.754477 366.196476 875.179047 341.525800 921.963851 363.438184 50.673399 50.673399 0.000000 3.089801 3.579614 
688 270.518191 446.156985 293.004445 399.003184 343.826881 451.575546 72.194759 72.194759 -0.000000 3.215373 3.943914 
699 672.234788 502.774930 652.121162 542.079162 601.741678 488.578475 71.938517 71.938517 -0.000000 0.198730 0.815435 
706 388.480706 471.461585 386.134697 426.720146 420.499021 446.557796 39.297286 39.297286 0.000000 2.480537 3.665135 
707 222.417520 494.084066 220.766905 463.012383 390.076020 468.637141 169.040482 169.040482 0.000000 2.990964 3.174802 
719 454.367998 134.216901 451.191685 106.994149 598.737102 105.685090 147.249436 147.249436 -0.000000 2.946476 3.132721 
723 859.698672 321.778351 862.658452 298.998303 897.417500 314.687018 37.765652 37.765652 -0.000000 2.955757 3.565574 
724 869.425361 345.083933 872.994095 316.747441 908.718881 335.889424 40.069920 40.069920 0.000000 2.911733 3.633482 
725 509.143502 390.397610 525.185989 394.219254 509.769351 421.863399 30.780726 30.780726 -0.000000 4.692502 5.221111 
727 444.801744 385.843885 465.983003 384.156916 466.457083 484.215475 100.678459 100.678459 0.000000 4.495707 4.707651 
741 628.723023 444.063632 628.618089 485.123803 563.700943 461.333665 68.666393 68.666393 -0.000000 6.023577 0.351271 
747 643.155981 446.208476 641.339831 490.107953 589.942291 466.539868 56.345724 56.345724 -0.000000 5.918230 0.429937 
749 389.527505 579.085298 341.645972 554.635895 523.541065 268.963915 338.194320 338.194320 0.000000 1.978693 2.137784 
768 331.550149 400.544992 359.949227 375.934598 394.213105 443.464124 75.005594 75.005594 0.000000 3.742126 4.242846 
786 259.409314 447.124310 282.730842 396.821630 345.674966 456.787096 85.818679 85.818679 -0.000000 3.253140 3.902761 
787 340.792719 486.073805 334.042089 452.029196 405.271411 454.406037 71.540133 71.540133 0.000000 2.685062 3.174949 
791 646.661977 406.216060 659.218378 425.860416 595.493491 456.050341 70.224167 70.224167 0.000000 5.510996 5.840754 
793 273.348096 446.839940 293.549325 401.690600 371.772418 463.653699 99.955380 99.955380 0.000000 3.310789 3.811518 
801 528.057490 554.369656 488.091030 560.585322 447.917862 171.060918 391.360430 391.360430 -0.000000 1.364692 1.468026 
804 272.265484 489.280661 286.972930 403.967786 362.272785 457.676613 94.282914 94.282914 0.000000 2.803914 3.761167 
805 626.959628 559.379555 583.038902 585.075964 444.606655 302.484256 315.178750 315.178750 0.000000 0.953501 1.115288 
813 403.335279 552.245376 359.536779 528.867860 489.878620 345.265032 223.757407 223.757407 0.000000 1.966828 2.188144 
824 310.975819 404.979477 348.143029 369.206878 380.176649 437.789149 74.873521 74.873521 0.000000 3.584325 4.275420 
825 349.571321 413.654344 377.084183 387.120707 394.037789 430.698720 45.805830 45.805830 -0.000000 3.507628 4.341366 
827 114.096637 475.781788 97.534778 455.007964 111.845105 459.866484 14.724507 14.724507 0.000000 1.430259 3.468893 
836 493.006272 300.936161 531.003672 304.973967 496.168025 403.922614 102.464011 102.464011 -0.000000 4.681698 5.050896 
838 358.631461 415.698274 384.084497 391.117183 400.134687 432.391266 43.340034 43.340034 -0.000000 3.524002 4.341515 
852 432.198105 380.613768 465.978237 374.623543 458.827042 429.565607 54.858161 54.858161 0.000000 4.214178 4.841820 
856 623.038766 486.009264 588.938280 532.197888 552.460986 468.706126 73.418881 73.418881 -0.000000 0.240422 1.049323 
859 694.977943 567.920707 734.108713 561.151018 740.445974 725.005768 163.766657 163.766657 -0.000000 4.430640 4.673732 
869 709.032180 191.992518 713.711497 159.723303 733.704329 179.372864 27.403594 27.403594 0.000000 2.668792 3.918332 
872 321.760836 405.796177 354.119369 375.165812 389.842586 443.832548 76.844826 76.844826 -0.000000 3.651081 4.232680 
879 550.535221 400.411345 567.307812 415.661457 502.008249 468.467244 83.367450 83.367450 -0.000000 5.331817 5.603180 
885 419.061187 104.535695 454.213614 102.344022 442.194403 265.539899 162.689945 162.689945 0.000000 4.569685 4.785905 
886 252.819218 446.940790 271.992030 401.993901 349.395675 459.341852 96.027055 96.027055 0.000000 3.269301 3.779241 
887 299.747079 485.282214 296.588428 452.006017 362.094401 464.346439 65.492972 65.492972 0.000000 2.817630 3.327797 
899 244.603046 412.193638 239.241979 429.282801 201.927613 405.028783 43.146440 43.146440 0.000000 0.166340 0.576369 
903 422.052466 557.482091 364.185333 533.668265 442.038773 440.554080 119.538241 119.538241 0.000000 1.740089 2.267169 
912 593.989747 499.954750 578.265136 516.255761 436.909431 355.048446 213.922722 213.922722 -0.000000 0.745107 0.850916 
924 394.009873 577.978050 334.737300 545.388883 452.557604 404.160736 182.956684 182.956684 0.000000 1.895695 2.266078 
934 414.806908 305.846921 438.640927 301.855738 448.600532 432.732308 130.937954 130.937954 0.000000 4.452099 4.636436 
940 298.055766 396.051603 337.696208 360.574159 382.935453 448.862713 98.584286 98.584286 -0.000000 3.698167 4.238869 
942 733.047250 554.038890 762.702389 540.097971 775.129960 612.136676 72.366108 72.366108 -0.000000 4.085512 4.541558 
949 840.761111 286.507658 838.878385 258.989650 860.597537 273.073978 24.909718 24.909718 -0.000000 2.546317 3.716895 
956 737.583834 198.002702 745.582194 173.290239 768.515003 197.169021 31.581796 31.581796 0.000000 3.114646 3.947196 
966 832.553364 278.035456 845.998205 256.011464 842.844131 272.588070 17.714827 10.926300 1.517465 2.654744 4.900414 
967 313.172343 494.256270 310.529894 439.884331 359.789007 461.322248 54.244198 54.244198 0.000000 2.526527 3.552077 
968 479.806519 501.591484 502.089782 495.411571 505.526173 575.420599 78.607352 78.607352 -0.000000 4.377169 4.669465 
985 168.841848 324.977134 188.437593 339.854852 171.858933 343.340470 17.825328 17.825328 0.000000 4.549544 6.075956 
993 382.172230 386.263123 413.806365 370.422686 428.502102 434.372044 65.793136 65.793136 0.000000 3.945827 4.486508 
1002 389.317420 449.862368 393.155085 430.829636 430.223906 448.162151 40.101072 40.101072 0.000000 3.100053 3.578967 
1003 281.879957 450.965816 303.158362 403.104618 359.449310 457.289367 76.922061 76.922061 0.000000 3.222934 3.907928 
1005 244.830513 585.624804 211.074332 552.949873 251.475162 553.229694 34.109788 34.109788 -0.000000 1.773103 3.148519 
1010 409.969514 303.817717 477.999390 296.512358 482.623013 620.787313 324.747764 324.747764 -0.000000 4.487068 4.698132 
1015 383.908858 397.919406 423.758295 375.286301 437.271896 444.964840 70.939739 70.939739 0.000000 3.864155 4.520825 
1028 432.058884 376.225753 466.003669 371.641221 460.500332 441.693326 70.592238 70.592238 0.000000 4.302553 4.790789 
1032 416.717630 537.571606 385.038398 521.922269 514.061450 310.818520 246.690516 246.690516 -0.000000 1.976299 2.119398 
1039 472.999416 593.348351 540.927939 607.159507 490.343834 685.332749 92.509778 92.509778 0.000000 4.526019 5.286707 
1040 821.411127 265.919848 826.939379 243.410691 844.156584 259.047218 23.202362 23.202362 -0.000000 2.848161 3.878915 
1046 279.623692 501.104003 273.752566 451.966634 352.642098 465.297258 80.038043 80.038043 -0.000000 2.685671 3.308990 
1049 372.038655 583.727382 419.290675 594.024095 375.761884 679.995644 95.383430 95.383430 0.000000 4.673733 5.181077 
1055 254.094642 488.982554 250.346217 456.943571 338.400137 456.727248 89.293347 89.293347 -0.000000 2.776175 3.139136 
1060 302.232359 400.194331 340.918798 363.887461 389.251283 451.799695 100.072632 100.072632 0.000000 3.676876 4.209714 
1062 419.176013 410.275907 440.108959 400.315165 445.463386 437.492338 37.263352 37.263352 0.000000 3.944353 4.569348 
1063 606.877550 539.834326 560.096183 568.187922 504.578225 420.805469 156.767224 156.767224 0.000000 0.860842 1.210542 
1077 782.305633 545.973216 764.733806 569.546977 743.185635 532.335023 40.159874 40.159874 -0.000000 0.335449 1.045912 
1081 354.707888 114.300238 385.029632 109.611298 374.202928 149.071254 41.031561 41.031561 0.000000 4.201391 4.980171 
1087 615.533221 446.902848 614.624331 480.144338 582.872879 463.388067 35.105866 35.105866 -0.000000 5.815747 0.485587 
1095 543.108153 340.609818 586.222657 357.593799 534.236995 429.514775 88.292042 88.292042 -0.000000 4.811842 5.338264 
1103 420.096007 589.059024 476.689501 609.384405 425.341098 663.263730 73.927807 73.927807 0.000000 4.641822 5.473740 
1110 845.115402 289.041565 856.978927 273.276123 866.562052 288.376110 19.529088 19.529088 0.000000 3.110574 4.146884 
1111 354.668031 367.473947 404.934739 344.779562 422.679222 447.818575 104.282620 104.282620 0.000000 4.009934 4.541850 
1117 813.328993 524.203933 789.307808 548.565500 771.471600 510.711364 42.661961 42.661961 -0.000000 0.311830 1.130467 
1119 611.391411 543.525720 564.527513 572.008783 483.815313 387.665017 201.144597 201.144597 -0.000000 0.884860 1.158105 
1126 639.024340 410.490175 650.182519 432.909158 594.378943 446.537684 56.541208 56.541208 0.000000 5.603937 6.043651 
1156 157.014572 450.035728 130.820142 433.562715 172.305164 205.284294 249.083318 49.232279 -1.470756 1.633189 1.750564 
1170 779.833420 526.688352 799.962175 515.929234 847.685207 631.341991 124.409103 124.409103 0.000000 4.137177 4.320300 
1181 534.955189 591.535920 569.051268 594.386850 536.832139 751.804490 159.736034 159.736034 -0.000000 4.700678 4.914274 
1188 348.385937 597.130448 316.249596 594.935695 337.031931 548.552379 49.800655 49.800655 -0.000000 1.341191 1.992033 
1194 484.072745 569.482893 423.020653 564.840127 535.679043 -180.341330 753.368828 753.368828 0.000000 1.639512 1.720843 
1195 280.015883 594.933437 258.822386 574.044484 296.884950 557.162299 42.647140 42.647140 -0.000000 1.990830 2.724126 
1201 154.009774 476.781210 172.176814 493.208527 148.812724 498.602159 26.245259 16.911420 -0.767331 4.946201 6.056308 
1202 739.075111 568.082057 715.059444 590.064941 696.672615 542.055307 48.561266 48.561266 0.000000 0.550506 1.205046 
1210 261.474074 503.138343 256.037648 451.004843 335.499513 467.611584 80.900584 80.900584 0.000000 2.694133 3.347617 
1217 587.612065 526.802968 573.453713 537.595226 537.443595 473.665109 72.850730 72.850730 -0.000000 0.814134 1.057820 
1218 418.964377 544.093100 375.583082 522.659184 443.543121 440.347616 106.009838 106.009838 0.000000 1.803421 2.260979 
1230 424.398958 414.518998 444.690077 405.020896 451.026684 448.913121 43.966151 43.966151 0.000000 4.053583 4.569012 
1234 691.231848 585.157180 645.152820 601.488870 667.185961 588.266755 25.684184 12.619116 -0.431598 6.154581 2.601099 
1235 427.921848 590.992019 444.151257 605.834610 286.278358 758.217311 219.246213 219.246213 0.000000 5.415152 5.515481 
1242 310.037450 398.030505 342.824830 367.736152 373.049465 432.115457 70.731639 70.731639 -0.000000 3.637444 4.273456 
1279 307.669709 488.103084 303.046344 453.002652 364.528627 461.911698 61.973360 61.973360 0.000000 2.709927 3.285495 
1280 616.035269 457.005404 612.477357 480.226360 499.314375 448.915907 117.048331 117.048331 -0.000000 0.069196 0.269932 
1281 401.988671 572.033460 338.912505 539.132669 479.794731 348.651749 236.781620 236.781620 0.000000 1.905965 2.207617 
1283 214.770647 156.452878 230.483677 150.205649 240.681350 199.571117 50.314686 50.314686 0.000000 4.171292 4.508679 
1294 476.392949 596.295472 491.975680 609.029760 179.108283 949.997031 462.437455 462.437455 0.000000 5.411339 5.454837 
1295 312.748046 120.493131 293.521943 130.050021 275.244839 86.150675 49.167408 49.167408 0.000000 0.741433 1.176283 
1300 268.160579 379.183140 306.844766 344.782923 429.261701 532.331722 223.453544 223.453544 -0.000000 3.901690 4.134104 
1309 342.761668 365.650012 404.090144 337.360986 416.965520 441.805084 104.912916 104.912916 0.000000 3.939967 4.589733 
1313 423.910285 530.204599 390.643761 513.630191 482.199605 375.897944 164.976126 164.976126 0.000000 1.931976 2.157462 
1344 318.668829 308.206363 350.898758 294.757377 403.444270 462.357623 175.164632 175.164632 -0.000000 4.209584 4.408578 
1352 288.533315 491.078293 283.664486 462.056287 398.617709 456.319966 114.570069 114.570069 -0.000000 2.835756 3.091733 
1363 373.973140 372.955252 407.899627 357.660544 421.330551 428.746919 72.433631 72.433631 0.000000 4.008577 4.525652 
1382 340.295382 359.435449 397.887759 332.627747 435.433718 482.937436 155.566473 155.566473 -0.000000 4.055998 4.467607 
1393 439.947407 360.580968 466.998333 360.019750 455.317440 427.728240 68.672230 68.672230 -0.000000 4.487365 4.883225 
1394 427.959763 367.834604 463.000031 362.655426 461.932220 455.093931 92.956514 92.956514 -0.000000 4.341117 4.723940 
1402 558.374232 577.725275 515.027684 587.127630 452.847741 211.257500 380.721977 380.721977 -0.000000 1.290426 1.406852 
1410 280.208699 395.176899 325.776870 352.689384 365.685919 440.549253 95.113401 95.113401 0.000000 3.629585 4.286019 
1412 867.127688 410.055360 880.783796 387.915091 893.327569 409.307615 25.301112 25.301112 -0.000000 3.113060 4.182057 
1413 600.348713 419.770502 609.749444 442.844348 565.569748 447.041217 44.450189 44.450189 -0.000000 5.618206 6.188474 
1418 331.684656 116.564386 312.966541 120.232953 322.769953 90.627583 30.248630 30.248630 0.000000 1.239737 1.890568 
1419 269.920474 131.219569 292.986662 128.869110 286.062748 186.868170 57.474854 57.474854 0.000000 4.430062 4.831206 
1458 277.412481 221.732958 286.663559 206.088746 333.897599 235.724662 57.577259 57.577259 -0.000000 3.384411 3.701935 
1467 639.519853 164.462673 630.921978 130.942588 648.893931 144.350747 21.824685 21.824685 -0.000000 2.006954 3.782567 
1483 463.966101 352.513131 510.079443 353.532219 487.190589 497.111175 145.975438 145.975438 -0.000000 4.553135 4.870475 
1486 262.087676 496.196177 257.735519 450.993971 362.808703 463.617984 105.558149 105.558149 -0.000000 2.828764 3.261164 
1498 397.261764 447.068891 401.588558 430.628535 426.808637 446.583350 29.078360 29.078360 0.000000 3.125161 3.705655 
1505 393.958276 273.850911 430.909138 267.276839 442.153679 458.886847 191.515801 191.515801 -0.000000 4.457585 4.653772 
1506 342.240517 284.588895 316.107132 295.262308 294.435331 207.071567 90.313024 90.313024 -0.000000 1.018185 1.329833 
1532 473.889563 583.895005 423.910181 577.727913 518.632900 68.883221 516.872441 516.872441 0.000000 1.657457 1.754842 
1543 686.090042 177.155585 691.628262 154.038061 697.182223 166.116407 13.787608 13.787608 -0.000000 2.358589 4.281392 
1545 358.834351 339.498430 393.965642 327.895968 423.748478 475.879889 150.287040 150.287040 -0.000000 4.268146 4.513785 
1548 425.818431 372.438620 455.052048 365.531574 459.392644 440.720546 75.433418 75.433418 -0.000000 4.255404 4.654724 
1551 511.987305 601.923722 491.878589 605.270518 494.912245 575.002888 30.284153 30.284153 -0.000000 1.005559 1.670690 
1569 332.974117 545.030667 305.743037 514.115176 357.886524 494.672838 55.023536 55.023536 -0.000000 2.030201 2.784697 
1570 772.322785 553.378204 755.574118 567.672686 739.318841 532.251073 38.082283 38.082283 -0.000000 0.569412 1.140559 
1601 345.055271 483.983361 339.099453 452.997044 420.960178 449.649256 82.726862 82.726862 0.000000 2.716802 3.100719 
1619 463.976688 329.185751 531.905322 334.420543 487.306994 479.324268 151.510861 151.510861 -0.000000 4.558230 5.010967 
1624 400.871455 567.286189 344.726908 535.362542 460.919074 393.601159 183.355929 183.355929 0.000000 1.903659 2.257394 
1628 389.839007 632.712935 413.121630 641.899276 390.047869 671.142794 37.711431 37.711431 -0.000000 4.706954 5.380400 
1634 243.685679 438.949513 237.698300 470.951925 -120.707416 393.852582 366.884526 366.884526 -0.000000 0.123133 0.211888 
1666 408.582154 300.087990 434.007585 296.057861 444.705572 441.175942 145.547653 145.547653 -0.000000 4.461739 4.638803 
1667 410.131500 337.497316 462.024748 330.471999 451.155411 455.904031 125.349083 125.349083 -0.000000 4.378866 4.798828 
1670 287.384601 394.331072 311.477324 368.438844 360.565774 436.763675 83.572580 83.572580 0.000000 3.667049 4.089383 
1673 465.858261 580.994854 407.895041 572.736698 540.532123 -66.853924 652.142088 652.142088 -0.000000 1.685554 1.775276 
1680 525.968226 587.635112 507.024787 589.284657 512.103067 534.631401 54.186845 54.186845 0.000000 1.314941 1.663448 
1689 174.111171 445.000099 174.071114 490.000063 -70.227649 462.204376 244.676587 244.676587 -0.000000 6.212890 0.113290 
1690 574.014420 236.944268 535.036372 226.859421 640.864915 -99.811466 342.993118 342.993118 0.000000 1.766762 1.884088 
1692 438.993412 274.916607 483.997829 274.642956 461.941894 468.501381 193.989002 193.989002 -0.000000 4.594395 4.825675 
1707 367.932944 255.675030 406.042161 252.038310 397.006403 354.021974 102.259798 102.259798 -0.000000 4.424954 4.800758 
1723 352.920131 289.693845 395.174997 279.913035 444.877510 574.215987 298.554560 298.554560 0.000000 4.399787 4.545085 
1725 345.342042 337.754481 392.372315 319.080847 439.086181 502.628358 189.077360 189.077360 -0.000000 4.195392 4.463174 
1742 94.381738 359.030895 95.779924 387.010997 -48.184027 385.450699 143.985887 143.985887 -0.000000 6.099947 0.010838 
1761 682.760212 585.714659 653.230283 600.752564 653.092681 562.247648 37.305846 37.305846 -0.000000 0.669229 1.567223 
1772 393.998222 321.993932 450.808863 311.831205 455.298214 459.185422 148.982069 148.982069 -0.000000 4.292182 4.681932 
1773 771.000025 352.043395 770.026620 339.029546 770.249277 345.887425 6.617344 4.821041 -1.566149 1.449441 4.679933 
1811 378.751792 362.392264 413.177139 350.574011 654.549097 1236.927179 918.049664 918.049664 0.000000 4.406897 4.446516 
1834 372.011624 470.320231 368.764260 452.032876 425.196889 450.679525 56.237591 56.237591 -0.000000 2.787839 3.117616 
1842 265.372101 489.211006 261.609186 460.180275 334.283478 467.912219 71.818696 71.818696 0.000000 2.841831 3.247586 
1855 458.978888 331.594212 500.969282 329.409581 483.334739 461.969763 132.117345 132.117345 0.000000 4.527705 4.844643 
1872 49.021927 947.824638 58.834782 956.775225 20.869244 953.863215 41.487944 8.217358 -0.010614 6.071893 0.076552 
1877 776.773749 517.815152 799.981574 505.748718 789.271998 512.544819 11.164920 5.551867 -0.429962 2.742533 5.717725 
1878 795.270515 531.437515 808.700865 523.133536 844.314124 595.820238 80.978058 80.978058 0.000000 4.061410 4.256809 
1921 544.101780 331.625913 582.327291 344.282312 536.467581 427.755678 95.192267 95.192267 0.000000 4.791638 5.214766 
1922 472.995348 370.250487 511.001515 373.992249 480.841798 473.691987 103.599884 103.599884 -0.000000 4.636680 5.006143 
1927 421.959178 317.337143 459.938303 314.998183 450.652448 464.196065 148.770379 148.770379 -0.000000 4.519440 4.774547 
1933 99.228857 296.948489 103.492042 315.889251 63.300148 315.712499 39.540294 39.540294 -0.000000 5.801891 0.004398 
1956 419.027613 637.882884 398.091763 614.824639 471.337330 568.000857 86.165527 86.165527 -0.000000 2.213364 2.572797 
1958 379.637731 314.795380 407.432066 306.436712 423.551035 404.984652 99.481903 99.481903 -0.000000 4.259275 4.550260 
2016 564.917860 299.330459 590.005935 304.479365 548.305459 418.564011 120.176047 120.176047 0.000000 4.850824 5.062825 
2080 464.015823 312.401165 543.856985 322.548277 482.416703 494.844948 182.442507 182.442507 -0.000000 4.611871 5.054928 
2081 509.332944 399.312731 525.430596 407.111156 498.416414 444.381987 45.696005 45.696005 0.000000 4.950029 5.339571 
2091 197.236473 548.625582 211.004588 566.999466 195.169475 563.841133 15.533032 15.533032 -0.000000 4.847410 0.196868 
2141 559.988803 549.978807 528.049842 564.140993 505.122548 474.274389 92.884118 92.884118 -0.000000 0.943657 1.320999 
2154 85.644558 340.787398 92.182823 360.609856 55.328113 360.899600 35.518326 35.518326 -0.000000 5.697441 6.275324 
2202 352.128414 264.456795 383.241777 257.258581 396.969013 388.333957 131.529846 131.529846 -0.000000 4.365085 4.608042 
2203 334.891704 636.536845 312.782766 632.076870 354.655599 491.394645 146.309226 146.309226 -0.000000 1.706133 1.860088 
2209 522.043101 369.694391 554.786552 382.333216 516.370545 429.481009 60.412441 60.412441 0.000000 4.806986 5.396089 
2267 775.513782 222.463678 777.600137 215.652302 784.198072 222.373008 9.636075 9.636075 -0.000000 3.131152 3.936209 
2295 379.177127 474.195789 373.676396 451.076996 426.764083 449.152629 52.470114 52.470114 0.000000 2.657158 3.105360 
2311 377.044701 581.185108 401.934422 582.267408 384.367045 644.352541 64.545902 64.545902 -0.000000 4.596984 4.988137 
2335 274.322238 268.239997 262.351071 271.350948 263.663678 252.398430 18.514176 18.514176 -0.000000 0.978544 1.639944 
2354 179.086711 201.746464 183.548795 220.871963 157.928949 215.778640 24.505442 24.505442 -0.000000 5.697575 0.196245 
2385 503.037981 129.012490 486.580805 115.879963 497.478767 121.442783 11.201467 11.201467 -0.000000 0.937352 3.613562 
2388 291.014196 558.800805 313.753869 568.193182 284.810094 604.435405 46.877292 46.877292 -0.000000 4.847512 5.386288 
2407 180.127150 498.305868 174.898823 483.385879 326.628246 437.458475 158.492446 158.492446 0.000000 2.747935 2.847667 
2427 447.382316 618.880293 470.104419 620.877396 457.869830 633.809822 18.063281 18.063281 0.000000 4.100009 5.470066 
2434 516.520413 157.093719 528.043296 148.348984 525.235148 156.436259 8.821965 8.821965 -0.000000 3.066293 5.046594 
2451 301.885477 430.972008 295.847760 449.940987 231.384022 421.546511 70.783858 70.783858 -0.000000 0.132904 0.414902 
2466 622.387061 413.483939 633.721906 443.025434 589.133941 443.637612 44.627547 44.627547 0.000000 5.546630 6.269457 
2478 272.749200 536.153719 258.951723 513.642506 378.727569 453.243503 133.936227 133.936227 0.000000 2.477718 2.674537 
2508 726.451565 190.873197 715.610496 179.983419 725.742786 180.858936 10.359206 10.359206 -0.000000 1.500137 3.227787 
2509 451.829778 311.318103 480.815480 309.670641 523.622566 1022.519253 715.165656 715.165656 -0.000000 4.611784 4.652410 
