26 454.158251 494.234916 483.345781 476.611245 687.973112 843.911949 420.659304 420.659304 -0.000000 4.123008 4.204103 
33 473.005001 658.017465 435.010361 667.054961 425.893671 532.371265 134.313193 134.313193 -0.000000 1.212067 1.503210 
35 600.711372 505.022057 574.178773 497.405400 615.231205 393.410073 111.819472 111.819472 -0.000000 1.700162 1.946771 
38 414.162105 426.398726 436.713436 418.536084 435.910612 455.568236 35.817026 35.817026 0.000000 4.071716 4.734065 
51 420.080155 705.783832 454.660615 721.120878 405.815985 791.269171 85.458871 85.458871 0.000000 4.877727 5.320631 
52 291.589960 683.187758 262.330534 612.871057 628.614175 502.192956 381.907617 381.907617 0.000000 2.648756 2.848151 
68 342.387833 723.327917 320.416866 702.705541 353.771129 691.212797 34.567997 34.567997 0.000000 1.911433 2.809767 
70 318.925565 711.107550 292.346687 682.800888 351.643311 655.831754 64.913512 64.913512 -0.000000 2.105239 2.714740 
79 588.170633 917.342094 570.909314 920.484014 540.892149 723.693824 199.244935 199.244935 -0.000000 1.331335 1.419429 
88 384.504251 759.938196 358.027604 745.947759 432.158371 627.073428 140.205730 140.205730 -0.000000 1.915171 2.128393 
96 277.554113 735.631572 270.242983 718.893864 299.432996 716.899794 28.107444 28.107444 -0.000000 2.433534 3.073385 
100 682.327012 773.144036 701.761334 746.637217 710.944877 771.643578 26.309495 26.309495 -0.000000 3.089210 4.360432 
104 604.673077 912.634874 588.634960 916.475710 589.181068 874.654682 41.985262 41.985262 -0.000000 1.183501 1.583854 
108 498.909511 801.408949 492.005166 782.998063 573.069350 757.992627 85.100590 85.100590 0.000000 2.611946 2.842388 
111 532.017952 813.079710 544.592794 807.154124 537.751904 814.144195 8.799123 8.799123 -0.000000 3.325149 5.487002 
113 276.000321 715.946501 286.358509 737.830308 258.195052 739.182662 26.753524 26.753524 -0.000000 5.366224 6.235204 
118 546.796462 809.614074 529.854145 812.601386 534.949088 803.617135 11.356359 11.356359 -0.000000 0.468582 2.086671 
121 718.094767 725.040212 713.016870 737.007158 691.097137 719.842374 27.080218 27.080218 0.000000 0.190202 0.664335 
122 468.171211 807.355608 458.637675 804.213158 463.361249 804.388229 5.450859 5.450859 -0.000000 0.552771 3.178639 
123 683.357867 505.142095 697.861102 489.725311 701.685391 507.263936 18.284659 18.284659 -0.000000 3.256853 4.497700 
130 458.526483 803.951931 468.454563 806.554022 462.129457 809.692585 6.922721 6.922721 0.000000 4.151905 5.822577 
135 413.616624 532.521862 422.205904 519.355784 419.368093 531.102491 8.882364 8.882364 -0.000000 2.899643 4.949431 
136 660.080710 520.047299 673.963421 535.795349 636.796358 554.627185 41.020449 41.020449 -0.000000 5.305004 5.814207 
140 460.009141 473.636750 440.011879 422.304044 454.811229 444.635524 30.555357 25.094927 -1.008650 1.393449 4.127129 
155 579.809965 420.800570 612.251611 393.320077 651.011797 470.564851 85.791275 85.791275 -0.000000 3.751592 4.247315 
161 462.950726 930.322757 497.050563 929.969809 485.064578 1189.880952 259.935388 259.935388 0.000000 4.627396 4.758472 
163 690.648726 716.010356 685.796692 704.845887 700.703426 706.121303 14.474419 14.474419 0.000000 2.364500 3.226944 
167 706.526956 754.773595 696.858311 774.974959 677.738284 753.328243 27.762244 27.762244 -0.000000 0.050163 0.847298 
191 665.167715 899.398922 496.888691 931.778861 495.289344 455.814782 475.337984 475.337984 0.000000 1.205059 1.567436 
192 356.068351 624.317351 306.738725 616.326436 334.035980 589.362212 39.306098 39.306098 -0.000000 1.008392 2.362332 
199 463.151590 930.620964 289.285023 880.964505 459.822913 589.144961 340.266914 340.266914 0.000000 1.561049 2.099663 
210 647.557567 522.621360 686.370644 536.075431 657.226558 549.247993 43.975032 23.603644 -1.005831 4.364063 5.858686 
218 717.067003 470.624416 725.196420 508.809758 690.757671 496.246946 34.514571 34.514571 -0.000000 5.511011 0.349787 
219 561.138996 536.355891 533.038406 545.504483 505.536251 428.045201 121.511614 121.511614 0.000000 1.096515 1.340798 
282 734.236801 532.964449 734.967926 586.996250 628.807831 563.519684 108.961671 108.961671 -0.000000 6.001096 0.217640 
306 524.725996 724.417210 480.851361 686.106014 573.689050 621.259192 113.447095 113.447095 0.000000 2.013952 2.531876 
308 258.609938 479.248261 283.797023 526.628038 87.106462 599.784572 209.459050 209.459050 -0.000000 5.670568 5.927103 
313 498.831171 375.524111 553.780128 360.880738 578.157284 563.642006 203.847620 203.847620 -0.000000 4.313331 4.592737 
316 259.509379 731.904836 265.632543 829.023168 -583.273610 837.223417 848.163950 848.163950 0.000000 6.158865 6.273526 
317 588.130937 912.196878 394.980974 912.177508 492.146017 334.997546 584.528092 584.528092 -0.000000 1.406010 1.737577 
319 336.992189 631.147500 309.746098 624.685151 333.259781 591.569692 39.486747 39.486747 0.000000 1.476769 2.188236 
338 308.997011 153.016568 268.003453 138.993227 330.303385 19.077692 135.331248 135.331248 0.000000 1.728550 2.049947 
363 503.313825 713.792800 489.371776 701.725845 541.844132 656.432595 68.757349 68.757349 0.000000 2.162293 2.429495 
