2 21.424656 348.810747 74.914909 327.734531 105.762274 488.413388 162.881976 162.881976 -0.000000 4.168941 4.522715 
6 48.158789 344.212631 48.380828 344.834820 64.499151 348.843917 15.705500 9.654126 0.254454 3.417776 3.385375 
7 100.802804 340.674572 80.285749 328.819810 88.238133 312.877867 33.300849 12.455216 1.319914 1.146264 2.033511 
9 49.000469 338.003678 49.335096 339.327986 64.502744 348.767705 18.937840 11.761523 0.280847 3.748518 3.698290 
15 196.992018 393.786934 211.009808 393.261809 205.452068 423.603010 30.557090 30.557090 0.000000 4.435914 4.893555 
18 226.986239 416.573916 240.813820 428.241478 233.563597 423.045174 12.081697 6.998412 -0.066171 3.918860 0.621853 
19 216.111379 400.955113 230.269913 413.335026 189.933125 419.656267 45.907601 13.434313 -0.289021 5.662875 6.127738 
22 186.942436 385.655387 205.914195 382.486326 205.071829 430.449462 47.597082 47.597082 0.000000 4.327814 4.729950 
26 248.239846 427.294057 264.107032 432.684970 242.694284 478.115064 50.237924 50.237924 0.000000 4.821078 5.152842 
39 364.091655 446.738153 380.007683 447.894229 370.243852 485.135920 38.174027 38.174027 0.000000 4.553517 4.968793 
43 278.011848 456.570940 291.852367 468.267152 286.699562 462.437643 11.867278 6.602751 -0.002210 3.735540 0.846938 
44 58.002406 346.005962 71.608015 349.475450 64.235157 348.730392 6.416423 4.027216 0.290715 3.553680 0.100712 
45 315.104717 410.552004 332.641557 420.460880 309.874727 422.759774 24.271801 10.493909 -0.273355 5.117148 6.182551 
46 349.080388 434.424300 363.193005 446.777294 341.526453 446.553125 24.766237 10.499769 -0.231952 5.269411 0.010346 
52 259.000878 441.976920 275.015744 442.586123 267.254289 472.354256 30.528633 30.528633 0.000000 4.447097 4.967441 
54 364.291078 384.796444 382.428580 399.191370 371.646823 393.926552 12.876125 7.566792 0.214093 4.034208 0.454250 
55 69.992576 352.830397 57.222176 348.708913 65.782640 344.874011 8.534187 8.534187 -0.000000 1.084120 2.720421 
57 270.105259 375.925335 287.027251 383.683371 277.550123 380.918752 9.923884 4.471782 0.174172 3.732396 0.283838 
61 77.258513 116.435840 84.949098 172.308938 40.669685 148.664409 48.230478 48.230478 0.000000 5.561062 0.490464 
62 282.145797 387.323577 298.198320 388.719648 290.122310 414.352561 26.740828 26.740828 0.000000 4.425425 5.017608 
64 481.157645 420.328728 444.057724 438.120369 394.240392 292.575135 153.298095 153.298095 -0.000000 0.973380 1.241015 
68 341.918776 373.636340 357.055094 375.568368 345.300214 408.383715 34.453530 34.453530 0.000000 4.615380 5.056362 
74 373.005256 463.021172 316.915836 475.584218 258.509079 92.820830 387.054190 387.054190 0.000000 1.270846 1.419372 
75 349.088499 273.806797 330.692840 254.345111 450.804381 158.659704 153.367716 153.367716 -0.000000 2.294339 2.468905 
76 191.109437 333.347266 177.850518 337.525663 177.684425 312.592959 24.285143 24.285143 -0.000000 0.996636 1.564135 
81 203.977611 464.726927 220.404809 477.013725 204.357513 474.510202 20.690669 9.082607 -0.254801 4.673577 0.154762 
83 414.155631 367.657282 432.522625 378.264031 420.688953 374.960463 13.340008 6.803102 0.039642 3.982573 0.272236 
85 360.987845 388.189754 377.285531 399.542680 368.012150 394.845609 11.467825 6.961960 0.053873 3.900064 0.468843 
88 418.950563 428.484089 433.997878 430.020780 423.808465 455.589684 26.983731 26.983731 0.000000 4.535050 5.091608 
89 293.717202 259.092900 292.653730 259.181572 302.056826 258.791514 8.491397 6.144828 0.235928 3.105469 3.100135 
93 452.095142 390.319213 467.844869 402.607446 453.893476 399.188054 16.156751 8.359624 -0.070644 4.512331 0.240355 
96 313.632861 399.338895 314.414574 410.411388 312.231895 405.340846 5.531983 5.531983 -0.000000 4.941702 1.164308 
97 467.999565 403.389431 488.246188 412.956472 470.495950 413.208253 17.891812 9.808412 -0.097019 4.463419 6.269002 
98 0.671497 240.733564 7.916946 257.978965 -154.084548 380.580085 212.582323 33.815980 -0.696870 5.548353 5.635353 
101 733.823875 436.423313 751.049607 431.162429 757.257917 477.642926 46.624480 46.624480 0.000000 4.195441 4.579607 
112 506.923421 423.444466 587.365578 469.262820 536.892969 453.330524 52.829496 22.715846 0.378528 3.925596 0.305763 
117 131.246032 351.802749 133.505883 366.078220 112.830249 364.018879 20.794998 20.794998 -0.000000 5.697482 0.099275 
119 518.665262 388.684418 492.667844 411.850162 446.378822 332.695549 91.205493 91.205493 -0.000000 0.659024 1.041634 
125 396.117842 356.612180 413.810232 367.516052 400.949494 364.592221 15.056493 7.641980 -0.057748 4.167959 0.223546 
127 102.978701 458.806927 125.989219 458.396130 115.433540 494.313820 36.379696 36.379696 0.000000 4.375026 4.998227 
128 219.095863 477.175032 238.557580 487.000123 209.519814 493.169317 31.415367 12.096746 -0.365835 5.251865 6.073844 
129 298.031262 259.065349 305.197585 261.484403 301.993831 259.561278 4.097810 4.097810 -0.000000 3.266099 0.540620 
131 303.097985 465.258348 317.567677 470.641673 305.071124 486.002642 20.306556 20.306556 0.000000 4.617557 5.395323 
133 190.379511 354.558658 182.801542 360.429555 183.824793 353.835874 6.207766 6.207766 -0.000000 0.109826 1.724755 
134 356.605531 375.586578 357.457567 386.458047 331.892758 383.306682 30.155135 9.640311 -0.094584 5.980398 0.122651 
135 141.312768 406.012532 148.462232 417.841941 -10.321087 455.877733 167.680216 23.807112 -0.270655 5.965473 6.048070 
137 539.101810 454.553504 540.331838 453.603300 533.821599 451.298935 7.476066 4.395676 -0.024683 0.552370 0.340198 
141 191.832889 443.436577 189.910747 450.832449 186.798101 446.168240 6.161568 6.161568 -0.000000 5.786074 0.982323 
146 274.962302 443.065451 275.698815 454.845941 271.682831 449.645187 7.677847 6.218823 -0.898160 5.174772 0.913243 
149 130.741682 466.463809 100.600891 463.014845 115.525617 463.725647 13.931569 5.785359 0.175121 0.178047 3.189182 
151 501.642510 465.102621 503.954078 425.413657 526.125518 444.703648 29.823862 29.823862 0.000000 2.446940 3.857605 
152 433.856134 430.759032 433.677264 440.709605 432.174309 435.405524 5.067604 5.067604 -0.000000 5.059675 1.294676 
155 627.600508 396.606915 687.889481 427.177765 567.090120 596.781704 208.061691 208.061691 -0.000000 5.005943 5.331285 
168 227.898843 333.707998 220.117696 345.412577 222.452250 337.844699 7.292799 7.292799 -0.000000 5.633630 1.870016 
169 748.048229 441.241776 762.088003 438.441170 761.559122 467.576665 28.889163 28.889163 0.000000 4.238363 4.730539 
173 489.936484 364.823430 504.667945 374.037354 498.021294 369.747090 9.554811 4.629682 0.171869 3.688605 0.573189 
176 397.994728 414.102410 414.506615 425.884118 397.684748 425.868558 18.955510 10.452197 -0.374458 4.738728 0.000925 
182 227.471762 333.234010 256.981776 321.952331 355.876386 588.583222 284.936903 284.936903 -0.000000 4.246457 4.357214 
184 378.135904 446.863697 382.188248 458.152890 369.031079 453.644316 15.070357 8.142645 0.067285 5.643067 0.330130 
185 510.041974 374.766355 523.952337 377.265313 514.212584 393.691556 18.512624 18.512624 0.000000 4.495483 5.247600 
192 688.399189 430.697531 672.706978 451.693385 655.984669 422.248125 33.242994 33.242994 -0.000000 0.254993 1.054305 
197 622.438126 259.760187 641.417383 273.788251 496.705652 447.032463 225.752086 225.752086 0.000000 5.303654 5.408290 
198 454.349986 462.482526 431.199036 479.274410 211.471019 144.661418 399.868408 399.868408 0.000000 0.918269 0.989751 
202 768.866139 441.984720 783.998622 439.989552 782.445859 478.363510 38.050306 38.050306 0.000000 4.355121 4.752831 
203 763.973192 445.882849 780.046844 442.204710 779.488839 475.201167 32.576477 32.576477 0.000000 4.225645 4.729298 
207 493.123416 287.952498 495.182444 249.955697 575.523355 270.084471 82.054609 82.054609 -0.000000 2.928054 3.387081 
210 555.751984 339.167881 597.037724 245.026195 756.555830 370.926769 202.602751 202.602751 -0.000000 3.298452 3.809748 
211 259.952227 319.578624 286.147906 292.331871 295.566551 326.814006 35.907225 35.907225 -0.000000 3.342024 4.445748 
213 683.630161 298.461602 633.948865 319.881397 403.105145 -250.061617 615.153515 615.153515 0.000000 1.098056 1.185962 
220 586.001510 396.400212 624.001269 396.495873 604.455631 557.558024 161.517163 161.517163 -0.000000 4.598376 4.833153 
222 455.002351 343.972936 468.983742 345.187201 459.746275 369.822646 25.793264 25.793264 0.000000 4.530889 5.071130 
231 624.980771 537.369274 699.063414 454.932101 832.505296 649.550299 235.079555 235.079555 -0.000000 3.637165 4.111352 
233 497.954191 362.775501 511.347931 373.989812 498.022077 371.194353 13.556779 8.344111 0.098157 4.704326 0.206779 
239 631.298138 534.212517 690.814994 465.793351 815.717535 630.195786 206.211027 206.211027 -0.000000 3.621475 4.062686 
240 173.013141 428.968028 177.294962 438.123071 173.205903 434.812731 5.602079 5.602079 -0.000000 4.679420 0.680543 
244 469.326868 346.418095 466.033542 352.702154 467.556739 349.487641 3.743865 3.743865 -0.000000 5.235481 2.013306 
245 677.943578 393.980920 689.993222 376.992907 701.488525 398.485370 23.852026 23.852026 0.000000 3.330621 4.221249 
246 671.163609 387.285844 670.550637 365.195145 686.444124 374.634595 18.889797 18.889797 -0.000000 2.450050 3.677529 
248 680.318373 394.126851 692.482426 378.370099 700.228492 397.221986 19.942845 19.942845 0.000000 3.295814 4.322529 
251 709.096508 314.135755 574.990977 346.889796 605.866858 144.409221 200.615161 200.615161 0.000000 1.024361 1.722119 
252 672.790414 387.900415 681.037861 370.542840 1009.313740 535.978146 367.437968 367.437968 0.000000 3.556118 3.608397 
253 474.905077 493.441617 430.999088 484.004241 501.615265 268.421554 226.032432 226.032432 0.000000 1.688945 1.887342 
255 690.742884 304.608726 666.841156 318.702852 648.897464 257.032879 63.283082 63.283082 -0.000000 0.849394 1.287651 
259 303.057529 319.021190 269.993457 320.883864 279.006205 219.403267 101.411728 101.411728 0.000000 1.333894 1.659376 
260 677.915455 2.340825 721.007799 10.085396 606.594477 391.313596 394.801984 394.801984 -0.000000 4.893732 5.003954 
261 81.859078 177.175144 73.643376 213.677227 73.784700 190.899061 16.548636 16.548636 -0.000000 5.244194 1.577001 
266 602.404295 322.394767 610.307778 314.300525 623.161369 336.310819 24.635696 24.635696 0.000000 3.732192 4.183832 
269 779.065374 441.849894 780.302681 450.635422 775.098212 448.100211 8.977329 4.706342 -0.495811 5.277943 0.453292 
270 779.075581 450.596473 765.007220 447.961450 787.329022 373.230509 77.742902 77.742902 -0.000000 1.677075 1.861056 
280 560.638153 335.757050 615.601017 258.501546 1230.280751 735.756720 779.208260 779.208260 -0.000000 3.680049 3.801795 
282 444.061581 283.340348 491.118255 287.733260 443.637471 528.953576 244.965320 244.965320 -0.000000 4.714116 4.906740 
286 548.924815 297.171221 535.940951 298.349088 536.306313 229.369127 68.618910 68.618910 0.000000 1.386794 1.576093 
292 82.657947 189.527428 78.549959 201.193655 -65.670312 139.804101 156.659487 156.659487 0.000000 0.323452 0.402434 
295 63.475150 198.027937 73.609641 200.469749 9.654039 430.928986 240.183563 240.183563 -0.000000 4.939492 4.983091 
296 263.222781 314.317641 277.745221 297.776317 288.573836 323.016397 25.778573 25.778573 0.000000 3.472136 4.307114 
304 763.711325 285.961647 798.722145 309.945852 542.812621 649.470318 424.844240 424.844240 0.000000 5.258440 5.358273 
308 391.183108 225.402070 363.466593 238.024548 317.619213 102.001899 143.211923 143.211923 -0.000000 1.033219 1.245698 
311 531.306922 549.191094 533.516965 516.908986 592.267567 538.570000 62.194712 62.194712 -0.000000 2.969095 3.494824 
312 533.101851 543.012392 535.783191 520.973622 566.573912 534.355473 33.046569 33.046569 0.000000 2.888507 3.551572 
314 666.319549 319.081731 607.164381 336.556459 503.756055 -126.077423 473.319500 473.319500 0.000000 1.220662 1.350890 
318 479.951778 486.282703 443.003369 479.980248 494.429836 311.782484 174.906019 174.906019 0.000000 1.653575 1.867520 
321 310.225757 521.703903 351.182262 508.568288 478.764487 965.146812 473.950083 473.950083 -0.000000 4.349182 4.439908 
324 587.255727 341.042491 607.046080 336.187851 792.155243 1093.734884 779.864649 779.864649 -0.000000 4.446607 4.472732 
326 216.812455 518.490972 416.000121 484.018945 380.767174 883.417651 399.472857 399.472857 -0.000000 4.290133 4.800376 
333 36.039040 452.152388 16.309209 457.206955 6.155825 379.854767 77.799191 77.799191 -0.000000 1.178846 1.440281 
335 384.428233 313.411052 459.872563 285.906984 424.427595 303.885624 40.263523 12.838081 -0.292375 2.907808 5.813773 
339 796.041810 483.667702 740.818582 481.833535 775.329130 351.269471 133.839192 133.839192 0.000000 1.415612 1.829206 
345 491.790279 297.880780 470.897272 320.850738 458.513605 287.438118 34.685710 34.685710 -0.000000 0.304081 1.215864 
346 717.022484 506.047702 692.975552 510.579372 701.646191 482.107405 28.443890 28.443890 -0.000000 0.999870 1.866406 
350 694.064096 506.216238 717.913879 505.229086 710.435718 524.053937 22.281427 22.281427 0.000000 3.969821 5.090522 
352 321.994706 326.411457 282.001327 325.896859 307.451262 133.409170 193.235716 193.235716 0.000000 1.495585 1.702250 
360 455.993205 217.871346 396.003324 262.009557 359.140886 150.721172 117.276192 117.276192 0.000000 0.606232 1.250937 
362 197.471768 522.564909 136.997231 536.964820 108.577733 310.555340 228.847051 228.847051 -0.000000 1.173770 1.445927 
366 120.707731 458.124927 129.219135 466.679618 112.946584 464.504438 17.175441 6.933030 -0.008267 5.595185 0.132884 
369 646.118599 432.866841 647.533064 444.720784 629.658515 437.911606 21.880849 9.454841 0.111051 5.985790 0.363970 
371 439.942608 214.359439 455.111242 214.241226 454.176738 271.312100 57.506340 57.506340 0.000000 4.467477 4.728762 
376 505.103290 284.224771 517.354353 278.594995 534.349555 330.902447 54.886199 54.886199 0.000000 4.152670 4.398239 
377 206.435139 454.516946 204.898891 462.829032 202.290904 457.819331 6.055437 6.055437 -0.000000 5.610360 1.090815 
385 299.114543 522.448748 260.103706 532.406290 231.206984 332.285718 201.396519 201.396519 0.000000 1.227809 1.427391 
387 47.538288 68.016600 59.887913 85.773440 -1.367831 120.970971 71.346570 71.346570 0.000000 5.458065 5.761652 
389 28.456185 69.189505 -0.015574 76.863519 8.044789 50.023621 26.926948 26.926948 -0.000000 0.753938 1.862540 
390 92.627063 130.717319 119.655393 136.586862 100.733846 154.756051 23.944779 23.944779 -0.000000 4.387128 5.518069 
399 393.250739 311.500648 448.584463 289.579172 488.110904 467.108675 181.769286 181.769286 -0.000000 4.164933 4.493315 
401 157.846451 87.606180 189.041282 92.862801 170.642986 108.575646 22.337442 22.337442 -0.000000 4.164470 5.576352 
403 462.058813 324.384010 398.002275 327.604588 423.136777 118.140245 209.960174 209.960174 0.000000 1.384271 1.690220 
408 -0.234825 81.716341 -0.696687 217.784291 -362.559596 169.170567 442.542197 117.281652 -0.060337 6.046346 0.133543 
411 19.813799 57.940147 2.949204 70.845987 4.010748 50.557177 19.650745 19.650745 -0.000000 0.437054 1.623070 
413 158.011877 417.707711 160.825442 428.919565 159.939554 423.385180 5.705204 5.705204 -0.000000 4.385071 1.412073 
423 467.410068 307.070810 408.039398 323.192068 391.065613 138.290737 184.967192 184.967192 0.000000 1.146006 1.479254 
425 528.251232 551.265439 516.415450 567.577619 513.243529 551.787571 15.228241 15.228241 -0.000000 6.248408 1.372554 
431 483.634951 302.481980 422.977815 322.906048 388.619919 125.426918 200.390904 200.390904 0.000000 1.078267 1.398538 
438 411.148109 566.442986 509.925327 548.132775 502.864701 800.320084 251.033027 251.033027 -0.000000 4.338662 4.740379 
441 162.647230 71.161157 195.817261 52.672159 426.994775 498.091014 501.770093 501.770093 0.000000 4.157984 4.233648 
443 169.989477 540.276936 191.991251 542.947259 175.521008 589.245851 48.578517 48.578517 -0.000000 4.599906 5.054168 
444 717.245734 18.549291 675.506224 31.395659 492.199253 -617.072098 673.923300 673.923300 0.000000 1.230511 1.295307 
446 179.249094 81.487903 215.670832 67.051387 219.889780 136.858083 68.340997 68.340997 -0.000000 4.079219 4.652025 
448 523.958214 282.741613 505.944176 285.654807 500.034708 200.418706 85.398712 85.398712 -0.000000 1.287980 1.501577 
460 61.619723 45.881223 78.026410 46.988532 68.491854 48.363167 8.646030 8.646030 -0.000000 3.488176 6.139998 
464 396.663637 561.117352 476.005207 546.454768 459.795114 685.442320 138.928736 138.928736 -0.000000 4.242526 4.828494 
468 455.057674 215.658504 469.943487 214.354753 469.026254 264.694207 50.071197 50.071197 0.000000 4.434874 4.730608 
470 736.899077 511.682219 633.959689 535.760627 587.251418 99.166352 438.565714 438.565714 -0.000000 1.222792 1.464218 
474 37.043757 85.923493 15.332999 79.264362 36.574640 56.292318 30.189414 30.189414 -0.000000 1.554966 2.317077 
484 293.190539 386.679751 298.455633 398.452990 281.156348 396.746397 20.552490 9.298964 -0.179831 5.586579 0.098333 
486 109.579599 86.241756 145.465669 118.481666 43.020777 197.137933 127.714180 127.714180 -0.000000 5.252948 5.628395 
494 163.337692 115.533364 160.609049 99.074730 167.317193 107.254877 9.132494 9.132494 -0.000000 2.018888 4.025540 
498 39.623971 143.384940 56.320808 159.695287 -310.810279 523.652990 517.006636 517.006636 -0.000000 5.456981 5.502128 
499 26.298519 248.899599 48.077732 232.792564 483.785180 780.742039 700.392961 700.392961 -0.000000 4.002008 4.040606 
501 513.324292 372.659640 526.291088 375.796879 512.651668 405.061657 31.899460 31.899460 0.000000 4.733145 5.148526 
505 561.977787 552.322621 540.013059 550.810333 559.326442 373.670947 178.188193 178.188193 0.000000 1.555957 1.679397 
515 390.838892 570.565236 471.825466 547.980201 503.820854 812.270111 266.172281 266.172281 -0.000000 4.275129 4.591914 
534 483.792354 482.331795 495.792728 492.718670 474.105416 508.974634 27.698062 27.698062 -0.000000 5.061115 5.639965 
552 552.139724 420.630353 564.051137 429.985009 549.251109 429.998545 14.630308 8.729892 -0.124478 5.011482 6.282271 
559 380.147745 267.614533 361.276827 272.151439 351.547279 185.626630 86.692468 86.692468 -0.000000 1.235157 1.458819 
562 233.963560 653.987328 234.905321 653.207980 230.775598 654.409113 3.317202 3.317202 -0.000000 6.151644 6.000143 
