11 320.729608 217.633059 287.019805 197.549475 335.896299 152.315480 66.242900 66.242900 0.000000 1.798952 2.394880 
13 557.399104 273.514466 590.911930 306.347722 512.522381 356.518782 93.164463 93.164463 0.000000 5.208029 5.713856 
16 565.002214 457.210387 332.705024 469.976775 438.049065 206.899711 282.325793 282.325793 0.000000 1.101419 1.951674 
19 599.203469 417.777384 554.769150 459.604548 522.921113 381.077622 84.159248 84.159248 -0.000000 0.448417 1.185499 
20 589.442411 242.044937 537.329644 256.635889 533.138503 123.195423 131.931170 131.931170 0.000000 1.128376 1.539398 
32 561.932440 429.875495 513.087376 448.470672 465.574798 255.830505 199.059096 199.059096 0.000000 1.065166 1.328983 
35 357.398724 418.535639 290.781173 382.089134 391.349020 276.990043 145.016847 145.016847 0.000000 1.806203 2.334166 
37 513.113268 449.861720 386.179346 452.740960 443.251609 138.237532 318.730646 318.730646 0.000000 1.350257 1.750311 
39 167.318637 247.689304 287.358365 274.293351 191.607902 289.806943 122.754148 47.733669 -0.509049 4.189278 6.122560 
43 78.222712 406.404199 31.681605 368.784837 97.332140 358.563166 77.865586 38.271009 -0.508834 1.950816 2.987135 
44 583.269955 252.189578 550.894836 259.536585 521.044186 57.504033 203.832168 203.832168 0.000000 1.261436 1.424106 
48 99.287639 405.661658 23.565155 368.886047 117.364793 341.783191 114.155758 47.810821 -0.573105 1.846578 2.860309 
52 598.234613 357.142983 563.368881 397.433153 511.696821 318.974955 93.928635 93.928635 -0.000000 0.415391 0.988404 
57 597.481956 231.687943 538.048159 252.255825 531.308355 126.612351 125.105756 125.105756 -0.000000 1.008773 1.517205 
63 553.904168 441.743325 371.946247 454.262280 444.616493 152.590136 309.782516 309.782516 0.000000 1.209435 1.807184 
65 256.361448 170.257901 248.736119 135.882127 298.722076 142.353729 49.646728 49.646728 0.000000 2.559106 3.270345 
74 276.690108 290.742455 247.032663 320.071525 168.022643 208.374489 135.985496 135.985496 -0.000000 0.648590 0.955148 
75 215.251374 347.362835 165.493185 378.836520 -17.010620 36.334896 387.930037 387.930037 0.000000 0.929375 1.081211 
83 307.124569 224.820230 301.888149 260.324210 268.778393 236.556565 39.715694 39.715694 0.000000 5.986176 0.622602 
97 550.865310 496.972440 506.840032 513.421251 446.664630 291.362442 230.283949 230.283949 -0.000000 1.101733 1.306163 
99 499.995312 55.197740 548.113358 71.793648 497.084406 135.060875 80.448064 80.448064 -0.000000 4.748822 5.391118 
118 558.196972 428.356726 495.954877 448.505864 471.072795 270.103527 180.498834 180.498834 0.000000 1.067541 1.432219 
135 520.237569 504.165492 499.983929 507.297774 495.727890 448.297640 60.451726 60.451726 -0.000000 1.157372 1.498785 
140 498.093153 510.875266 375.969037 508.189998 443.670025 203.175987 312.003878 312.003878 -0.000000 1.395736 1.789216 
146 248.507715 115.794128 269.651061 92.160695 271.598129 115.065024 22.017504 22.017504 0.000000 3.110027 4.627584 
150 494.055537 449.954448 395.980920 447.077491 448.461133 135.971948 316.317150 316.317150 0.000000 1.426591 1.737912 
156 274.313531 207.801748 257.995732 173.477430 692.800751 -9.357484 471.260725 471.260725 -0.000000 2.662928 2.743541 
172 502.424906 515.489637 437.198164 529.117314 388.072414 135.539359 396.211434 396.211434 0.000000 1.278453 1.446620 
182 553.802669 459.548298 530.874232 469.657139 505.853237 385.000315 88.268391 88.268391 0.000000 0.999215 1.283420 
197 300.019365 83.113073 370.012901 73.106870 401.450808 545.962567 473.508693 473.508693 -0.000000 4.496654 4.646001 
199 495.096387 479.967504 394.098540 481.211992 437.490527 168.150834 316.278594 316.278594 0.000000 1.388113 1.708524 
200 55.082218 510.648551 23.948710 514.595419 10.193580 295.193392 219.593638 219.593638 -0.000000 1.365391 1.508185 
205 439.796256 57.354989 479.060917 52.491841 509.023286 416.318254 364.964802 364.964802 0.000000 4.521875 4.630221 
240 394.033953 480.826871 299.866253 443.182389 408.723105 302.333649 178.249895 178.249895 0.000000 1.652907 2.228770 
269 131.907949 517.593247 161.953330 510.793773 175.420375 634.411831 123.848932 123.848932 -0.000000 4.355831 4.603876 
282 182.670563 574.959613 170.985658 578.958088 170.983774 555.149380 23.307083 23.307083 -0.000000 1.037809 1.570717 
293 74.155621 511.097490 59.034267 513.241660 62.004484 474.620272 38.162454 38.162454 0.000000 1.249242 1.647551 
310 256.998048 113.443682 263.613617 100.355211 274.033746 115.415257 17.543458 17.543458 -0.000000 3.256812 4.107116 
