21 483.873574 383.863052 515.611201 360.203042 546.870960 433.003249 79.527501 79.527501 0.000000 3.804041 4.306805 
23 490.193772 445.060575 555.000785 461.355308 522.709428 453.579009 31.849755 15.857949 0.237750 3.397814 0.236317 
26 386.875970 162.664778 366.919265 147.028625 387.607292 142.331874 21.015875 21.015875 -0.000000 1.606748 2.918349 
29 386.720510 110.609040 413.610015 89.337183 424.620261 130.671362 42.339497 42.339497 -0.000000 3.628445 4.452062 
30 223.104850 286.085950 243.767575 289.335144 233.277353 288.636956 10.342002 5.548495 0.434717 3.387300 0.066458 
37 180.172611 342.243845 123.392576 279.565457 163.746028 302.538092 53.724462 41.715033 -0.301801 1.178529 3.659122 
47 504.149883 383.540146 483.927599 383.987677 492.143025 386.575150 9.256530 9.256530 -0.000000 6.035599 3.446711 
50 361.412723 258.961672 297.057506 197.967566 402.932644 151.651306 114.595006 114.595006 -0.000000 1.939971 2.729215 
51 43.096974 320.022887 229.143269 195.568468 193.179542 344.284786 151.863934 151.863934 0.000000 3.301863 4.949661 
52 435.959284 179.276679 398.414078 164.483139 433.578992 128.192221 51.061366 51.061366 -0.000000 1.524235 2.340438 
58 324.564640 623.129004 305.507894 614.718336 315.072547 617.212893 10.724771 7.033594 0.761630 0.557352 3.396719 
60 559.124819 361.958099 552.952905 392.968440 538.060226 373.226215 23.612003 23.612003 0.000000 5.791985 0.924513 
61 239.948351 275.795909 228.137767 333.196742 213.617863 302.013783 34.760201 34.760201 -0.000000 5.499930 1.135016 
70 123.031099 461.295838 104.780420 452.234424 121.144533 444.950527 17.161587 17.161587 -0.000000 1.455885 2.722809 
75 128.671059 433.459285 118.100030 426.805797 170.365838 358.878654 85.539212 85.539212 0.000000 2.080566 2.226623 
76 188.978710 412.052631 119.017985 384.979724 194.467115 301.737426 112.346297 112.346297 0.000000 1.620507 2.307125 
79 388.057263 22.437039 512.501441 65.521841 413.981099 146.008076 126.424190 126.424190 0.000000 4.505599 5.598194 
81 304.356420 92.203931 384.191706 23.554329 416.324131 140.186691 120.902867 120.902867 0.000000 3.546459 4.443556 
84 561.662783 423.077806 552.351819 395.797838 569.190356 404.469674 19.940512 19.940512 -0.000000 1.955203 3.617168 
87 323.969751 411.990638 290.930045 453.932241 188.683073 334.828687 156.427489 156.427489 -0.000000 0.518339 0.861405 
88 438.414365 603.982169 437.590266 631.048420 213.714438 607.424780 224.620334 224.620334 0.000000 6.267866 0.105132 
92 664.939226 436.711533 629.926251 458.854466 627.315821 429.356375 43.106819 26.348829 0.472652 0.193059 1.482531 
96 341.550467 633.142237 333.914629 649.928624 330.499480 637.426781 12.297063 12.297063 -0.000000 5.913321 1.304131 
99 204.141699 637.111466 239.471779 524.377375 320.955305 612.547736 119.197241 119.197241 0.000000 2.934331 3.966385 
107 321.231892 605.781227 331.962411 602.041906 325.819476 603.270874 7.134157 5.416552 0.702420 2.640897 6.085730 
112 456.065200 134.071139 475.901931 139.997081 465.726889 134.585874 9.745875 6.476264 -0.240677 3.194818 0.488772 
116 616.031488 419.022416 623.110485 409.078655 638.068723 426.508261 22.623849 22.623849 0.000000 3.469054 4.003149 
118 444.957887 181.126734 435.057335 177.836830 445.108319 134.844505 45.601315 45.601315 -0.000000 1.574047 1.800457 
121 350.017652 498.917977 402.462775 530.538954 318.038248 612.035617 117.759218 117.759218 -0.000000 4.987908 5.515431 
124 503.695641 334.655843 515.196659 357.902706 434.638118 384.609370 84.470623 84.470623 0.000000 5.656952 5.963069 
125 260.335477 475.279345 132.830773 487.605558 182.384001 337.438520 158.471796 158.471796 0.000000 1.056117 1.889533 
126 412.583203 408.893103 438.000984 353.801364 466.891047 401.111378 55.030110 55.030110 0.000000 2.999272 4.164172 
127 294.052619 667.017116 274.246127 665.956798 284.296587 668.059312 9.828943 4.587965 0.048285 6.176763 3.347815 
128 272.681917 468.483272 260.854612 475.763815 197.965907 368.764210 124.135071 124.135071 -0.000000 0.927766 1.039435 
129 247.992279 193.015771 315.742649 245.222882 203.749947 319.019064 133.088825 133.088825 -0.000000 5.050062 5.700553 
131 318.346325 667.792754 303.338156 651.832381 310.013480 662.590162 13.617799 8.575098 1.464016 0.558130 4.157024 
137 262.258393 346.863558 219.958205 378.868622 209.085138 347.711911 53.157065 30.809202 0.022894 6.267232 1.235031 
138 648.181064 410.814080 665.631655 436.137628 634.380810 440.149087 31.126058 31.126058 0.000000 5.152107 6.155520 
150 320.862633 233.945899 321.807529 249.012071 -183.685094 268.565754 505.905221 505.905221 0.000000 6.214677 6.244522 
152 515.859798 360.569680 542.163562 355.459366 541.876455 406.895457 52.681790 52.681790 0.000000 4.200682 4.717971 
157 207.186968 306.084219 197.842163 326.829799 124.008949 277.199803 88.351466 88.351466 -0.000000 0.334232 0.591817 
158 346.474865 321.934900 340.608833 380.159113 141.801300 325.656564 206.184104 206.184104 0.000000 6.265004 0.267573 
159 171.442582 441.835459 128.380280 433.933730 169.295186 358.742268 84.943083 84.943083 -0.000000 1.544959 2.069132 
170 550.267425 271.826775 624.375274 289.572806 574.729371 328.680500 62.339109 62.339109 0.000000 4.306071 5.615969 
176 551.999444 115.000040 554.578420 150.958515 399.888935 143.072445 154.083307 154.083307 -0.000000 6.100686 0.050936 
179 527.122985 195.096022 404.998891 258.038357 420.015241 138.209417 120.047869 120.047869 -0.000000 0.488229 1.695461 
182 579.385515 336.548214 592.005078 331.286225 587.044117 339.188923 8.247309 8.247309 -0.000000 3.473630 5.272967 
190 176.005964 184.242978 218.011235 184.573886 197.430856 365.305142 181.275305 181.275305 -0.000000 4.594608 4.825773 
191 105.402829 209.814161 144.547516 190.101474 304.162302 560.415229 402.676445 402.676445 -0.000000 4.196655 4.305426 
204 301.191726 210.446477 290.445777 97.815544 425.363190 140.084549 142.691571 142.691571 -0.000000 2.626055 3.445202 
208 474.528667 551.755168 476.416201 594.007596 128.275084 570.190074 348.390074 348.390074 -0.000000 6.229994 0.068307 
214 308.640008 423.590008 273.366698 457.461787 196.606068 345.581678 135.596068 135.596068 0.000000 0.608233 0.969462 
216 470.019473 141.642545 482.220734 151.019064 470.866272 148.925533 12.165216 7.089973 -0.200346 4.596638 0.182332 
226 555.420534 383.432088 488.630170 400.323052 520.883959 392.699270 32.121048 14.207008 -0.292228 6.021031 2.909484 
230 425.999922 9.644227 531.530371 68.580344 420.100407 140.835646 132.101201 132.101201 -0.000000 4.757327 5.707910 
237 334.091850 37.407663 416.987307 8.886967 421.242251 151.494101 142.686826 142.686826 -0.000000 4.060052 4.682561 
238 -0.425973 284.364581 9.049495 305.982130 -19.485318 305.366903 28.239763 28.239763 0.000000 5.449325 0.021557 
241 220.004686 378.215304 194.999606 378.065982 206.586016 336.257850 43.157965 43.157965 0.000000 1.261260 1.841144 
250 290.690751 97.336053 310.629403 60.364944 457.819959 165.487829 180.304220 180.304220 -0.000000 3.528787 3.761783 
259 40.298944 -0.007005 39.749238 55.007486 -461.053087 22.000538 501.376944 501.376944 0.000000 6.239317 0.065813 
261 590.719412 531.420108 543.931767 564.666818 475.586157 430.966594 152.349513 152.349513 0.000000 0.717411 1.098240 
266 367.333563 248.414703 312.819494 201.131370 405.528847 149.152992 105.587539 105.587539 0.000000 1.938126 2.630602 
293 269.319496 384.991919 264.508494 401.277493 255.623595 388.806944 14.226491 14.226491 0.000000 6.011520 0.951750 
299 161.415196 265.837803 184.662119 264.873538 173.260207 276.575345 16.228950 16.228950 -0.000000 3.877989 5.484807 
306 16.500020 341.860058 8.557922 305.884619 329.514477 254.941756 324.822036 324.822036 0.000000 2.870735 2.984184 
311 191.009665 296.155098 168.699497 306.523285 178.551152 294.086443 13.780970 13.780970 -0.000000 0.164542 2.240723 
315 521.015662 227.016474 479.924160 256.868724 437.879973 153.303085 111.050417 111.050417 0.000000 0.725398 1.185157 
325 672.706202 449.746755 647.003056 491.004675 618.932726 446.784167 53.696294 53.696294 -0.000000 0.055038 1.005194 
333 48.512885 274.684227 91.990808 221.990697 193.478899 350.860055 163.425801 163.425801 -0.000000 3.625411 4.045300 
343 610.896269 511.032175 646.934965 492.851359 697.516727 653.225163 167.865132 167.865132 -0.000000 4.165250 4.406865 
356 194.916897 260.069182 203.509298 271.285128 178.821550 281.626663 26.974908 26.974908 0.000000 5.353726 5.886498 
360 26.677340 365.105050 15.513519 329.143089 197.150465 291.847957 185.051304 185.051304 -0.000000 2.735724 2.939079 
364 458.326468 246.044777 415.996645 253.013553 428.325937 203.691931 51.044108 51.044108 -0.000000 0.954490 1.815754 
402 459.567923 117.121478 447.912926 126.272543 453.189013 119.039280 9.209294 6.779621 1.423986 5.991135 2.200996 
404 98.926294 156.802796 100.435015 182.006978 52.072358 170.635412 49.228180 49.228180 0.000000 5.996112 0.230936 
412 148.002997 338.895135 162.020128 339.295778 153.905438 355.986792 17.419634 17.419634 -0.000000 4.379871 5.164912 
422 343.430992 663.769977 308.977032 687.625430 315.012687 659.357686 28.329912 28.329912 0.000000 0.154032 1.781155 
440 551.381909 488.379262 500.374755 463.428741 571.071345 390.190120 100.459569 100.459569 0.000000 1.768697 2.338535 
480 508.019272 516.965783 489.271746 487.901700 518.937193 488.627035 30.460169 30.460169 0.000000 1.938536 3.166038 
482 428.694234 107.965623 412.714911 93.072135 424.611163 92.565063 16.615001 11.401162 -1.530935 1.311634 3.098994 
508 647.108765 429.411158 641.908123 447.328455 644.313893 439.124987 8.234319 8.234319 -0.000000 4.992543 1.856061 
513 230.531817 245.393659 250.650042 244.335589 241.121140 251.340776 11.571298 11.571298 -0.000000 3.653309 5.649255 
523 397.033810 254.889325 369.854130 236.968347 400.675346 220.293456 34.624744 34.624744 -0.000000 1.675669 2.645670 
546 129.130365 441.074633 114.451616 454.808862 110.561787 435.059726 19.555181 19.555181 -0.000000 0.313263 1.376324 
549 481.764085 167.619090 472.836909 158.915064 477.074778 163.452523 6.779843 4.901841 1.136885 0.726439 3.961118 
563 89.106801 400.596406 59.643864 381.190278 95.985858 355.628435 45.254496 45.254496 0.000000 1.722596 2.528609 
602 223.542513 417.239031 204.487617 433.518994 213.368948 426.522613 10.838691 4.742335 -0.780763 5.543496 2.474358 
