1 80.931304 482.063430 871.733545 409.023578 475.338080 429.689159 396.888106 354.939814 -0.142478 3.009573 6.231099 
3 343.410851 101.758010 847.721613 508.415136 473.614383 426.633545 389.207890 347.259274 -0.159875 4.331211 0.215219 
4 795.711592 611.754889 376.839810 767.114348 463.260275 355.304951 420.087257 420.087257 0.000000 0.657051 1.777650 
8 279.164605 735.644128 91.992235 507.002348 421.120614 428.566748 338.059380 338.059380 0.000000 2.003816 2.907643 
9 856.838302 505.937910 669.802272 729.677715 508.893099 404.839274 361.426281 361.426281 -0.000000 0.282773 1.110875 
10 95.440517 483.913320 379.687599 763.757257 475.139979 426.495959 382.368672 342.051111 -0.148886 2.991512 1.846605 
12 864.464251 444.240791 797.925471 613.950473 514.756798 404.702228 351.806275 351.806275 0.000000 0.112584 0.636393 
13 875.847073 424.033817 832.853565 726.916029 501.979508 526.098374 387.112381 387.112381 -0.000000 6.016683 0.545500 
14 798.246248 615.210637 713.149807 698.184545 486.709745 380.291816 389.815594 389.815594 -0.000000 0.646098 0.951852 
15 357.491476 762.560729 176.468760 656.492259 449.281488 394.441623 378.796204 378.796204 0.000000 1.815162 2.376313 
16 175.566120 656.365052 87.356763 422.987940 404.889285 436.019180 317.284829 317.284829 -0.000000 2.376156 3.182609 
17 578.165842 909.896454 85.061063 597.984893 477.464117 541.407762 396.156553 379.666237 0.072421 1.304027 2.998398 
18 83.562594 590.086939 79.687540 526.018899 422.578368 537.141670 342.033340 342.033340 -0.000000 2.986671 3.174020 
20 379.907196 762.369547 95.671354 483.840593 352.474707 525.169961 278.497977 211.369782 0.652024 1.455656 3.301162 
21 847.352773 508.774977 801.340457 603.596899 509.303538 401.342815 354.828668 354.828668 -0.000000 0.307706 0.605718 
23 367.860307 764.642978 378.358325 772.219076 371.725242 776.966276 11.935040 11.935040 -0.000000 4.408477 5.662010 
25 832.787011 727.534479 578.205874 909.744039 489.154000 515.507771 403.615273 403.615273 0.000000 0.552837 1.348640 
27 745.876299 188.110957 820.305342 289.324752 543.541450 419.569766 305.810091 305.810091 -0.000000 5.430750 5.843333 
28 172.613174 242.277146 225.666104 186.787313 427.472168 437.127671 321.485916 321.485916 -0.000000 3.794336 4.033923 
32 149.130265 408.745583 171.747214 345.357031 445.568651 475.573668 303.472977 303.472977 0.000000 3.363323 3.585492 
37 144.961164 490.016538 148.699843 411.962861 444.121569 464.276238 299.781377 299.781377 0.000000 3.055762 3.316856 
44 798.939505 358.019926 812.241153 446.994882 564.356864 437.928545 247.820412 247.820412 0.000000 5.954872 0.036559 
59 730.252490 206.763597 751.569151 229.530824 712.593493 244.813027 40.172851 40.172851 -0.000000 5.146912 5.909511 
