9 444.093462 260.975284 449.617777 295.052314 349.477764 295.458952 100.488148 100.488148 0.000000 5.933687 6.279125 
14 399.022754 140.029262 526.284258 128.988531 472.041788 273.796118 154.230579 154.230579 0.000000 4.212724 5.070794 
15 356.462970 191.726098 369.669944 165.831661 484.819791 242.923690 137.843502 137.843502 0.000000 3.521124 3.731549 
20 534.728147 235.313376 535.537070 207.421736 556.810785 221.491420 25.417947 25.417947 -0.000000 2.582332 3.725916 
23 62.418489 354.387812 86.978563 277.967810 82.594956 317.432689 41.524798 25.858161 -1.129077 2.070542 4.823012 
26 531.104001 227.171510 528.805052 241.969714 480.844214 225.000320 50.339248 50.339248 0.000000 0.043173 0.340072 
30 434.729846 240.095947 469.374051 194.795126 474.665815 231.821034 40.609982 35.917555 -0.114691 2.937279 4.570430 
32 364.239722 188.488688 587.027995 209.282984 474.480221 210.542496 110.849860 84.303074 0.041753 3.339038 6.271995 
35 386.915977 383.771766 329.775151 397.558725 322.741923 246.090764 151.706658 151.706658 -0.000000 1.134629 1.524396 
37 276.284059 391.577858 240.786282 375.471012 329.620449 225.012098 174.049705 174.049705 0.000000 1.880692 2.104143 
40 -1.490538 396.946834 26.471700 411.090409 -60.646095 556.701138 170.649245 170.649245 -0.000000 5.067025 5.251552 
42 585.765726 269.668955 558.593822 300.771531 472.438629 196.397080 133.771083 133.771083 0.000000 0.573948 0.880733 
44 186.906113 444.876488 153.866011 453.900341 145.701472 342.669051 110.930016 110.930016 -0.000000 1.187580 1.497526 
48 490.482575 226.709926 513.133549 210.463230 521.908061 244.761496 35.832132 35.832132 -0.000000 3.662994 4.461931 
59 69.071889 239.093475 144.214751 216.356737 125.719107 287.924948 73.741164 73.741164 0.000000 3.853028 4.965289 
60 446.557764 317.683433 422.468095 357.039212 358.264763 293.568322 90.811669 90.811669 -0.000000 0.266623 0.779661 
61 321.817309 6.839774 350.151583 16.183415 335.420669 11.306197 15.998345 11.295848 -0.154704 3.458836 0.319728 
63 566.478356 201.466406 577.252093 239.122745 547.975459 227.172907 31.914398 31.914398 0.000000 5.336264 0.387529 
85 224.924089 369.055295 199.057191 325.976736 292.761539 294.838938 98.856678 98.856678 -0.000000 2.311320 2.820774 
93 98.796330 274.378959 154.038821 295.257098 -16.242973 445.276079 229.374496 86.338056 -0.776319 5.304866 5.560965 
94 505.064149 42.590976 525.968072 68.026240 456.001232 108.508751 80.738731 80.738731 0.000000 5.352235 5.758653 
104 17.671037 -1.175000 28.264648 9.447246 10.923870 13.055760 17.216185 17.216185 -0.000000 5.155124 6.078019 
111 519.166001 217.195062 507.927171 222.450375 510.194348 210.009031 11.186528 11.186528 0.000000 0.675332 1.751048 
119 559.580302 281.846024 547.642510 301.473861 522.468983 277.395430 36.814292 36.814292 0.000000 0.119355 0.763167 
125 -0.294076 148.233080 7.337850 187.500082 17.109646 171.542134 28.176777 21.932764 0.744390 4.071035 2.120245 
131 140.474905 341.212176 155.247283 368.867913 46.916795 409.649615 115.242704 115.242704 -0.000000 5.651632 5.923138 
135 81.982892 123.561992 105.167178 133.817520 90.175499 135.949900 15.183354 12.175684 0.504888 4.128084 6.141896 
144 74.836826 162.217884 85.212545 148.496248 83.810143 160.717757 11.409201 11.409201 -0.000000 2.975948 4.826638 
145 344.578045 94.113996 308.761346 95.106453 329.202451 56.146481 42.791365 42.791365 -0.000000 1.186015 2.053984 
147 386.967424 42.133322 401.116274 50.864771 382.325068 61.835910 21.039296 21.039296 0.000000 4.943790 5.754730 
150 298.991435 101.997422 309.002235 94.966545 304.286244 104.643749 10.636141 10.636141 -0.000000 3.605077 5.165849 
154 527.453476 248.586553 534.340175 243.190892 531.304612 249.804827 6.085287 6.085287 -0.000000 3.447973 5.142673 
158 474.706082 257.778933 495.165643 254.496072 486.731536 264.135034 13.190565 13.190565 -0.000000 3.627822 5.431220 
167 357.742025 30.314518 368.623532 39.239803 325.403905 82.137365 60.729568 60.729568 0.000000 5.270278 5.501527 
178 496.014419 253.537127 477.823945 262.236550 485.776597 254.763944 9.906497 9.906497 -0.000000 6.163922 2.387305 
190 125.877328 353.060293 140.671961 383.161231 -123.546480 489.848483 284.356385 284.356385 0.000000 5.781558 5.899421 
203 146.940760 212.242822 183.631104 222.560061 68.760795 606.186298 401.087440 401.087440 -0.000000 4.908298 5.003325 
213 298.263931 65.854365 275.787718 27.906967 287.004788 47.631234 21.289251 11.822284 1.185480 1.017356 4.195307 
247 557.778818 250.090870 561.435445 272.007191 534.830918 263.657206 26.829022 26.829022 0.000000 5.749276 0.304120 
251 123.560876 355.201585 137.213004 381.891045 -23.522237 446.698018 172.827926 172.827926 -0.000000 5.726694 5.899931 
263 260.958326 81.025561 263.844872 92.899351 244.511173 93.934066 26.270378 9.125684 -0.406712 5.617752 6.229718 
272 178.758851 92.605872 160.901880 102.521410 164.535737 86.626937 15.634073 15.634073 -0.000000 0.397940 1.795557 
274 454.052360 273.435310 462.482793 259.287692 486.478384 282.475900 32.822017 32.822017 0.000000 3.413494 3.909881 
279 549.063182 202.509969 564.341419 208.761974 556.805665 208.573014 8.056343 8.056343 -0.000000 3.805936 0.025070 
293 166.965797 212.241921 185.374266 218.116198 152.685077 280.593308 70.340273 70.340273 -0.000000 4.918357 5.194438 
313 459.342112 51.563998 454.261272 72.557662 454.693213 62.304365 10.865115 10.865115 -0.000000 5.120884 1.612898 
315 454.794986 548.605367 403.994041 558.796191 416.659276 481.872705 77.298925 77.298925 0.000000 1.051619 1.733979 
324 429.383350 358.402633 274.108501 398.712355 323.027453 268.411857 138.967706 138.967706 0.000000 0.702242 1.929946 
351 204.337599 463.510865 217.228305 452.698734 219.578612 467.244050 14.952291 14.952291 0.000000 3.381806 4.552189 
378 248.655872 8.636216 212.717679 17.950596 226.536756 -3.400683 24.760087 24.760087 -0.000000 0.498368 2.145218 
399 21.943323 222.861417 8.205963 217.621578 14.477030 219.829630 6.903698 3.256252 0.537911 0.385722 3.480138 
415 330.149127 26.972250 325.741603 36.721460 322.035248 28.875328 8.822540 8.822540 -0.000000 6.052804 1.129488 
427 447.476870 118.311423 475.442944 78.358438 660.389813 233.147881 241.308359 241.308359 0.000000 3.636229 3.838456 
471 173.363439 46.469500 193.972566 37.620550 193.099920 60.047390 23.079224 23.079224 0.000000 3.744192 4.751280 
493 188.144938 220.441949 176.817362 214.192588 211.499680 180.710351 48.214307 48.214307 -0.000000 2.102206 2.373798 
