1 308.011949 403.056761 208.470177 153.112967 263.428353 276.302941 137.859415 133.419567 -0.107750 1.232578 4.292762 
2 328.767010 705.144139 187.837013 742.413688 218.182776 572.156092 172.877268 172.877268 -0.000000 0.877120 1.747179 
3 187.538340 742.585092 94.910367 689.169220 216.004005 586.790018 157.899419 157.899419 0.000000 1.751515 2.439743 
4 77.874202 593.283211 77.491811 593.890936 221.488020 576.161475 145.041841 142.568737 -0.474014 3.022932 3.019085 
6 150.972062 176.968601 321.322346 133.723210 278.543922 286.100255 168.473193 158.684301 0.435951 3.849244 4.986084 
7 26.173967 383.581093 36.166198 411.583865 -118.367826 456.155875 160.745570 160.745570 0.000000 5.817857 6.002378 
8 592.116059 13.619162 653.704291 40.731632 550.964800 184.277880 175.684249 175.684249 0.000000 4.949004 5.333590 
9 311.520778 19.788455 92.345751 111.209178 160.388314 -34.540789 160.985563 160.985563 -0.000000 0.345096 2.007569 
11 74.816865 174.100710 69.654034 350.413503 -47.411751 264.130971 151.774590 145.343438 -0.853842 5.648333 0.635157 
13 94.960669 703.996316 -0.720010 680.432714 87.253182 532.769337 171.981308 171.981308 0.000000 1.525813 2.108099 
15 36.487084 411.826803 -0.787086 552.435608 -117.451687 445.292614 157.351962 157.351962 0.000000 6.069119 0.742880 
19 140.631791 343.229651 368.355511 179.360662 272.449520 286.432512 152.271738 143.575814 0.553248 2.734755 5.442832 
20 108.532012 266.320257 150.961364 176.969725 260.607877 284.527932 152.974075 152.974075 0.000000 3.260753 3.917377 
22 243.000000 414.000019 292.094371 426.721433 220.475753 583.632360 171.588870 171.588870 -0.000000 4.844399 5.140576 
24 478.233042 29.492990 515.039885 15.125094 569.430864 206.719736 199.280069 199.280069 0.000000 4.237143 4.435781 
30 307.089330 376.287998 235.908869 381.521691 260.973470 252.419908 132.026129 132.026129 -0.000000 1.214397 1.762557 
31 282.042160 238.942301 308.200779 280.021141 290.295168 260.642058 25.431525 11.907915 0.883708 4.348956 0.824897 
32 194.689907 384.326181 171.276578 194.208046 298.583855 277.857594 162.254680 135.873526 -0.018820 2.343956 3.722921 
33 201.995713 413.133090 243.009546 412.930254 224.935389 640.795778 228.013333 228.013333 0.000000 4.611966 4.791543 
36 186.747095 737.610619 147.447629 721.333657 226.939721 570.250259 171.176693 171.176693 -0.000000 1.806489 2.055142 
38 304.194817 362.629584 337.601832 224.425903 266.270204 280.258909 92.593027 89.263832 -0.328714 1.139316 5.619067 
39 661.683417 619.975644 577.920140 659.514109 553.122888 504.101260 158.496560 158.496560 0.000000 0.817974 1.412573 
43 301.068184 268.565050 301.188426 267.990478 266.905794 279.757976 35.206384 34.939616 -0.412073 5.966569 5.952537 
44 302.000000 295.000000 306.525415 281.971510 265.559876 280.023728 41.529705 40.413876 0.151341 0.389938 0.047511 
47 257.904511 294.178902 258.985090 295.529771 265.568997 280.109024 16.652068 15.869984 0.615489 2.069596 1.974319 
48 295.434094 295.354749 295.855318 294.861571 266.955766 279.894334 31.857063 31.857063 -0.000000 0.497363 0.477869 
49 299.754687 327.573309 318.024840 254.719676 265.957424 280.396318 58.385063 57.299474 0.368368 0.949153 5.825039 
50 300.193555 311.175140 313.545124 265.007674 266.192303 280.505704 48.674860 46.429707 -0.205896 0.733924 5.966885 
52 285.005509 364.714782 228.617023 356.356333 274.362175 247.792393 117.303913 117.303913 -0.000000 1.480017 1.969585 
54 301.990338 305.988999 239.457783 244.524343 265.490846 280.409156 44.109548 42.702052 0.244300 0.611281 4.084778 
57 290.781813 323.422835 214.109602 290.454487 266.876401 265.450271 64.833609 55.653006 -1.450849 1.179683 2.699073 
58 297.126244 343.451545 213.145676 329.821510 300.500754 224.259790 137.832477 92.223912 -0.989924 1.599100 2.262098 
59 211.961401 291.003989 214.704012 257.934927 259.779095 278.482521 48.989488 48.989488 0.000000 2.885485 3.569303 
64 239.930399 244.852922 273.998199 236.966012 267.594790 288.914065 51.967324 51.967324 0.000000 4.151733 4.835036 
65 214.639364 257.725738 316.264253 258.062851 265.516026 281.096194 55.001142 55.001142 -0.000000 3.572199 5.857114 
66 301.554612 319.210298 249.988582 333.153682 265.619820 276.159111 58.496297 58.496297 -0.000000 0.875253 1.838473 
67 57.848934 393.884234 147.146524 404.679544 88.999215 549.186383 157.500519 157.500519 -0.000000 4.514437 5.094949 
68 214.816821 270.911033 311.421009 256.705716 266.719742 283.602219 52.576926 52.576926 -0.000000 3.381405 5.741521 
69 228.852867 355.360934 190.657825 327.311896 263.260577 269.077821 93.108758 93.108758 -0.000000 1.950248 2.465578 
70 250.201928 332.607692 214.210871 298.874104 265.241173 280.415365 53.594298 53.594298 -0.000000 1.851347 2.794514 
71 246.573659 278.031335 246.221027 279.942715 265.621422 280.031461 18.919542 18.919542 -0.000000 3.246215 3.146167 
73 578.000543 661.949644 391.155991 475.926227 548.248197 502.978597 159.408184 159.408184 -0.000000 1.385781 3.312127 
74 627.678680 364.508987 709.654676 465.737274 563.561886 500.791983 149.065235 149.065235 -0.000000 5.152133 6.047689 
76 560.292105 458.243441 320.257145 406.512160 464.397556 320.814385 168.263920 168.263920 -0.000000 0.961565 2.605195 
79 322.542325 211.584034 335.566929 228.565163 293.145164 250.397614 47.285220 47.285220 0.000000 5.360605 5.807885 
81 181.189221 256.479952 259.840041 194.365096 285.273947 305.738461 114.480799 114.480799 0.000000 3.583615 4.487873 
84 190.831657 327.090265 179.645075 300.091177 306.496617 255.356208 135.886673 135.886673 -0.000000 2.586461 2.802554 
89 -0.860515 350.636187 35.518152 459.092822 -94.106204 440.378185 128.689395 128.689395 0.000000 5.516932 0.143385 
92 321.303396 134.121064 360.274229 151.459124 258.664946 318.528977 195.039473 195.039473 0.000000 5.039835 5.258805 
94 725.870968 249.104212 709.557530 466.547807 618.972127 350.056225 147.097646 147.097646 0.000000 5.526390 0.909856 
100 433.867269 172.926189 600.566901 239.541823 467.514122 332.472077 162.367227 162.367227 0.000000 4.504543 5.673503 
101 322.031599 154.930916 374.179446 192.819887 277.228161 271.007367 124.186414 124.186414 0.000000 5.080753 5.604517 
102 622.374360 378.680986 562.220275 458.429155 472.496179 328.788273 157.081202 157.081202 -0.000000 0.321350 0.965394 
104 240.816481 67.498326 91.727016 73.574882 160.475035 -43.535849 136.053563 136.053563 -0.000000 0.944423 2.101628 
106 69.681431 340.482991 72.717421 315.009676 130.846356 321.969680 58.237598 58.237598 -0.000000 2.847680 3.260759 
107 39.033904 143.005570 0.576061 189.672015 -51.955691 103.748005 99.790083 99.790083 -0.000000 0.407322 1.022055 
108 171.851323 194.969430 364.961154 199.039344 263.231155 270.700134 123.509589 117.682008 -0.526406 3.833618 5.669498 
111 68.292304 337.348490 66.125675 321.947455 61.133793 332.399412 11.763582 8.684146 -0.823771 0.604901 5.157959 
113 45.881919 357.883488 70.219308 341.451472 79.914049 384.505349 43.356896 43.356896 0.000000 3.805420 4.490906 
114 629.202121 306.001223 622.068034 378.227382 462.528949 327.549752 166.993169 166.993169 0.000000 6.154612 0.307570 
116 110.314303 280.919030 300.047923 130.551792 268.388738 286.479865 158.061459 158.061459 0.000000 3.176757 4.912703 
119 93.984479 282.118220 94.416307 260.596933 94.931560 271.294927 11.337223 9.046259 -1.058496 1.658078 4.664263 
120 7.723891 353.208554 13.053604 360.130053 15.961719 348.374560 11.855625 10.022419 -0.602578 2.610932 1.813311 
127 399.507341 179.987358 708.188789 210.045945 557.407627 164.366033 157.651048 150.184020 0.087820 3.042982 0.294166 
129 17.013408 365.090319 35.894204 362.287354 34.326918 421.968843 59.161093 59.161093 0.000000 4.416905 4.738644 
130 517.420930 720.673149 331.740840 746.638560 403.015304 590.592181 171.627008 171.627008 0.000000 0.849426 1.999251 
131 70.291463 263.800817 78.824908 297.007037 47.583240 286.787868 32.066378 32.066378 -0.000000 5.491685 0.316131 
135 734.452408 184.986456 797.592461 53.506836 863.386754 165.990373 128.996662 128.996662 0.000000 2.995314 4.183129 
136 300.160274 130.455445 394.027945 181.967953 273.280130 291.815446 162.524813 162.524813 0.000000 4.877458 5.545022 
137 37.935144 322.079915 45.325391 356.113467 33.555584 343.382844 21.404920 15.156639 -1.473321 4.915149 0.824594 
138 73.145341 261.875069 81.107839 297.022375 46.460168 304.822450 50.042181 28.322106 -0.971252 5.268356 6.061751 
139 65.831983 329.958350 65.758556 328.334283 60.901557 332.863701 6.027598 5.101958 -0.888738 5.750693 5.532673 
140 74.851589 300.156299 66.506163 264.877766 72.755106 282.048529 18.116081 7.798992 1.363368 1.455531 4.363359 
141 21.734261 351.536848 21.445986 350.918898 15.759529 348.552795 6.082900 6.082900 -0.000000 0.463204 0.394303 
142 73.175145 306.254099 39.971602 318.625872 44.616362 281.759056 36.804774 36.804774 -0.000000 0.708951 1.696124 
145 81.885013 297.907297 93.058875 284.047465 130.635797 326.320794 56.137537 56.137537 0.000000 3.669293 3.985738 
146 65.860266 317.600127 39.036102 320.862762 47.028736 293.807275 29.090283 29.090283 -0.000000 0.901273 1.858043 
149 39.409268 359.625653 31.978048 324.991093 36.784390 341.397349 16.653043 7.474982 1.369275 1.427779 4.427405 
151 718.802449 159.997016 630.379533 308.166853 567.172746 167.809943 151.645506 151.645506 0.000000 6.231704 1.147669 
158 36.534235 323.724925 45.548722 341.232361 8.658674 351.490271 37.926581 37.926581 -0.000000 5.499768 6.011970 
159 34.918494 400.678303 57.959600 394.840543 86.876650 555.362610 163.069393 163.069393 0.000000 4.388332 4.534157 
160 412.390731 741.101195 387.000000 748.000000 399.079582 743.130547 13.005901 10.812431 -0.157251 6.131895 2.758404 
162 89.482017 276.016950 96.180116 265.459327 101.761692 277.687447 14.823904 9.182435 0.689533 3.276800 4.284181 
163 96.595250 256.342189 94.179957 237.305259 89.860112 249.872743 19.673032 9.039528 -0.483892 0.765280 5.043469 
166 40.201943 357.336206 34.642423 324.976441 67.503754 337.477470 33.544119 33.544119 -0.000000 2.512728 3.505105 
167 37.578606 314.523893 72.067151 300.556654 55.975437 308.998250 18.652625 6.331443 -0.391120 2.849807 5.800058 
168 70.765986 351.754067 30.297254 390.261460 -62.984241 251.405582 165.684061 165.684061 -0.000000 0.643672 0.979258 
169 35.067979 459.162113 0.156353 545.102317 -106.448437 450.945585 141.331873 141.331873 -0.000000 0.057995 0.723473 
170 373.998746 161.163857 395.008390 181.995258 301.282493 254.811477 119.044609 119.044609 -0.000000 5.372628 5.622685 
173 710.352347 467.935116 701.952728 560.978243 502.158215 493.556944 211.335686 211.335686 0.000000 6.160734 0.325454 
175 -0.385074 22.629560 40.221792 143.059251 -48.096572 104.662238 95.481878 95.481878 -0.000000 5.239181 0.410106 
182 47.762241 299.706603 47.878397 300.287182 51.889046 289.509370 11.067506 10.202668 -0.673546 1.955347 1.927040 
185 51.700466 1.276070 77.122544 33.917227 -52.034084 107.762415 148.480734 148.480734 0.000000 5.484698 5.763798 
192 182.485733 416.793207 139.909341 381.064227 243.210384 303.170881 128.668819 128.668819 -0.000000 2.061617 2.495510 
194 798.507848 291.429458 731.767708 188.388637 881.421062 165.494811 149.788926 149.788926 0.000000 2.153042 2.989791 
197 91.115733 133.054260 1.379409 232.774401 -55.756169 93.080205 150.567277 150.567277 0.000000 0.265733 1.182551 
200 28.698752 325.693941 2.170194 338.568074 2.926757 302.709803 34.759357 34.759357 -0.000000 0.728281 1.591892 
201 96.217381 251.349173 74.982358 257.676116 80.420110 233.620227 23.903660 23.903660 -0.000000 0.842951 1.793107 
203 698.749892 571.845356 660.965270 619.584348 559.239872 503.455508 155.221899 155.221899 0.000000 0.455789 0.851417 
210 26.222904 276.672056 37.468025 313.070167 26.394582 297.040159 21.200914 12.316452 1.358377 4.703960 0.966275 
215 448.977051 739.314923 449.002001 712.037146 444.960732 725.779995 13.714986 12.087662 1.236657 1.282335 4.998391 
223 428.196798 67.960854 424.838016 14.966220 593.301785 30.282811 169.535780 169.535780 0.000000 2.917228 3.232263 
226 710.785824 238.212472 751.457290 293.765502 617.171503 349.088826 144.704678 144.704678 -0.000000 5.413572 5.892393 
227 57.920156 284.985893 56.119281 283.100430 51.783722 289.350595 6.765482 6.003542 -0.780855 5.664931 5.318855 
231 29.425434 321.844005 7.059450 333.117940 -9.016609 278.874246 56.145115 56.145115 -0.000000 0.840956 1.282676 
243 29.113583 316.637121 20.206165 279.083732 28.464171 296.544483 20.137554 10.225683 1.301863 1.538487 4.270617 
255 168.310361 377.701292 140.199880 343.855036 237.635259 289.807352 111.035174 111.035174 -0.000000 2.238630 2.635146 
269 4.134741 321.496418 26.047125 319.523368 18.399564 363.319321 43.424481 43.424481 -0.000000 4.383686 4.885264 
276 65.164467 256.833842 54.920071 218.980139 62.293960 237.596140 19.373327 8.591328 1.291434 1.422677 4.335245 
282 625.123365 322.879469 582.970866 328.792306 555.106007 16.643001 313.262964 313.262964 -0.000000 1.346022 1.481765 
283 65.944822 262.951569 35.042113 279.174693 39.540122 246.919436 30.945670 30.945670 -0.000000 0.545675 1.709353 
284 -0.609598 318.951556 28.070406 316.636054 17.559469 346.350666 31.686541 31.686541 0.000000 4.126842 5.052382 
292 57.014189 595.585104 75.027846 595.148269 77.148555 926.181134 331.129284 331.129284 -0.000000 4.651561 4.705983 
304 407.958719 307.109890 317.043019 266.962102 532.344984 -97.605543 422.808543 422.808543 0.000000 1.868976 2.104252 
305 397.999893 329.027157 303.101455 323.766203 388.157955 -345.448196 674.291570 674.291570 0.000000 1.556205 1.697218 
306 619.015688 339.232343 510.981344 334.227103 603.032693 -331.941038 671.628253 671.628253 0.000000 1.546987 1.708107 
321 86.282959 222.493448 86.538216 221.229199 83.286807 228.448024 6.816409 5.895419 -1.239298 5.178568 5.135581 
326 622.147741 365.449316 529.053902 346.820470 669.306027 -81.046025 449.972304 449.972304 -0.000000 1.676025 1.887553 
328 155.692522 178.622152 277.952243 130.229604 269.798638 287.196040 156.430850 156.430850 -0.000000 3.902152 4.764287 
332 381.965269 337.577063 302.997473 339.886048 330.497572 -110.182026 450.403001 450.403001 0.000000 1.456354 1.631823 
339 379.015500 347.104670 304.982329 355.774806 282.096353 -106.848736 463.324983 463.324983 0.000000 1.360454 1.521367 
340 381.221314 355.871264 308.944096 371.684530 221.073277 -170.868651 549.946027 549.946027 -0.000000 1.275641 1.410233 
341 390.178663 385.279031 331.859108 418.695646 182.066236 101.026098 351.751875 351.751875 -0.000000 0.938825 1.130177 
343 430.631004 372.698213 361.547643 449.583836 -15.374651 49.456686 550.054566 550.054566 -0.000000 0.627143 0.815252 
353 420.944266 289.061744 352.182963 218.681923 675.275000 -34.899189 410.928669 410.928669 0.000000 2.236365 2.476154 
354 624.779988 302.249899 569.000934 316.004476 535.814556 55.321013 262.207123 262.207123 0.000000 1.224986 1.444172 
356 588.583153 430.563644 505.947566 364.060271 1020.065242 -188.797697 754.681819 754.681819 0.000000 2.179275 2.319902 
360 399.005815 307.982887 313.844782 275.023665 495.547352 -61.488089 381.321539 381.321539 0.000000 1.826379 2.065898 
361 379.745853 316.154651 306.259309 298.913881 448.901319 -133.899390 454.847772 454.847772 0.000000 1.723264 1.889156 
362 447.025567 391.007862 426.388255 458.119391 -256.270613 207.795835 726.460985 726.460985 0.000000 0.254841 0.351465 
368 598.374561 264.702407 529.068108 300.136635 336.361766 -160.067392 498.388238 498.388238 0.000000 1.018090 1.174239 
370 400.026109 286.961081 334.838988 237.960248 578.524675 -12.325063 348.319346 348.319346 0.000000 2.108575 2.342835 
371 31.877327 313.662185 23.070611 280.002524 56.162941 289.676315 33.737329 33.737329 -0.000000 2.362404 3.425995 
374 430.069380 387.043758 378.224900 461.377230 74.738213 198.583145 401.434512 401.434512 -0.000000 0.487655 0.713662 
378 400.927764 364.866420 321.105274 401.294238 143.245609 -68.656577 503.696816 503.696816 -0.000000 1.034511 1.208992 
383 80.233132 238.797517 81.862881 238.647277 83.386578 227.783927 10.543028 8.638011 -1.296965 1.849659 1.710148 
385 545.967952 193.921335 507.698792 261.819705 -21.582977 -84.572543 632.163997 632.163997 0.000000 0.456175 0.579502 
386 560.607048 203.026486 511.093287 271.071148 5.305809 -152.371418 659.077371 659.077371 0.000000 0.569320 0.697013 
389 396.992323 332.737125 301.968760 331.618390 352.925813 -295.769045 629.480895 629.480895 0.000000 1.500798 1.651839 
390 402.969516 355.925789 314.062008 386.272259 161.779292 -158.264843 566.993021 566.993021 -0.000000 1.132199 1.298107 
395 64.554161 261.963520 29.025355 272.408900 37.267699 236.311406 36.627212 36.627212 -0.000000 0.754535 1.795283 
398 596.003300 238.004379 520.958557 291.937324 274.050504 -128.776373 487.227652 487.227652 0.000000 0.850394 1.040080 
399 600.956442 244.483661 527.984215 291.973998 330.758060 -89.779804 429.004222 429.004222 0.000000 0.890991 1.093932 
403 625.050007 295.182195 552.314476 315.145767 482.365625 -85.731887 405.663290 405.663290 0.000000 1.212390 1.398046 
407 -0.122342 292.740399 0.017521 314.081913 4.252866 302.779458 12.161313 10.853371 -0.230042 4.301391 1.929328 
408 421.073355 372.078687 345.397001 434.583965 57.831324 26.090060 500.695453 500.695453 -0.000000 0.761076 0.957414 
417 388.329017 270.739958 348.961689 235.042249 587.592041 8.785848 328.294281 328.294281 0.000000 2.221097 2.382805 
423 359.048582 317.751757 305.155621 307.204807 408.868277 -96.454732 416.445260 416.445260 0.000000 1.690499 1.822288 
424 398.946809 361.885974 317.557128 394.583972 154.899472 -103.623971 524.635180 524.635180 -0.000000 1.087931 1.255221 
438 408.922968 314.275832 311.355784 283.042080 526.470799 -222.645224 549.084485 549.084485 0.000000 1.786325 1.972998 
439 390.949892 325.529513 304.238808 315.379220 419.069351 -314.307674 639.853106 639.853106 0.000000 1.614716 1.751176 
440 574.240297 444.777275 502.891601 371.096163 959.042336 -2.696280 589.435538 589.435538 -0.000000 2.281035 2.455104 
446 423.859047 285.130348 360.493045 210.372796 941.731107 -228.781898 729.148361 729.148361 -0.000000 2.360032 2.494549 
447 420.775485 297.298835 347.721146 238.224518 667.831704 -91.241663 459.447468 459.447468 0.000000 2.137165 2.341793 
448 384.993280 312.029951 309.609050 291.060888 444.154536 -37.969369 354.641302 354.641302 0.000000 1.738246 1.958965 
449 372.996640 343.949727 312.997338 347.960175 303.256877 -226.695295 574.282952 574.282952 -0.000000 1.449187 1.553848 
450 389.924360 348.683271 306.989437 363.926072 246.851095 -160.798183 528.480107 528.480107 -0.000000 1.297026 1.456685 
451 429.772942 375.827717 363.652568 451.702654 83.458757 148.415841 413.466261 413.466261 -0.000000 0.581045 0.824956 
452 418.096884 385.085992 357.337028 446.392194 76.419588 117.813663 432.992687 432.992687 -0.000000 0.663815 0.863437 
456 500.827748 229.944733 495.091828 245.642302 417.233870 209.073405 86.010174 86.010174 0.000000 0.244673 0.439105 
458 618.658207 280.131466 528.073269 311.246481 421.220199 -152.361309 475.023947 475.023947 0.000000 1.142540 1.344271 
459 625.792829 310.934628 543.032121 323.338015 533.233361 -22.734883 345.617825 345.617825 0.000000 1.300201 1.542490 
462 541.190388 456.515544 496.340501 382.802473 997.011257 127.974918 561.226518 561.226518 -0.000000 2.517065 2.670793 
465 405.032901 280.962333 345.715829 225.324859 637.307174 -24.360155 383.203264 383.203264 0.000000 2.221142 2.433462 
466 579.479706 219.398574 526.720280 272.706479 182.343785 -122.296853 523.642677 523.642677 0.000000 0.710500 0.853763 
467 401.843986 297.284517 325.162340 252.206066 561.769350 -67.069253 396.881820 396.881820 0.000000 1.984405 2.208561 
468 414.908396 372.893134 339.100873 428.182052 121.898294 62.524329 426.291009 426.291009 -0.000000 0.814159 1.034796 
469 407.026045 366.043590 325.681214 408.225436 136.610030 -34.824911 482.762773 482.762773 -0.000000 0.977338 1.167445 
471 414.813016 364.727421 330.441961 414.773562 64.586737 -109.249417 588.950990 588.950990 0.000000 0.934431 1.101298 
479 26.966089 273.060952 62.187540 256.950285 44.174443 264.818288 19.530726 7.378784 -0.321003 2.694892 5.871368 
480 498.350259 291.311212 530.602266 254.640925 770.157888 487.959236 334.387220 334.387220 0.000000 3.767905 3.913801 
482 405.878940 295.199358 329.605845 245.144571 583.968730 -60.112613 396.599447 396.599447 0.000000 2.035420 2.265500 
483 388.704082 296.550535 320.574920 259.930402 551.250785 -83.469767 412.336414 412.336414 0.000000 1.974978 2.162303 
485 614.044821 309.169038 625.065460 306.246877 628.452002 340.870133 34.668544 34.668544 0.000000 4.285824 4.614888 
486 539.107933 385.856497 503.783384 359.288006 959.165443 -211.952497 730.364933 730.364933 -0.000000 2.183306 2.243816 
495 612.311583 265.608800 522.003242 306.008198 392.008371 -101.681564 427.310293 427.310293 0.000000 1.030519 1.262130 
498 604.346259 409.364590 565.189063 390.605359 844.372022 -122.026405 583.147823 583.147823 0.000000 1.995058 2.069490 
507 616.762999 381.977161 532.962321 356.099382 722.722272 -91.430963 485.604778 485.604778 -0.000000 1.790989 1.971833 
512 514.365047 180.064520 501.572297 228.174936 218.000857 118.663775 303.329402 303.329402 0.000000 0.204290 0.368541 
516 605.409615 251.062306 532.144855 294.260908 341.398776 -111.966233 448.170376 448.170376 0.000000 0.942018 1.131800 
517 625.914723 326.364674 549.002523 331.291756 572.481392 38.392046 292.839563 292.839563 0.000000 1.387333 1.650785 
518 626.922391 334.037132 543.997477 335.060015 585.196778 -11.204438 347.835471 347.835471 0.000000 1.450521 1.689222 
523 429.829214 380.882369 371.390126 457.335977 59.785564 161.396360 429.515099 429.515099 -0.000000 0.535357 0.759620 
524 485.630401 454.060289 474.540536 386.074948 934.954167 349.626547 460.760252 460.760252 -0.000000 2.913223 3.062593 
525 501.833400 438.070275 487.771628 398.071689 685.007641 350.929917 202.489300 202.489300 -0.000000 2.697554 2.906982 
528 587.145645 368.477812 543.885117 356.411894 772.067406 -378.701742 769.462679 769.462679 0.000000 1.813414 1.871771 
529 416.079635 367.099487 334.130542 422.234466 91.368024 -13.682259 499.877911 499.877911 -0.000000 0.864708 1.062670 
530 416.907948 222.481839 435.411810 264.823368 62.403641 417.237080 403.389460 403.389460 0.000000 5.780823 5.895281 
531 382.989559 359.967836 311.209312 378.979029 209.887162 -119.879549 509.599223 509.599223 -0.000000 1.224582 1.370414 
534 525.302844 411.518777 503.155531 381.883197 839.712147 161.405962 401.706388 401.706388 -0.000000 2.469601 2.561643 
536 398.050297 422.043854 369.179579 455.156573 115.577389 210.416631 352.293631 352.293631 -0.000000 0.642986 0.767617 
537 531.018680 186.417711 508.050448 242.430738 212.344218 89.496474 332.150897 332.150897 0.000000 0.295249 0.477299 
538 28.075839 271.133205 61.986174 259.883979 57.479186 304.815771 44.381890 44.381890 0.000000 3.994719 4.812362 
540 495.183804 440.217346 481.823845 390.046908 800.464841 329.910579 323.801890 323.801890 -0.000000 2.794861 2.955059 
542 300.071968 132.753103 391.377574 182.562876 271.454110 294.639272 163.547630 163.547630 -0.000000 4.887359 5.531598 
543 585.251233 225.176375 528.002471 277.002922 293.049424 -40.108615 394.097205 394.097205 0.000000 0.737153 0.933134 
547 553.598494 435.372032 503.213625 375.829981 900.468268 93.860648 486.561629 486.561629 -0.000000 2.363978 2.524323 
550 591.026077 231.822139 538.818735 274.990177 295.852609 -69.780656 421.099914 421.099914 0.000000 0.796171 0.956911 
552 620.791141 287.414821 540.129973 311.525420 473.117321 -62.695432 379.514448 379.514448 0.000000 1.171646 1.393602 
553 75.640168 494.725977 96.844505 466.881586 188.310987 560.661609 129.990182 129.990182 0.000000 3.671063 3.939479 
554 506.330438 181.862810 491.571201 239.880534 -113.337805 51.733981 633.332199 633.332199 -0.000000 0.206990 0.301548 
555 410.880237 264.100189 367.248716 204.835239 944.286432 -173.695521 690.404827 690.404827 -0.000000 2.454324 2.561018 
556 15.946326 237.025043 21.676935 266.984863 -11.845359 257.333680 34.286770 34.286770 -0.000000 5.652122 0.280322 
557 512.447335 449.821316 486.616203 385.153305 930.425030 245.847493 464.337149 464.337149 -0.000000 2.687590 2.837445 
558 615.566568 272.999601 556.294508 298.679750 433.805300 -60.827070 379.099718 379.099718 0.000000 1.072203 1.242417 
559 -0.475913 299.316474 -0.300849 305.293698 4.682584 302.720821 6.160312 6.160312 -0.000000 3.724930 2.665001 
561 614.590918 389.482121 532.024451 359.943627 769.672266 -145.408491 557.967442 557.967442 -0.000000 1.852990 2.010372 
562 610.816894 397.506529 532.042008 363.915929 836.048765 -225.372810 662.986606 662.986606 0.000000 1.917766 2.047073 
568 586.279183 432.950824 522.088889 380.898107 1052.259473 -202.483091 788.114634 788.114634 0.000000 2.203540 2.308446 
570 373.272458 411.395854 343.108217 432.157228 -11.548933 -123.358548 658.804587 658.804587 -0.000000 0.947022 1.002599 
575 610.211043 322.038329 562.992464 326.927213 559.611352 -10.744990 336.583753 336.583753 0.000000 1.419902 1.560784 
576 582.520086 420.251937 515.792315 370.258008 979.244763 -166.231053 708.452145 708.452145 0.000000 2.165539 2.283283 
580 625.979867 342.354475 539.011294 338.876029 608.817976 -111.030120 454.381177 454.381177 0.000000 1.532962 1.724727 
581 625.003792 350.009736 553.996771 345.025805 619.564288 22.583649 327.970877 327.970877 0.000000 1.554185 1.771408 
585 42.770261 237.131474 42.182896 237.929262 40.101684 243.711983 6.238809 6.238809 -0.000000 5.097651 5.057858 
587 -0.010510 268.089201 16.119041 269.989697 5.082878 293.896444 25.546233 25.546233 0.000000 4.517531 5.144875 
589 567.443622 208.129624 530.856044 254.887355 187.817185 -60.769304 465.104131 465.104131 -0.000000 0.616291 0.743852 
591 624.048969 357.867892 568.862805 353.149690 636.928452 -50.762709 409.120762 409.120762 -0.000000 1.602305 1.737744 
594 50.450012 249.299969 50.904775 249.001527 40.182338 244.164070 11.096467 11.096467 -0.000000 0.463808 0.423812 
596 477.100024 438.864153 479.091323 454.988722 373.371223 459.429544 105.682277 105.682277 0.000000 6.087462 6.241205 
599 -0.090731 26.123887 43.392350 88.880311 -42.661097 101.967243 86.411486 86.411486 -0.000000 5.223861 6.132263 
602 17.911879 277.930677 -0.158921 289.513753 -2.541814 264.510016 24.940273 24.940273 -0.000000 0.580685 1.475782 
612 0.026554 8.961572 58.792560 96.035727 -45.001388 103.413321 103.661822 103.661822 -0.000000 5.157248 6.212225 
617 121.735808 702.981971 102.865661 686.839671 121.078873 680.235126 20.879405 20.879405 0.000000 1.541924 2.793716 
620 538.456793 190.288834 520.509153 229.234636 222.510138 72.410214 336.545198 336.545198 -0.000000 0.357101 0.484433 
628 55.112748 141.059401 14.142559 195.142838 -51.526034 100.952397 113.567023 113.567023 0.000000 0.359736 0.961959 
638 15.183667 230.814794 25.055511 266.336806 -0.907969 254.985915 28.778254 28.778254 -0.000000 5.299748 0.412148 
639 416.411466 679.171036 389.588258 671.950457 402.348749 678.113559 13.747911 12.533079 0.091195 0.075056 3.591534 
645 619.231427 373.297120 587.859533 369.033578 670.250058 -101.424077 477.279767 477.279767 -0.000000 1.677856 1.744167 
663 1.116318 246.965112 -0.470458 265.314984 -1.569944 256.482484 8.968226 5.832817 1.529650 4.987481 1.446952 
676 56.478908 626.109476 52.322609 565.897834 228.624460 584.592257 177.349086 177.349086 0.000000 2.904937 3.247234 
677 63.812130 647.089519 56.917995 627.302840 120.894303 616.661514 64.692800 64.692800 -0.000000 2.651851 2.976769 
680 337.699110 461.402647 375.133067 516.477157 226.324387 577.143694 160.120724 160.120724 0.000000 5.478564 5.896075 
683 756.755758 379.940110 709.411886 457.466519 622.616658 350.708652 137.388688 137.388688 0.000000 0.214565 0.888173 
699 744.460560 379.158893 704.793584 445.812840 625.491159 353.210669 121.248145 121.248145 0.000000 0.214745 0.862611 
704 218.010511 416.850048 250.063306 419.096887 223.034851 556.719657 139.514582 139.514582 -0.000000 4.676483 4.906316 
715 718.206641 709.196485 655.979606 712.992759 648.223313 69.778924 643.233970 643.233970 -0.000000 1.461782 1.558738 
719 324.633506 699.911220 289.318099 723.014804 122.416074 425.354377 340.722473 340.722473 0.000000 0.935976 1.059766 
725 325.994246 148.012257 381.732967 184.313875 265.837156 300.346990 163.735489 163.735489 0.000000 5.088492 5.497195 
731 798.045690 342.698924 768.908719 344.603660 764.824292 84.617267 259.926973 259.926973 0.000000 1.442776 1.555087 
732 228.202907 426.549499 259.019534 430.860361 211.647229 601.855272 176.359358 176.359358 -0.000000 4.806549 4.982650 
740 53.247479 219.242944 19.019726 230.940444 35.606658 223.763006 17.611041 7.152475 -0.350383 6.032354 2.733204 
743 201.368086 412.073455 160.058182 382.053488 245.262535 306.729017 113.316617 113.316617 -0.000000 1.965595 2.417663 
744 721.538560 382.838912 696.463786 426.365208 628.124462 356.851238 96.920679 96.920679 0.000000 0.271338 0.793919 
745 426.147331 458.051566 418.726298 479.254208 143.245851 371.571940 295.611265 295.611265 -0.000000 0.296667 0.372627 
764 233.028343 409.903443 189.281335 392.494400 272.431388 246.316986 168.272979 168.272979 -0.000000 1.807164 2.087981 
768 268.070102 -0.561005 67.962834 -0.812284 168.435379 -7.512577 99.251166 90.663337 -0.188623 0.069658 3.075003 
780 327.803080 426.150785 302.249569 432.076260 299.165465 354.430297 76.875152 76.875152 0.000000 1.190898 1.531097 
796 737.491304 423.389720 708.491065 455.499345 626.496811 352.289983 131.369353 131.369353 0.000000 0.569717 0.899451 
811 420.027188 646.876046 413.934415 673.278020 420.049857 661.020262 13.854481 13.854481 -0.000000 4.710786 2.033567 
817 391.058577 702.023393 410.234108 713.098613 400.894065 706.572515 11.180474 11.180474 -0.000000 3.574810 0.609868 
838 765.610005 169.959171 790.173882 102.477112 862.328469 167.431545 96.167604 96.167604 -0.000000 3.115465 3.874525 
841 385.505027 673.893506 372.622700 660.154228 387.044906 659.391020 13.967441 13.967441 -0.000000 1.676580 3.088723 
845 295.771979 196.511713 320.232567 210.617810 269.537883 265.057186 73.441876 73.441876 0.000000 5.077915 5.462184 
856 195.676045 406.446031 151.500381 366.428652 259.457550 292.166696 130.371096 130.371096 -0.000000 2.079852 2.539045 
862 720.347591 287.828875 734.739671 380.118278 612.863528 352.535142 125.081791 125.081791 -0.000000 5.741291 0.222571 
870 422.784909 171.003479 427.114335 145.643390 497.702487 181.658538 77.355633 77.355633 -0.000000 3.282869 3.613379 
875 709.916857 313.034911 709.452157 392.159250 610.359177 351.878977 107.260372 107.260372 0.000000 5.911185 0.386088 
878 319.945023 415.777753 288.391628 423.583159 257.082581 231.431238 194.258782 194.258782 0.000000 1.242160 1.409277 
880 377.696236 522.069961 385.485063 555.888283 158.427912 589.198359 228.988966 228.988966 0.000000 5.986098 6.137521 
882 58.595631 96.985924 51.928077 133.948365 -13.293997 106.791868 71.648736 71.648736 -0.000000 6.147619 0.394538 
883 711.203572 357.034548 693.728599 407.367974 611.216474 349.929939 99.922795 99.922795 0.000000 0.070936 0.608115 
901 759.001105 126.538680 797.322726 75.302327 869.855779 171.448026 119.241921 119.241921 0.000000 3.526504 4.066073 
913 613.952906 737.501766 647.035420 734.374721 651.007765 982.941960 248.095505 248.095505 -0.000000 4.562548 4.696409 
935 634.030582 757.869478 612.986271 758.609666 622.258019 680.672097 77.835083 77.835083 0.000000 1.419463 1.689204 
938 721.905458 374.970089 700.783061 417.845788 602.531185 343.022108 123.403481 123.403481 0.000000 0.261500 0.650852 
947 451.162477 712.964546 477.044987 702.938389 464.400831 711.648547 14.852838 14.852838 -0.000000 3.042510 5.679969 
964 772.282024 145.118736 797.647047 101.732146 881.465819 180.152226 114.337304 114.337304 -0.000000 3.452082 3.893727 
974 798.092786 250.920861 783.309763 233.588720 863.197290 179.963842 95.841144 95.841144 0.000000 2.313207 2.550420 
978 185.913800 99.272010 93.870781 83.236118 162.931673 -46.749450 148.079435 148.079435 0.000000 1.414688 2.059167 
989 709.042666 392.019634 691.485320 418.589271 641.703702 365.868612 72.168221 72.168221 0.000000 0.370422 0.814063 
1000 471.120820 659.934328 469.977137 659.042641 466.325881 664.139797 6.542570 6.086255 0.165806 5.563187 5.333992 
