3 86.852105 58.171822 74.067629 67.468212 52.263554 26.781649 46.156768 46.156768 -0.000000 0.736960 1.078840 
5 423.014535 414.991515 532.132780 269.552819 499.053845 358.230812 94.732939 94.732939 -0.000000 2.500358 5.069425 
9 371.072204 284.939718 370.015888 284.974704 321.288179 347.152530 78.786138 78.501669 1.430060 5.387265 5.377101 
10 619.375134 422.696436 635.772598 295.679624 674.436677 364.940345 79.369081 79.369081 -0.000000 2.332315 4.203242 
12 337.098891 427.338306 411.070705 424.579381 374.719851 553.055681 132.767606 132.767606 0.000000 4.421620 4.988120 
14 522.581939 472.731521 638.461716 436.075286 596.952709 505.783084 81.093035 81.093035 0.000000 3.559793 5.249472 
15 52.177115 161.962129 53.763433 149.917291 68.472627 155.894659 16.676921 16.676921 0.000000 2.785156 3.527578 
16 436.372909 433.376360 504.682221 496.227593 380.324744 562.712035 139.971475 139.971475 0.000000 5.121314 5.792224 
20 592.910012 361.992036 423.933117 415.049144 499.852432 363.635877 93.117172 88.488157 -0.105944 6.265522 2.546327 
21 455.424261 271.990999 311.015639 210.990501 410.203601 183.719045 105.034976 95.267024 0.338710 1.097367 2.873276 
22 250.083104 382.858716 21.516578 480.330036 129.210474 417.183666 124.573009 124.573009 -0.000000 6.006493 2.611270 
25 496.222850 84.803818 455.175740 271.430585 416.866452 165.814235 113.552561 113.552561 0.000000 5.487474 1.222834 
27 310.681672 208.561564 301.379124 155.933226 498.318110 148.592034 196.870564 196.870564 -0.000000 2.832248 3.104333 
28 504.386608 496.796969 523.060984 594.092544 362.484597 574.485469 162.041599 162.041599 -0.000000 5.782279 0.121503 
29 540.824263 219.557158 547.703512 204.753914 600.075762 237.073572 61.712887 61.712887 0.000000 3.429034 3.694501 
30 608.580046 677.460277 583.484840 645.282585 640.130738 627.071405 58.773641 58.773641 -0.000000 2.130218 2.830537 
34 307.447647 209.948097 272.841375 281.762605 213.961548 213.458194 92.830386 92.830386 0.000000 6.245656 0.859365 
36 268.094291 286.110150 147.440464 278.545201 213.944537 209.540593 95.976732 95.976732 -0.000000 0.955257 2.337744 
40 665.691857 211.791717 543.011019 257.994299 605.419393 235.896940 65.671347 65.671347 -0.000000 5.902733 2.801291 
41 571.167751 578.650488 523.421027 473.145979 575.758745 510.148734 69.783553 57.010142 1.264088 1.637716 3.757001 
42 278.757341 106.113157 293.200096 158.963173 197.548338 156.304800 94.369217 94.369217 0.000000 5.729596 0.027785 
43 590.910733 331.828881 593.143627 354.992187 532.671179 351.102925 61.089689 61.089689 0.000000 5.963586 0.064226 
45 495.660601 662.620601 469.498803 690.468600 390.604296 591.650891 125.672613 125.672613 -0.000000 0.594120 0.897041 
46 516.544252 618.217678 504.037733 647.017558 401.569637 584.830268 120.007084 120.007084 -0.000000 0.282617 0.545473 
47 756.443161 366.877599 620.100300 422.846486 676.207923 370.684754 78.455574 72.741841 -0.074363 6.235771 2.392623 
49 62.451877 526.030996 0.207759 632.288492 10.910086 566.364667 71.987685 41.749396 -1.041958 5.619180 1.731736 
53 574.233085 298.862095 590.503075 331.806919 497.165209 359.316399 97.370191 97.370191 0.000000 5.618011 5.996570 
54 568.977870 287.025796 628.979000 179.026563 604.126059 235.869669 62.023946 62.023946 -0.000000 2.172796 5.124564 
56 450.173000 702.177615 392.983278 721.062638 377.343782 580.795846 141.722428 141.722428 -0.000000 1.030376 1.459757 
57 648.121236 441.881177 571.817545 578.867894 598.957291 504.097246 78.718030 78.718030 -0.000000 5.381134 1.918982 
58 78.834171 567.590049 102.910496 547.682356 175.526100 664.755540 136.863098 136.863098 -0.000000 3.929434 4.157207 
60 393.035775 722.878499 348.904522 721.786906 376.525232 521.046307 202.636083 202.636083 -0.000000 1.489175 1.707532 
63 269.944724 403.045295 355.982530 280.038697 321.204108 346.698863 75.059393 75.059393 -0.000000 2.308955 5.193267 
64 536.014091 574.985195 448.989581 797.461842 464.918621 676.304529 122.204183 122.204183 -0.000000 5.324253 1.701521 
66 572.670983 575.778637 645.814000 444.295475 597.241610 503.721457 76.592894 76.087028 0.339086 1.899420 5.397626 
68 165.798478 296.507190 244.838155 371.614024 133.743067 409.978035 117.240895 117.240895 0.000000 4.987714 5.950681 
69 262.905620 678.948308 198.687815 745.178275 161.695030 644.483308 105.965608 105.965608 -0.000000 0.328211 1.218728 
71 304.587994 145.585635 311.007913 123.708864 392.012471 161.713134 88.637966 88.637966 0.000000 3.324015 3.580267 
73 636.930587 430.102815 719.588609 301.825450 676.030552 364.704958 77.733848 75.899839 -0.065540 2.109654 5.318214 
74 125.259561 185.708753 221.048554 119.996340 199.550596 189.379975 77.917938 65.792295 -0.533946 3.190969 5.012850 
75 408.669927 374.070393 545.301788 279.289514 498.417278 357.410541 90.635868 90.635868 -0.000000 2.958051 5.252920 
76 520.622080 36.126231 526.926027 128.982039 419.014891 91.356839 113.916116 113.916116 -0.000000 5.785292 0.335488 
82 328.641991 233.220948 467.604622 64.959899 419.099998 166.356613 112.364939 112.364939 -0.000000 2.505055 5.158579 
83 296.333131 446.736809 481.653810 474.327601 372.142244 573.084997 147.576166 147.576166 0.000000 4.171968 5.549377 
84 657.896552 560.370274 612.673721 679.863796 646.791306 623.733711 64.149800 64.149800 -0.000000 4.885890 2.116954 
86 198.191612 744.616414 106.962706 739.088584 159.164337 636.792060 114.919111 114.919111 -0.000000 1.223513 2.042648 
87 765.941275 165.386243 752.926334 336.950661 641.415228 241.674794 145.956100 145.956100 -0.000000 5.733530 0.707047 
90 79.477764 268.848192 82.649959 299.727775 -16.604899 293.521857 98.465624 98.465624 -0.000000 6.031821 0.062444 
92 599.003953 663.302610 584.175804 602.684071 649.840981 621.713370 67.358655 67.358655 -0.000000 2.455918 3.423659 
97 101.271674 62.561294 135.092676 46.191474 178.289516 173.771158 134.148150 134.148150 0.000000 4.106684 4.385917 
103 142.905742 44.208815 271.804343 99.388572 170.179441 158.288006 116.827885 116.827885 0.000000 4.477717 5.757918 
104 70.232903 708.008703 52.920695 619.762903 162.788213 643.511965 113.087655 113.087655 0.000000 2.532987 3.354478 
107 93.618366 733.395208 71.240795 711.786208 139.718264 661.603245 84.088607 84.088607 -0.000000 2.141620 2.509165 
116 798.423219 603.193589 713.093752 587.811310 776.225034 483.090116 121.968744 121.968744 0.000000 1.388033 2.113310 
118 439.673720 426.004713 408.581620 374.490589 479.333138 367.066791 70.113860 70.113860 0.000000 2.163103 3.037047 
121 675.860670 96.452560 768.967103 164.026463 641.672071 239.167759 146.610032 146.610032 -0.000000 4.947516 5.749934 
124 189.861933 299.378636 126.553227 241.702887 214.058553 210.808633 91.968132 91.968132 -0.000000 1.837481 2.802198 
126 13.033529 189.932904 69.181627 236.859189 -34.402072 301.065101 121.121628 121.121628 -0.000000 5.115817 5.728301 
130 527.274585 573.661543 567.305870 616.780007 448.861554 689.397972 138.919099 138.919099 0.000000 5.307864 5.733191 
142 143.158996 275.511552 94.149555 251.761052 171.534488 155.025231 123.465882 123.465882 0.000000 1.802090 2.245514 
145 497.631825 1.480310 517.477066 25.607603 346.356089 142.358289 206.478167 206.478167 0.000000 5.533362 5.684458 
180 275.788340 689.414134 112.327698 745.686284 172.948984 654.662001 108.060328 108.060328 0.000000 0.325879 2.158331 
190 628.681946 142.013318 629.516387 106.909504 909.881640 128.691413 281.753456 281.753456 -0.000000 3.094253 3.219128 
195 575.709099 273.624792 638.090507 231.152078 797.940939 531.818869 340.308634 340.308634 -0.000000 4.001706 4.223741 
204 490.096016 1.079808 512.409192 27.656451 382.182503 115.340391 156.465151 156.465151 -0.000000 5.469227 5.690592 
215 467.314070 66.411401 495.021195 85.974841 423.020097 156.029528 100.085329 100.085329 -0.000000 5.171428 5.511488 
232 433.000037 797.999676 375.535979 763.438615 467.727120 686.512629 119.708885 119.708885 -0.000000 1.872761 2.446214 
321 419.219648 396.131173 420.906729 364.937684 470.265829 381.346474 52.962217 52.962217 -0.000000 2.859673 3.462536 
364 566.281541 308.806602 576.980597 335.004227 537.065397 335.916675 39.577018 39.577018 -0.000000 5.535160 6.260330 
381 114.346972 68.041719 148.236904 54.150184 152.786646 113.146329 58.884282 58.884282 -0.000000 4.006599 4.635422 
401 622.838262 332.491121 641.621030 314.206824 641.808835 332.559862 18.124964 18.124964 -0.000000 3.145216 4.702156 
434 797.949443 491.681534 759.936082 488.861641 799.641390 231.584145 259.697484 259.697484 0.000000 1.577301 1.723917 
438 527.803401 43.214662 542.308438 127.014081 425.876799 103.545365 117.630977 117.630977 -0.000000 5.748740 0.198901 
483 774.029327 171.968133 789.478333 213.974002 687.919106 229.432002 103.302592 103.302592 -0.000000 5.694724 6.132138 
489 664.012861 432.472928 639.718404 426.560082 658.128196 405.551627 27.450096 27.450096 -0.000000 1.355594 2.290364 
491 798.299842 616.321299 720.993530 597.328496 793.767611 467.319280 148.891362 148.891362 0.000000 1.540388 2.081103 
502 717.985877 653.874772 614.453331 685.392351 656.948472 635.437310 63.135918 63.135918 -0.000000 0.293353 2.275678 
509 551.917033 454.945182 580.006255 441.025695 580.512864 479.019403 37.411785 37.411785 -0.000000 3.841353 4.699056 
513 735.011184 569.843912 772.036053 572.496829 740.951059 729.003970 158.677320 158.677320 -0.000000 4.675086 4.908454 
528 599.070729 216.121295 635.802686 196.549069 723.092524 396.664853 218.587868 218.587868 -0.000000 4.110485 4.301073 
556 792.126936 209.219000 769.949589 341.763036 647.471723 256.868682 149.493941 149.493941 0.000000 5.964977 0.606107 
560 746.025410 522.646982 775.019152 524.733917 733.985501 905.516496 382.827888 382.827888 -0.000000 4.743825 4.819736 
621 658.320274 426.515843 634.206294 414.820355 646.992224 420.424515 12.831790 4.973056 0.522358 0.493367 3.554680 
