7 89.614776 414.658682 122.010904 391.054094 145.186550 457.046396 69.687968 69.687968 0.000000 3.793208 4.374657 
8 204.803582 379.038575 246.302453 397.675326 195.619853 458.096515 79.279732 79.279732 0.000000 4.828035 5.410358 
16 329.860845 591.144165 356.134373 618.887065 218.904778 723.719903 172.698234 172.698234 0.000000 5.409244 5.630833 
23 583.016387 324.710123 622.080944 333.753902 570.606174 476.312218 151.794912 151.794912 -0.000000 4.794067 5.058899 
42 408.477465 255.577013 421.937417 238.949340 445.657727 270.650269 38.699637 38.699637 0.000000 3.526754 4.070007 
52 123.089817 389.213863 195.032560 377.004066 185.398844 535.911140 159.540855 159.540855 0.000000 4.310734 4.772940 
71 553.900290 322.211992 582.950478 324.601947 541.269186 616.979672 294.903199 294.903199 -0.000000 4.755214 4.853995 
100 279.834388 646.145710 313.910761 639.539673 318.832522 753.397060 113.167352 113.167352 -0.000000 4.363637 4.669188 
103 570.720832 392.278216 561.659122 359.914211 591.105644 369.320342 31.211131 31.211131 -0.000000 2.296899 3.450779 
105 488.904040 412.327127 510.117618 453.109446 490.083798 444.342287 30.932916 21.127422 -1.486320 4.675556 0.412509 
125 702.991317 257.190807 719.827519 260.536106 705.839290 280.607883 23.535879 23.535879 0.000000 4.591364 5.321038 
143 155.051074 381.347349 189.022938 379.857022 181.175655 478.036332 99.426633 99.426633 0.000000 4.448498 4.792147 
187 605.068352 330.827917 631.642193 341.383228 490.876118 658.078031 346.440307 346.440307 -0.000000 5.048123 5.130647 
202 681.187344 380.646662 684.939124 406.239020 662.738005 394.365989 24.867331 24.867331 0.000000 5.643779 0.491094 
228 322.133667 711.146649 378.097167 722.642925 262.841895 1112.835689 406.527413 406.527413 -0.000000 4.858937 4.999602 
243 784.845003 619.078269 798.437723 651.853192 567.129559 732.637827 245.362277 245.362277 0.000000 5.802410 5.947178 
263 189.945875 379.390102 207.920884 388.074674 189.781247 429.240789 49.631727 49.631727 0.000000 4.715691 5.127436 
292 480.352740 721.825850 478.437860 701.359622 519.952779 711.929136 42.409129 42.409129 0.000000 2.896692 3.390892 
297 562.277606 391.026811 555.836621 410.561398 543.444777 395.163269 18.913637 18.913637 0.000000 6.066978 0.893158 
310 590.516790 600.278042 562.850089 569.438317 606.650601 550.313574 50.063096 50.063096 -0.000000 1.883133 2.729910 
350 533.103359 745.010945 550.732217 712.709573 576.227971 748.619372 43.638666 43.638666 0.000000 3.225073 4.094987 
357 553.588635 711.253665 567.830702 754.208695 502.923978 750.779908 64.268466 64.268466 0.000000 5.620663 0.052777 
387 561.600415 358.840824 613.341421 352.565013 589.084976 365.831813 28.612298 23.448587 -0.127579 3.390671 5.782695 
403 289.443226 716.412498 318.481987 708.829463 389.451314 1079.292362 377.240854 377.240854 0.000000 4.443469 4.523113 
571 572.229881 352.403512 589.879731 344.702500 589.057231 368.345166 22.666815 22.666815 0.000000 3.899969 4.747164 
588 493.317718 323.953015 503.722331 318.508646 499.365759 323.447373 6.638488 6.638488 -0.000000 3.058182 5.435240 
593 399.363200 707.720861 388.901978 688.387834 417.267613 686.786881 27.543424 27.543424 0.000000 2.278348 3.085213 
652 85.129433 241.011442 81.403534 281.038686 -237.318389 237.650839 321.729762 321.729762 0.000000 0.010422 0.135299 
653 532.530396 375.193831 520.688815 375.140511 526.559299 370.677407 7.308360 7.308360 0.000000 0.647572 2.491556 
748 554.748971 764.101773 563.057512 795.182474 430.637842 810.499483 132.990643 132.990643 0.000000 5.925432 6.168027 
963 13.901344 287.123680 9.095091 322.150265 -378.072447 246.971008 394.002265 394.002265 0.000000 0.102081 0.191791 
1080 650.145436 439.650151 632.614854 425.268782 663.993669 405.277722 37.639422 37.639422 -0.000000 1.953790 2.574348 
