4 423.860844 80.754611 694.394120 283.223251 399.303429 397.207277 316.499190 316.499190 -0.000000 4.789836 5.914573 
5 83.492989 465.912139 192.708171 151.685450 400.352912 401.216391 323.860248 323.860248 -0.000000 2.940183 4.018355 
6 672.886815 247.578752 86.587728 470.826134 397.195795 401.927717 317.112358 317.112358 -0.000000 5.772802 2.923309 
7 160.865572 202.902589 263.815284 127.262683 390.041445 399.378653 300.367881 300.367881 -0.000000 3.850319 4.278062 
8 263.633705 126.676809 701.567796 336.122478 401.459592 401.176250 306.618469 306.618469 0.000000 4.247064 6.069720 
9 702.171892 336.830033 665.473130 560.233992 405.857850 402.208948 302.531290 302.531290 -0.000000 6.066024 0.546784 
10 665.301331 560.179211 639.822877 595.758301 456.585080 444.365059 238.467646 238.467646 -0.000000 0.506588 0.690521 
12 640.506504 596.441714 154.679210 210.497041 396.367002 404.108952 309.716248 307.023414 0.671902 0.667257 3.816993 
14 146.367770 214.501674 195.832962 159.815321 372.712679 375.463277 278.035760 278.035760 0.000000 3.759752 4.025437 
15 90.254828 469.961022 82.840294 400.011073 834.923560 352.653521 753.833675 753.833675 -0.000000 2.985347 3.078707 
17 423.724391 87.857542 520.181839 112.566680 415.823123 328.743598 240.023510 240.023510 -0.000000 4.745178 5.162139 
18 83.223669 400.015323 89.942922 339.142712 481.166396 414.211575 398.208001 398.208001 0.000000 3.177252 3.331171 
19 591.857036 631.810258 468.039888 694.167534 398.775733 404.654720 297.727438 297.727438 0.000000 0.866305 1.335966 
20 92.493351 327.848630 102.912724 292.973925 742.374081 503.564775 673.076347 673.076347 -0.000000 3.405661 3.459732 
