2 213.000956 585.850212 80.722348 578.946248 162.679206 187.396891 399.472393 399.472393 -0.000000 1.445169 1.777132 
3 462.086973 278.964722 461.608538 279.901405 612.121107 206.844235 167.046992 166.209806 1.515020 2.693509 2.689702 
6 258.977611 602.977770 217.880597 641.548526 301.526357 690.357226 98.000352 95.655762 -1.563063 4.259242 3.669804 
7 179.097788 72.003052 396.909371 204.928351 285.113191 143.291026 133.017073 129.239377 -1.036306 3.733575 0.503869 
13 362.776239 245.244918 172.708047 80.860667 292.822016 133.396475 141.539754 130.961364 -0.937390 1.011882 3.553905 
21 449.828744 261.041149 441.795162 203.981929 682.525924 195.842058 241.435085 241.435085 -0.000000 2.868409 3.107792 
23 233.193277 331.831587 236.047016 368.996390 147.204339 353.164747 88.169133 88.169133 0.000000 6.040003 0.176348 
25 443.082831 182.017893 457.312943 133.740800 597.146620 202.084629 154.929795 154.929795 -0.000000 3.271113 3.596201 
27 86.141510 582.763129 68.858040 558.041288 91.131032 562.211764 20.743046 20.743046 -0.000000 1.808971 3.326693 
29 575.893249 118.887645 635.883539 156.192464 596.255981 151.786426 48.774698 38.411769 -0.976479 4.158151 0.110731 
31 361.401763 141.958780 355.856655 87.912108 1032.416069 45.187370 677.538684 677.538684 0.000000 2.998364 3.078526 
33 398.003338 205.784648 372.122936 238.878179 298.632979 154.370809 110.622729 110.622729 -0.000000 0.477467 0.855017 
38 362.942060 248.987669 362.615344 277.018828 77.178519 260.850866 285.837079 285.837079 0.000000 6.241695 0.056582 
50 234.013415 293.589763 255.298425 313.845074 230.623815 317.100120 24.181508 24.181508 -0.000000 4.855577 6.152024 
52 621.910372 171.813974 571.464014 160.413189 600.872777 152.933873 29.998397 25.678219 -0.018759 0.731402 2.892550 
53 195.344405 318.341296 225.298811 324.560884 198.100151 395.967574 76.156452 76.156452 0.000000 4.676904 5.076320 
54 657.523433 172.140081 714.136403 217.064085 674.936324 208.710885 50.381897 39.173761 -0.893075 4.268009 0.209951 
56 661.745891 232.243053 650.121658 181.741874 690.177271 195.948467 46.224474 40.909750 -0.667447 2.235302 3.482423 
58 660.274541 228.576497 649.166372 190.018065 662.855170 205.927526 23.906334 14.542539 1.342595 1.684247 4.001877 
59 628.544397 167.657632 567.993847 155.415880 603.894294 140.350595 40.979259 36.525094 -1.056463 0.836491 2.744270 
60 562.425205 277.875004 580.905478 252.032458 563.009716 255.439666 22.662563 19.942325 0.881873 1.596844 6.095045 
64 578.666338 118.450567 635.545094 152.997005 601.852532 144.370516 37.284366 33.514141 -1.100764 3.982604 0.250651 
71 330.196408 216.633980 310.821347 189.997375 329.381844 197.152752 19.074447 19.074447 -0.000000 1.529008 3.509551 
75 312.608554 186.236790 352.399431 213.467524 330.112213 212.766277 33.220241 23.251008 1.449721 4.129168 0.031454 
80 655.191941 178.213613 712.206327 218.068159 684.281330 197.593006 33.958720 33.026631 1.262687 3.729273 0.632675 
84 712.494926 218.628898 677.219222 235.904944 679.893563 197.092859 37.766817 37.766817 -0.000000 0.583782 1.639592 
87 650.128011 271.851270 657.983172 232.209433 648.854678 251.297582 21.270359 20.159556 -0.132963 1.508924 5.158468 
88 278.699894 200.258531 293.904591 229.647252 293.869952 212.506260 19.455032 14.928091 0.879986 3.820806 1.568776 
92 75.559812 349.129991 105.042932 317.311603 104.160313 345.379124 27.627813 27.627813 0.000000 3.011190 4.743825 
97 657.170794 173.778706 635.200648 158.731264 678.706580 125.683133 52.553234 52.553234 -0.000000 1.991795 2.491961 
106 557.018241 149.654755 553.324702 105.837448 555.334037 127.926699 23.693402 21.481233 -0.499085 1.493438 4.621674 
120 77.635237 346.906635 105.873773 319.464724 104.351723 346.969710 26.798230 26.798230 -0.000000 3.143954 4.767670 
123 -0.080742 286.987474 22.010597 286.395384 13.652999 754.504874 468.433950 468.433950 -0.000000 4.683022 4.730241 
131 376.094166 138.998197 376.802536 175.984630 51.935534 160.038240 324.324739 324.324739 0.000000 6.218370 0.049047 
168 359.285411 252.465720 326.068963 269.156630 295.437922 166.685764 106.372850 106.372850 0.000000 0.930942 1.280327 
173 346.799892 207.769364 330.505150 217.661194 331.921647 194.062215 23.203754 23.203754 0.000000 0.744453 1.630748 
184 589.050655 587.029520 584.862832 632.170470 604.742046 615.547181 32.829111 26.297917 0.753750 4.209366 2.445156 
185 582.023642 128.525232 571.502503 148.626246 557.152222 130.226645 24.067414 24.067414 -0.000000 6.214883 0.908418 
190 304.977101 215.985252 275.042279 214.959920 289.274159 214.862413 15.786841 14.544579 0.986485 0.071384 3.134741 
191 218.289383 428.773198 183.654499 452.036508 198.599488 429.166570 23.919022 23.919022 0.000000 6.263210 2.149612 
196 728.762752 223.741799 713.086915 218.728242 742.413604 181.413649 46.934722 46.934722 -0.000000 1.882766 2.236899 
200 426.081868 545.779986 413.646330 523.057615 442.040642 519.626226 29.342488 29.342488 -0.000000 2.118675 3.021328 
216 336.392652 763.521708 318.643397 765.705524 326.409513 762.306539 9.129271 9.129271 -0.000000 0.121126 2.729041 
255 614.024913 705.406700 596.607211 663.916502 617.763225 680.090317 32.514119 24.985107 -0.372467 1.717401 3.794311 
256 464.978250 434.711924 479.715958 485.864351 468.432664 462.351164 27.285462 18.768189 -1.529568 4.588051 1.123381 
270 606.960468 652.079263 643.994342 666.006118 615.813979 683.495313 32.241580 32.241580 0.000000 4.437698 5.727744 
297 642.705627 668.073159 622.748218 707.480261 621.558297 680.797127 25.007332 25.007332 -0.000000 5.741530 1.526231 
301 487.214935 484.944053 471.655165 519.587525 448.280921 485.499164 40.600279 40.600279 -0.000000 6.268929 0.969735 
302 479.439854 487.017116 472.836058 510.907517 445.356569 491.693162 33.998866 33.998866 0.000000 6.146842 0.610206 
313 655.649313 182.334997 670.722695 202.042971 634.382790 217.243581 40.000936 40.000936 -0.000000 5.259550 5.887012 
318 608.022908 592.937744 623.273850 632.991119 615.951163 612.992724 21.518566 10.043389 1.088556 4.335918 1.219795 
345 223.050114 428.652506 219.868008 418.059103 234.942292 417.160150 19.192037 19.192037 -0.000000 2.373291 3.082028 
350 273.049454 214.014463 277.215105 199.770458 299.097480 213.932339 25.504826 25.504826 0.000000 3.138440 3.715984 
356 468.655503 472.140274 465.983096 515.990423 434.964661 491.109600 39.278833 39.278833 -0.000000 5.770385 0.676038 
357 388.717951 522.044239 385.383140 500.783055 448.972181 501.397820 62.751863 62.751863 0.000000 2.811476 3.151260 
358 577.669176 612.348026 590.487902 589.945051 584.535542 601.916500 12.335083 7.096319 -1.006625 2.152937 5.173805 
374 213.000623 624.156531 193.000940 624.236135 202.475297 547.669618 76.633742 76.633742 0.000000 1.434046 1.693911 
382 435.880104 426.203917 454.100443 428.682736 440.533447 451.340969 25.834712 25.834712 0.000000 4.529342 5.251901 
400 420.086373 394.869884 431.419277 414.516375 405.933948 412.694737 24.012223 24.012223 0.000000 5.383443 0.071357 
409 308.650755 148.115087 311.701475 165.155872 231.096297 184.371281 85.311972 85.311972 0.000000 5.845880 6.049164 
411 574.000000 38.000000 541.910856 35.635515 567.628920 -80.265263 118.408436 118.408436 0.000000 1.516977 1.789156 
412 757.964228 41.707478 696.963773 40.589638 739.475635 -723.283477 764.678501 764.678501 0.000000 1.546633 1.626392 
419 355.116957 643.799827 346.070956 621.003061 385.880905 617.160683 41.511977 41.511977 -0.000000 2.427928 3.045373 
440 376.962022 402.980011 395.000185 390.656908 390.794684 402.738349 12.523162 12.523162 0.000000 3.124124 5.047367 
464 471.538861 545.091912 415.223205 544.635650 444.129097 515.845283 39.706346 39.706346 -0.000000 0.817808 2.358197 
483 641.651117 578.956045 671.113765 610.925690 641.246121 615.050358 30.411206 30.411206 -0.000000 4.723609 6.145955 
496 591.253567 253.734578 568.220518 279.497470 578.430293 263.015557 17.118257 17.118257 -0.000000 5.656690 2.125397 
497 78.676841 360.091361 82.080447 334.875878 153.497345 356.893496 74.169923 74.169923 0.000000 3.098878 3.440644 
501 208.850989 695.993863 226.890037 632.477969 315.312056 693.966857 106.575880 106.575880 -0.000000 3.122555 3.749226 
530 452.819776 545.237106 440.921277 548.099164 443.763299 534.953873 13.878211 13.878211 -0.000000 0.848745 1.783720 
531 373.962192 403.989931 392.000000 387.000000 389.875456 401.570097 15.118246 15.118246 0.000000 2.990685 4.857184 
