2 276.277824 439.915009 263.896782 378.011291 426.802363 377.443162 162.346988 162.346988 -0.000000 2.748199 3.138105 
3 269.304658 400.027293 310.859785 278.813426 374.777696 366.896234 108.266768 108.266768 0.000000 2.837234 4.084650 
7 277.794911 541.207174 344.197292 177.492606 414.256681 377.940612 212.374491 212.374491 0.000000 2.267001 4.376147 
26 564.929655 528.055275 485.182442 578.068781 445.926569 427.450913 154.471372 154.471372 -0.000000 0.701813 1.315836 
41 695.051427 168.759457 683.357190 155.965256 696.446257 154.845295 14.595362 14.595362 0.000000 1.670708 3.056236 
51 398.995707 162.950699 501.001345 179.996057 410.858900 398.960728 236.460467 236.460467 -0.000000 4.662166 5.102920 
78 380.686663 591.705151 389.674190 608.016584 373.731855 605.753148 16.829492 16.829492 -0.000000 5.172089 0.141034 
86 574.644638 563.893311 584.946828 553.398336 590.440880 571.726850 18.781572 18.781572 0.000000 3.601964 4.421158 
104 625.682775 704.013121 603.787117 727.481640 605.866906 706.267971 20.721956 20.721956 -0.000000 6.169883 1.668524 
125 568.305592 226.674157 585.130340 247.651777 487.162188 315.726867 120.194791 120.194791 0.000000 5.451349 5.675911 
126 182.533731 752.432044 189.055704 778.147244 155.853378 772.220942 34.165945 34.165945 -0.000000 5.645015 0.176630 
127 255.864841 446.037484 242.064711 370.995188 472.328499 367.368840 229.892724 229.892724 -0.000000 2.793007 3.125845 
143 573.768346 563.318892 556.922066 565.288096 556.172090 531.002309 36.660665 36.660665 -0.000000 1.072189 1.548926 
154 685.620712 342.861450 687.099661 370.836129 399.685880 363.301080 287.268551 287.268551 0.000000 6.211823 0.026211 
166 241.981976 364.059614 246.971474 331.793378 377.874723 370.759673 136.220994 136.220994 0.000000 3.190857 3.430913 
182 547.556660 115.138210 568.060914 133.228978 520.415462 170.856304 61.734055 61.734055 0.000000 5.165677 5.614734 
190 669.565492 413.898560 676.560126 397.732665 781.006998 450.560038 117.853154 117.853154 -0.000000 3.459416 3.609855 
199 587.818529 450.922997 598.030024 445.964455 594.599103 450.834745 6.472608 6.472608 -0.000000 3.128578 5.326101 
225 603.424047 727.636559 590.317317 723.373666 597.433203 724.464445 7.266835 7.266835 -0.000000 0.486963 3.293697 
262 272.523822 372.240276 292.248977 309.166539 365.463669 366.171983 91.503535 91.503535 -0.000000 3.076393 3.803152 
269 673.290455 426.903484 659.666273 448.144537 509.420509 332.313953 189.638587 189.638587 -0.000000 0.523503 0.656769 
288 328.921611 598.144444 347.551903 609.502867 318.892347 638.143679 40.781268 40.781268 0.000000 4.958061 5.498114 
292 326.006302 597.410681 308.911414 589.062353 314.453752 547.207148 51.120519 51.120519 -0.000000 1.344619 1.702447 
307 447.661916 782.696122 470.299291 789.529758 452.912237 800.432436 19.731115 19.731115 -0.000000 4.424587 5.723108 
313 346.744991 181.040643 430.983369 168.706103 421.532241 404.794479 235.693216 235.693216 -0.000000 4.389824 4.752400 
374 484.217063 574.695746 401.996412 586.798141 413.478247 368.056521 218.774059 218.774059 0.000000 1.240971 1.623239 
376 401.929247 586.783479 346.960305 576.141056 418.691959 365.768471 221.896213 221.896213 0.000000 1.646496 1.899408 
414 388.898039 583.462795 352.883614 575.528269 422.083077 358.664864 226.900888 226.900888 0.000000 1.717359 1.879676 
451 374.663593 624.554696 381.220392 613.142235 379.102075 620.010598 7.678351 7.678351 -0.000000 2.344437 5.011549 
504 259.463578 303.827240 270.686279 286.681842 293.528771 313.097820 35.213270 35.213270 -0.000000 3.407300 3.999410 
529 617.884286 503.914251 626.413438 495.482492 623.646134 499.630246 6.591003 6.591003 -0.000000 2.502257 5.300748 
552 330.255690 724.805405 335.352997 736.784668 328.159938 734.307384 8.608975 8.608975 -0.000000 4.929473 0.331677 
