2 583.718992 168.104632 583.496255 38.843730 759.198005 102.144519 187.752487 187.752487 0.000000 2.782045 3.487391 
7 671.457919 95.859305 659.926338 63.024660 795.122481 26.240482 140.131833 140.131833 -0.000000 2.628850 2.875943 
8 940.612736 139.884511 580.129436 32.723199 755.361180 102.056834 189.503356 187.617233 -0.449463 0.201427 3.518359 
14 288.412002 502.026789 293.008170 452.001214 425.536726 491.913002 137.791052 137.791052 0.000000 3.067970 3.434110 
20 253.872118 751.186957 219.098866 374.060521 465.702336 542.305966 298.181588 298.181588 0.000000 2.363204 3.740307 
21 692.333368 116.652610 665.838015 0.322770 792.118108 30.735402 131.938089 131.938089 -0.000000 2.430732 3.377927 
24 339.015177 664.994512 332.692809 628.140990 378.025489 638.041526 46.369684 46.369684 -0.000000 2.536987 3.356614 
27 118.863879 428.504840 120.996464 440.759131 123.025293 434.366736 6.755980 6.755980 -0.000000 4.095043 1.878122 
34 153.269649 398.263238 145.393174 387.687425 147.115384 394.791406 6.872543 6.202850 1.032361 0.513630 4.474549 
35 171.474787 418.816950 171.038734 417.983191 164.803312 418.142838 6.778045 6.386668 0.979708 0.100702 6.257588 
38 175.365271 389.747074 181.335992 379.369679 176.985929 382.850900 6.483786 5.519093 1.493665 1.801616 5.608280 
48 922.045114 64.993114 928.297353 105.954613 608.310939 133.730212 320.724283 320.724283 -0.000000 6.067500 6.196600 
51 614.048566 216.956996 583.553005 168.200805 736.389281 105.493949 165.415713 165.415713 -0.000000 2.402686 2.752249 
52 861.502283 254.967788 592.250832 193.529846 755.801394 95.189652 190.528945 190.528945 -0.000000 0.986346 2.600230 
53 132.881294 423.784820 137.996823 435.992825 137.428387 428.780880 6.797883 5.735789 1.292155 3.974002 1.492140 
59 342.119240 546.014398 357.458050 521.838746 365.115148 544.169349 23.369274 23.369274 -0.000000 3.061530 4.382056 
69 199.972461 363.800269 210.343146 373.910556 200.239437 375.399158 12.588720 9.251973 -1.191172 4.689376 6.136905 
71 359.004924 263.016987 601.453627 277.943604 463.160818 549.418975 304.545246 304.545246 -0.000000 4.363588 5.183538 
72 156.631489 426.424855 153.353696 419.862794 149.417079 424.118914 6.876381 6.044277 1.010442 0.309367 5.458809 
74 192.925320 364.795816 207.572302 382.759179 198.628411 373.737970 15.862458 10.418742 -0.489259 4.144655 0.789702 
77 287.186386 303.267926 349.416691 266.770961 499.923453 591.898584 358.431886 358.431886 -0.000000 4.077223 4.278846 
78 120.868470 397.691823 126.052207 410.156967 125.692556 403.064116 6.886561 5.771579 1.286114 3.980704 1.520133 
82 580.457346 32.729776 590.226068 13.112574 731.641351 98.160222 164.627193 164.627193 -0.000000 3.550040 3.683044 
84 894.706788 222.813234 617.723019 221.276424 756.341580 95.072943 187.554393 187.554393 0.000000 0.745492 2.403041 
85 244.702443 384.781142 730.633861 539.928513 461.776944 541.373340 268.022406 268.022406 -0.000000 3.766521 6.277811 
87 542.383109 792.430642 201.030724 574.086434 459.952628 543.248124 261.516505 261.516505 0.000000 1.251324 3.023048 
101 670.495416 730.466078 459.013854 823.147462 464.093918 545.515998 276.361843 276.361843 0.000000 0.730639 1.589092 
105 455.057932 822.332949 377.838239 809.691633 464.673252 531.427547 290.923900 290.923900 0.000000 1.603837 1.873280 
106 691.260514 375.199752 742.913353 571.993240 467.416977 540.454845 277.505439 277.505439 -0.000000 5.647239 0.113982 
108 909.824066 -0.414063 895.204053 103.259749 788.608491 37.336910 127.106032 127.106032 -0.000000 5.981269 0.553867 
109 630.570192 494.429700 614.072315 477.927703 654.918793 455.233623 45.510650 45.510650 -0.000000 2.126658 2.634464 
111 188.602113 886.544993 187.787024 882.509813 183.707374 883.724878 4.976857 4.976857 -0.000000 0.522700 5.993715 
113 678.912672 699.794007 352.737646 787.762511 460.833657 538.862847 271.129792 271.129792 -0.000000 0.635744 1.980514 
116 368.098401 806.785554 185.111265 592.514631 457.844057 544.932831 275.619282 275.619282 0.000000 1.900983 2.968868 
117 905.426512 -0.537448 911.031974 57.014799 781.447330 43.070958 130.767662 130.767662 -0.000000 5.944961 0.107192 
118 226.815954 362.939547 286.711412 303.490399 460.281730 536.526636 290.150144 290.150144 -0.000000 3.780935 4.072211 
119 250.375564 707.728707 193.803310 561.935731 465.938076 539.117236 273.700200 273.700200 0.000000 2.477804 3.057938 
122 728.691281 633.295932 714.583903 666.249965 461.637801 536.149235 283.959874 283.959874 -0.000000 0.348891 0.475055 
123 714.299559 666.167250 670.092595 730.080521 467.137026 540.870705 277.127398 277.127398 0.000000 0.469184 0.750362 
124 192.087530 547.205792 244.228900 384.523473 472.579586 546.770407 279.840982 279.840982 -0.000000 3.140040 3.759342 
125 172.135700 870.890623 173.403868 870.285652 173.609586 865.182898 5.088037 4.771170 1.480510 1.823502 1.611090 
131 145.101151 872.102084 143.634034 873.813585 147.642130 876.302885 5.077173 4.833154 -1.532655 4.168389 3.697360 
134 443.050054 277.920859 555.753398 295.684367 459.731786 547.737262 269.500634 269.500634 -0.000000 4.650641 5.076373 
137 179.985733 545.944300 691.280025 374.902713 463.215852 541.526782 282.215646 282.215646 -0.000000 3.125997 5.652215 
140 337.694207 780.485613 261.710373 721.287478 458.611266 546.899645 262.571488 262.571488 0.000000 2.048468 2.416755 
147 237.605732 563.287704 239.991979 562.029932 239.907753 553.782954 8.481196 6.676632 1.550978 1.808418 1.560584 
148 222.685054 433.365800 439.151307 278.856544 459.028498 535.610816 256.494798 256.494798 -0.000000 3.549893 4.635126 
180 430.151574 835.883806 374.203970 824.194613 456.544645 576.008983 260.993993 260.993993 -0.000000 1.672010 1.891140 
182 300.851520 118.233649 278.090358 99.896371 344.850731 41.626988 88.182125 88.182125 -0.000000 2.092144 2.424002 
195 611.933803 284.098965 758.883321 512.020172 467.800340 538.162278 291.339604 291.339604 -0.000000 5.228427 6.193616 
202 157.948693 899.924233 153.521082 891.008876 154.049928 896.407961 5.201822 5.140267 -0.502924 0.733860 4.614749 
205 310.793677 795.525262 293.314439 784.563309 410.652603 623.421701 199.245073 199.245073 0.000000 2.096549 2.200178 
218 348.541152 548.979019 355.512748 531.323477 364.317171 544.701812 16.009287 16.009287 0.000000 2.876836 4.130333 
221 646.186355 774.272934 621.666805 791.694756 496.419798 593.497346 234.368139 234.368139 -0.000000 0.878937 1.007229 
225 928.383697 32.822820 935.782221 51.735711 798.365774 92.514492 143.203243 143.203243 -0.000000 5.852787 5.994710 
232 68.135090 500.214842 72.388729 526.967435 2.516370 524.604112 69.654821 69.654821 0.000000 5.927327 0.033811 
234 939.370468 139.206222 906.888001 169.813056 893.761206 121.466433 48.724236 48.724236 -0.000000 0.370946 1.305674 
238 923.732129 42.760888 930.897863 106.978710 857.911148 85.877666 76.392680 76.392680 -0.000000 5.703260 0.281434 
243 936.714452 51.720723 943.468598 119.998431 742.599685 108.432312 201.184744 201.184744 -0.000000 5.998941 0.057517 
255 220.042485 89.931723 195.390033 70.583942 282.337815 -17.041609 123.799672 123.799672 0.000000 2.098133 2.352312 
264 198.961489 527.994306 222.105875 433.692383 484.504546 549.816628 286.123914 286.123914 -0.000000 3.217868 3.558233 
268 191.004530 409.998636 196.405994 398.795954 196.971941 405.996611 6.998795 6.998795 -0.000000 2.550840 4.633954 
269 641.427694 494.369440 633.699314 478.539216 650.156857 486.518312 23.001570 9.820822 0.170370 2.409102 3.593030 
274 881.615158 170.005785 850.030394 157.920564 904.046666 72.120143 100.090508 100.090508 -0.000000 1.796067 2.132666 
279 698.276434 659.612808 585.007197 774.014802 480.742270 557.636508 240.136351 240.136351 0.000000 0.438364 1.121762 
282 261.985430 71.885213 244.414177 54.062197 255.919222 56.883353 16.691547 11.352447 -1.515509 1.186534 3.382058 
285 133.007180 48.942623 152.058611 57.922906 124.953385 87.937528 41.649031 41.649031 -0.000000 4.916060 5.446896 
297 942.304729 121.100302 936.075652 140.024901 916.105995 121.816078 25.401787 25.401787 0.000000 6.255871 0.739310 
298 718.599396 620.234891 689.394763 684.215490 452.677569 534.490179 279.323109 279.323109 -0.000000 0.311918 0.563979 
307 347.876377 262.617470 713.837618 370.126337 464.686061 542.945225 303.109159 303.109159 -0.000000 4.317578 5.676748 
317 39.250539 507.587555 63.011574 498.647605 55.116657 517.681582 20.182725 20.182725 -0.000000 3.708206 5.105572 
333 402.099806 661.378567 381.786259 650.864856 392.156639 655.583799 12.009384 7.360211 0.198222 0.527668 3.568630 
336 789.325736 726.809489 775.695752 702.637406 1039.243639 558.335596 301.015270 301.015270 -0.000000 2.548450 2.640644 
362 106.821763 4.613520 126.872581 10.438595 72.314864 157.242004 156.592408 156.592408 0.000000 4.934735 5.068209 
371 867.497976 800.374802 841.630780 763.561995 1278.228567 475.412188 523.434560 523.434560 -0.000000 2.472252 2.558227 
374 785.272514 700.814677 806.817704 733.114716 637.439499 822.537809 191.122798 191.122798 0.000000 5.594348 5.797429 
377 159.054139 392.651908 158.138651 384.112889 157.958780 388.164158 6.625145 4.355779 0.005501 1.331399 4.756759 
390 886.451638 116.409796 830.026139 153.061197 792.259251 31.509801 126.987985 126.987985 0.000000 0.733559 1.269546 
392 242.837142 547.858050 242.167921 559.499086 233.770234 553.599010 10.360843 10.360843 -0.000000 5.718727 0.612458 
397 881.121832 135.163402 848.408663 156.738103 782.879001 22.173641 149.470872 149.470872 -0.000000 0.855099 1.117622 
406 346.771235 498.132336 338.406931 475.510183 352.614073 483.002325 16.272103 16.272103 -0.000000 1.939328 3.626880 
414 233.994946 112.260689 255.150166 115.622190 227.536814 392.869475 280.702345 280.702345 -0.000000 4.735400 4.811660 
423 920.999886 66.345078 910.683996 96.236059 749.526411 20.996756 177.107230 177.107230 0.000000 0.258544 0.436792 
433 743.624723 655.328430 598.637564 812.434435 473.257972 550.265677 288.801134 288.801134 0.000000 0.370635 1.124708 
479 634.831540 294.203696 763.470695 594.035386 648.568476 462.486288 185.935457 98.686305 1.158433 4.630939 0.852842 
486 461.929387 844.063415 391.916032 835.454200 468.448091 496.671391 347.186669 347.186669 0.000000 1.589559 1.792970 
494 919.010754 145.992520 919.230722 161.102886 912.549586 153.685032 10.166202 10.166202 -0.000000 5.411007 0.837604 
524 49.207591 15.552470 29.725903 7.513164 59.502398 -58.330369 72.752299 72.752299 0.000000 1.709245 1.995504 
533 801.751226 154.800654 761.874037 151.833211 799.587323 -11.164925 166.792287 166.792287 0.000000 1.557759 1.798168 
540 120.460140 440.508868 118.791018 428.388793 122.018148 434.363692 6.380574 5.331735 1.364608 1.819098 4.217167 
552 565.835926 259.409711 635.902891 295.537919 469.895279 524.942988 282.439352 282.439352 -0.000000 5.059107 5.338808 
557 931.709843 107.123129 942.289587 118.855411 916.428848 132.254895 29.382737 29.382737 0.000000 5.258696 5.805131 
563 305.963080 11.999715 291.007752 18.388674 298.053246 13.664301 8.486591 5.193129 -0.055794 6.075767 2.550905 
580 503.037295 839.968906 370.005765 826.979598 464.839935 529.112053 312.490932 312.490932 0.000000 1.448532 1.879026 
582 590.210552 434.360531 565.490980 380.232463 1112.449424 157.607152 590.206798 590.206798 0.000000 2.654284 2.755046 
613 677.163035 685.105372 657.137826 716.089079 500.125820 594.667807 198.050083 198.050083 0.000000 0.472281 0.658263 
660 675.196404 80.935206 665.431830 23.982383 776.000313 34.878134 110.408081 110.408081 0.000000 2.713017 3.239819 
667 303.836784 558.913111 304.815607 552.100748 298.342912 553.744200 8.353731 6.292448 1.565635 0.754931 6.034534 
679 757.108032 150.663758 713.146058 127.811259 777.719486 57.832061 94.872237 94.872237 0.000000 1.789282 2.316040 
688 272.054861 547.266427 276.957809 558.128417 271.793759 555.602787 8.733367 5.580769 -1.258847 4.743700 0.454873 
695 270.801215 546.332251 270.899765 561.313847 273.946411 553.727592 8.375755 6.408808 -1.520207 4.310269 1.952682 
698 821.112225 162.156108 769.043767 161.749297 794.578719 32.958807 131.446419 131.446419 0.000000 1.368241 1.766525 
749 588.665566 413.617390 604.057406 440.392135 403.562609 539.882827 223.567286 223.567286 -0.000000 5.684549 5.822562 
757 805.042165 259.190466 739.998022 265.858969 754.489354 79.651263 186.323111 186.323111 0.000000 1.296333 1.648463 
783 926.271796 104.383935 910.293547 97.334635 985.928315 -49.757057 165.291590 165.291590 -0.000000 1.940068 2.045740 
794 864.811492 226.752042 805.028586 259.078481 763.204709 110.034145 154.511927 154.511927 0.000000 0.854502 1.297219 
821 424.855880 61.950030 406.177902 92.188826 360.801495 42.348023 67.216147 67.216147 0.000000 0.296972 0.832250 
831 165.461838 887.169013 167.001632 894.319001 170.052490 889.515096 5.215770 5.215770 -0.000000 3.614046 2.136611 
833 707.749169 259.654147 678.789281 248.549538 747.636035 116.042585 148.666093 148.666093 0.000000 1.841709 2.049978 
837 712.709257 135.339585 681.404214 104.676946 752.444439 63.865166 81.115765 81.115765 0.000000 2.078185 2.620143 
