1 652.539614 164.854026 635.466533 268.285358 507.045397 195.624273 152.920914 121.256690 0.115734 6.074769 0.514895 
3 646.009859 156.660080 584.203154 302.844274 497.531585 203.459266 158.526737 118.683679 -0.047551 5.977850 0.853623 
4 614.561312 505.561712 252.629696 696.604633 387.103151 555.339693 235.426691 168.652584 -0.045349 6.067737 2.331569 
6 300.820228 383.108957 525.114115 408.780390 379.744701 694.302493 321.203153 321.203153 -0.000000 4.464007 5.183318 
7 617.328953 286.941887 384.814189 339.864962 439.580920 38.397159 305.676767 305.676767 0.000000 0.949971 1.750503 
8 600.248935 474.874197 615.580589 505.211956 437.110154 573.661579 190.386935 190.386935 0.000000 5.738701 5.916953 
9 250.378300 267.428796 250.419107 130.273466 323.143464 200.098745 98.942162 98.942162 -0.000000 2.394971 3.906656 
10 362.942799 377.822403 586.786032 622.417658 385.824468 543.017222 225.856218 164.504811 0.015453 4.574752 0.376277 
16 144.777327 605.344776 232.726268 410.581526 324.340652 544.770037 190.032864 156.889715 -0.167916 2.816236 4.113349 
18 149.049565 565.998848 177.947271 466.967664 282.619016 552.254366 134.281898 134.281898 0.000000 3.039052 3.825294 
20 453.802635 59.069504 622.093010 128.281917 458.820873 298.316072 235.295382 235.295382 -0.000000 4.691417 5.477502 
23 179.086496 632.248355 149.010528 564.997996 276.613068 546.712257 129.063833 129.063833 -0.000000 2.421600 2.999259 
26 159.567320 585.043744 187.256726 480.549554 282.326423 562.981665 124.657162 124.657162 -0.000000 2.963772 3.855914 
33 181.051223 627.965063 170.746074 514.650710 285.177009 563.302089 123.475982 123.475982 -0.000000 2.585869 3.543598 
39 618.683876 131.977846 634.717739 244.892538 555.691110 199.305173 90.853332 90.853332 0.000000 5.464539 0.523232 
44 233.317867 193.187863 252.892404 140.933037 343.261369 204.762222 110.656963 110.656963 -0.000000 3.246482 3.756546 
54 234.452690 423.178140 309.688316 391.593405 367.128783 634.755832 249.982741 249.982741 -0.000000 4.152295 4.480419 
66 242.759638 186.907413 286.214893 126.124322 356.502192 222.005936 118.664647 118.664647 -0.000000 3.440901 4.079816 
67 634.171395 245.115555 607.994931 277.995191 514.630565 177.458455 137.136323 137.136323 -0.000000 0.515025 0.822371 
83 320.625888 319.481794 279.934145 300.106536 361.119985 182.943911 142.669895 142.669895 0.000000 1.859110 2.176764 
95 140.899222 537.082939 143.586652 516.911635 250.737636 539.441446 109.620839 109.620839 -0.000000 3.163062 3.348836 
