9 774.377121 767.152256 731.323592 803.332993 750.010109 783.329885 37.615203 27.782749 1.079669 5.697090 2.322178 
16 888.020072 15.003846 442.758042 -0.096431 665.272759 3.769704 221.079800 204.737300 0.076837 0.050392 3.158966 
25 717.058873 195.334469 534.701151 158.512745 668.722303 -29.679221 230.367379 230.367379 -0.000000 1.359196 2.189631 
27 662.208976 525.906125 662.635813 525.496834 653.625690 530.108777 9.696246 9.419416 0.349449 5.827866 5.810093 
28 878.519487 -0.043212 723.381761 194.094744 681.710508 1.305779 195.737625 195.737625 -0.000000 6.276331 1.357922 
30 675.273944 579.972532 675.205914 579.391580 676.347199 589.656024 9.997118 9.426131 0.385911 4.602006 4.601656 
32 867.871435 15.177650 724.968032 184.915293 726.417170 38.022785 157.760679 128.201584 -0.914485 6.123066 1.580661 
34 667.944185 167.580762 491.521999 15.096776 648.167701 25.553161 156.815406 138.324431 0.366872 1.432442 3.208246 
35 706.145907 189.315914 461.092738 -0.008740 655.848802 13.572556 194.594701 177.395143 0.277197 1.292051 3.211215 
37 871.286670 -0.045195 722.190610 188.562254 634.529552 -26.481306 244.507286 213.120734 0.547890 0.111199 1.183718 
38 672.056611 170.135274 489.218568 8.870791 661.606434 11.137521 171.890032 158.474118 0.066452 1.505165 3.154741 
39 833.284992 14.050035 705.056321 162.207671 723.172847 46.374176 126.162422 95.061535 -0.885154 5.997650 1.725941 
40 710.088009 191.697757 458.210695 15.160330 663.907659 8.354604 204.771903 187.197265 0.095896 1.324050 3.108519 
46 385.579066 378.651954 389.939384 365.938945 385.712715 371.999399 6.613802 6.613802 -0.000000 1.590884 5.321380 
51 328.862960 -0.092189 50.596836 151.580296 160.933129 28.652679 170.034128 160.904771 -0.048069 6.113656 2.302268 
54 798.989238 108.732506 706.919143 164.639803 649.616209 -53.846055 226.135281 226.135281 -0.000000 0.827705 1.314300 
55 304.272065 536.140102 310.209231 525.311792 308.783486 532.026537 7.316827 5.413954 1.411133 2.402290 4.921612 
58 535.005421 157.993291 452.276218 13.322748 516.533440 74.777770 100.013107 42.599842 1.040311 1.352361 3.904704 
65 161.566159 459.167850 725.519593 644.183713 455.072658 517.674462 298.088072 298.088072 -0.000000 3.338350 0.437540 
71 294.897773 79.419936 79.066099 138.709075 162.713054 19.280581 145.567071 145.567071 0.000000 0.426975 2.181786 
74 301.000564 29.000029 91.419774 143.306718 162.158451 33.850010 138.062399 127.631454 0.022403 6.248268 2.144546 
77 373.904032 535.900728 371.087232 523.160335 369.415863 531.169399 7.244700 5.591128 -1.448721 0.811767 4.918121 
81 547.233780 442.182706 533.304483 473.179258 520.948778 448.594958 28.340724 28.340724 0.000000 6.043908 1.105083 
87 508.061269 839.571893 362.929369 832.337000 452.836788 488.921380 354.860622 354.860622 0.000000 1.414588 1.826853 
93 283.881212 798.544142 235.775622 763.689877 433.751683 543.846683 294.703416 294.703416 0.000000 2.102662 2.303906 
95 201.730378 677.144501 157.840802 552.032207 448.907431 519.964514 292.195865 292.195865 -0.000000 2.575193 3.031862 
97 575.077651 249.744355 749.111635 502.096650 461.505616 514.096589 287.014141 287.014141 -0.000000 5.118170 6.241486 
100 563.492428 369.793354 548.484327 335.818449 711.021801 279.564819 172.078256 172.078256 -0.000000 2.592689 2.808400 
102 290.963967 525.029161 288.356497 540.436074 289.756689 531.682722 6.587722 4.044022 -1.543678 4.891884 1.729413 
105 416.008230 379.020484 389.114923 366.458960 408.137021 361.127955 19.703948 19.703948 -0.000000 1.156360 2.868349 
108 393.951955 826.206085 183.850518 358.506033 451.208370 519.362827 311.987961 311.987961 -0.000000 1.755273 3.683227 
114 753.164094 419.955711 768.703364 515.015685 444.993589 520.617739 323.802519 323.802519 -0.000000 5.967467 6.265881 
118 198.994515 538.329951 199.595941 530.081289 194.998723 531.509932 6.831747 5.049246 -1.568257 1.040815 5.981884 
119 205.171195 671.511887 161.928657 548.012676 466.328129 511.374225 306.463570 306.463570 -0.000000 2.591534 3.021806 
121 362.945043 832.157528 327.119019 819.658847 432.752273 574.236137 266.795261 266.795261 -0.000000 1.835117 1.977243 
123 304.493605 469.524842 299.832829 445.587719 324.007386 453.169274 25.906219 25.906219 -0.000000 2.444016 3.445495 
127 584.869883 223.251532 623.009727 242.981196 455.326570 508.157646 312.856044 312.856044 -0.000000 5.139134 5.276253 
131 60.439596 29.637032 -0.636189 0.831094 95.146770 -132.834798 165.514078 165.514078 -0.000000 1.781253 2.192567 
132 231.444193 297.476048 698.034332 320.033779 454.326918 521.807093 316.032118 316.032118 0.000000 3.930229 5.591643 
142 316.162379 814.690319 283.660214 797.648022 470.591166 490.859922 358.746004 358.746004 0.000000 2.015779 2.118038 
143 637.988267 745.472103 205.316782 671.791076 454.017361 514.729959 294.551665 294.551665 -0.000000 0.897703 2.578314 
151 769.470143 515.889031 761.953907 583.992477 382.267201 504.730390 387.420737 387.420737 0.000000 0.028811 0.205801 
159 689.015549 700.884117 202.155123 676.894973 454.066861 549.867168 286.161349 263.829448 -0.010961 0.571273 2.674547 
163 335.761306 -0.204675 39.588353 153.100537 162.097104 30.238517 176.575378 166.255625 -0.149644 6.109649 2.354755 
170 894.073433 -0.117075 843.442591 137.717639 696.371045 5.835694 196.732954 196.732954 0.000000 6.253085 0.731000 
176 375.261383 494.280901 354.308147 512.583169 336.079044 472.314210 44.274167 44.274167 -0.000000 0.510966 1.145713 
178 344.109768 7.957939 23.046053 144.807516 164.678800 35.459980 180.526228 166.274775 -0.250005 6.131095 2.484128 
180 494.528492 365.934429 494.403482 404.139767 403.914893 383.823109 92.376494 92.376494 -0.000000 6.088274 0.220859 
187 729.696126 126.885986 683.860938 104.208336 743.823404 42.579134 84.786665 84.786665 0.000000 1.736824 2.342488 
188 750.368167 623.144136 732.970937 662.986031 570.749780 569.308132 187.014137 187.014137 -0.000000 0.291204 0.523689 
195 166.155527 -1.260324 60.958616 29.064302 78.316669 -104.677541 135.044101 135.044101 -0.000000 0.866672 1.699863 
207 661.937691 269.053889 738.836932 675.923886 450.303894 520.036304 327.925413 327.925413 -0.000000 5.412935 0.495347 
208 5.068515 84.201696 -0.784717 57.169916 418.534439 -33.192029 429.397305 429.397305 -0.000000 2.864947 2.929342 
220 266.854937 535.785169 256.612586 526.998828 262.324777 530.492125 8.454168 6.030152 -1.434228 0.862904 3.690462 
242 617.524323 362.851085 625.693184 415.972672 578.630991 398.935382 52.205559 52.205559 -0.000000 5.535235 0.347340 
243 476.596740 344.946338 441.510257 322.471808 506.605035 263.315683 87.643147 87.643147 -0.000000 1.923073 2.403954 
254 189.392466 349.288764 230.939588 297.945141 414.132299 489.782397 264.640569 264.640569 -0.000000 3.700292 3.950037 
265 727.084698 9.804996 778.743893 45.273936 751.050252 29.234706 28.835762 7.494499 0.585961 3.822845 0.524960 
266 299.379774 -0.272429 296.072092 76.022371 190.135131 32.860562 113.970579 113.970579 0.000000 5.988711 0.386894 
270 255.219558 -0.272170 259.283269 17.936783 211.500958 20.134978 47.467438 47.467438 -0.000000 5.846462 6.237213 
291 720.850850 638.088573 715.898298 611.909895 836.976014 614.031295 119.594397 119.594397 -0.000000 2.937316 3.159112 
300 777.943837 42.579346 792.233161 87.078581 721.054210 89.543017 72.638173 72.638173 -0.000000 5.593074 6.248576 
309 792.573337 87.934820 748.950563 128.155391 742.274538 68.555573 64.182000 45.202215 1.087254 0.367755 1.459247 
313 572.859161 221.286928 692.045522 302.950907 461.798289 510.222079 308.816183 308.816183 -0.000000 5.079358 5.550253 
330 201.059673 -0.823885 92.213898 56.483256 91.693922 -77.606980 133.017266 133.017266 0.000000 0.612118 1.566919 
339 501.613852 651.553404 506.638235 632.417911 514.860958 644.462484 14.925514 14.925514 -0.000000 2.650120 4.113374 
340 526.094053 840.653102 413.964803 847.196946 448.565102 487.694421 360.757424 360.757424 0.000000 1.354576 1.666746 
341 351.398558 -0.052016 208.156661 207.470359 181.017293 42.643397 177.617338 163.747362 -0.612032 6.037654 1.407607 
342 767.545652 195.227280 543.220618 183.589275 665.524601 -29.752114 246.280662 246.280662 0.000000 1.145062 2.091336 
343 549.213047 409.866628 565.052551 442.648372 448.251144 480.477632 123.123304 123.123304 0.000000 5.672874 5.969970 
363 727.034351 52.085144 774.992888 48.966785 784.486614 602.501722 552.533606 552.533606 -0.000000 4.608386 4.695240 
367 699.956230 726.994916 580.011496 815.023102 458.443380 523.744980 315.195057 315.195057 0.000000 0.699580 1.175414 
373 566.341186 820.087596 414.987292 839.372079 450.640786 500.497866 339.782664 339.782664 0.000000 1.223447 1.675622 
380 206.766279 -0.197528 96.031214 59.351180 98.695831 -65.022136 124.196781 124.196781 0.000000 0.540299 1.592217 
387 691.717870 303.238726 760.156498 421.940800 466.952468 511.439519 306.058343 306.058343 -0.000000 5.536027 5.986925 
390 536.082759 827.517019 399.895381 832.741686 451.522215 463.445997 373.076237 373.076237 0.000000 1.342579 1.709694 
391 83.962379 26.237354 41.961843 0.033214 93.076346 -32.588570 60.230544 60.230544 -0.000000 1.724505 2.573550 
394 769.945702 433.012614 778.436701 570.030281 425.325909 521.757895 356.026706 356.026706 0.000000 6.031145 0.135864 
396 123.076771 62.180220 88.029918 64.459935 96.525487 -66.352652 130.357616 130.357616 0.000000 1.367090 1.635650 
400 208.013656 8.013107 123.495910 62.449991 96.081552 -70.586353 135.395591 135.395591 0.000000 0.612205 1.367574 
403 46.017075 95.426321 71.814688 73.979980 205.035338 261.459877 229.416536 229.416536 -0.000000 3.948570 4.094593 
421 229.661056 -0.164084 105.971107 82.675526 110.654668 -44.740032 126.924404 126.924404 0.000000 0.358392 1.607538 
428 456.450319 728.414419 427.082809 746.459000 425.092720 709.175230 37.347628 37.347628 0.000000 0.550317 1.517470 
431 240.292066 58.143823 176.101920 118.304240 156.875873 33.457578 86.431554 86.431554 0.000000 0.287729 1.347962 
434 739.029503 113.651327 716.238335 108.422502 746.950098 8.657308 105.382102 105.382102 0.000000 1.646092 1.869431 
435 192.173227 339.341930 319.329316 231.656157 449.050405 512.736324 309.341580 309.341580 0.000000 3.735348 4.280005 
439 638.793443 779.668031 607.202056 799.324735 468.103203 540.385075 293.576409 293.576409 0.000000 0.951173 1.077844 
440 575.935182 813.807676 542.074025 825.219643 456.686151 520.849371 315.891096 315.891096 0.000000 1.184226 1.297287 
441 71.985415 74.288778 91.812822 82.115926 77.165170 88.987517 14.976688 14.976688 -0.000000 4.373583 5.844541 
446 415.028548 838.859018 225.723843 747.303911 452.071691 518.851882 321.561202 321.561202 0.000000 1.686041 2.351568 
452 137.142864 480.027655 153.806870 411.941823 606.954957 559.674286 476.593568 476.593568 -0.000000 3.309525 3.456741 
460 396.132291 832.443200 168.837069 664.093972 452.012846 519.008229 317.917227 317.917227 0.000000 1.747227 2.668112 
475 720.576112 515.115168 724.458281 541.998806 666.261912 534.927034 58.098924 58.098924 -0.000000 5.933419 0.120923 
478 413.952134 846.379402 305.841077 815.391990 451.896104 515.037026 333.540089 333.540089 0.000000 1.684816 2.023404 
481 153.068435 534.651742 154.039105 522.886844 150.943639 528.626952 6.810036 6.230780 -0.862650 1.231740 5.206957 
502 139.731303 576.164596 135.332307 494.991266 424.596649 519.701678 289.959754 289.959754 -0.000000 2.945920 3.226811 
503 325.567345 295.174989 379.986486 280.834987 372.408767 362.904397 81.718794 81.718794 -0.000000 4.107325 4.804461 
519 165.597038 658.542105 148.595635 614.542647 670.925032 437.349341 551.213665 551.213665 -0.000000 2.728997 2.814539 
526 182.413937 0.186974 77.879460 40.567682 84.596414 -90.611343 131.547230 131.547230 0.000000 0.748201 1.621956 
534 512.022682 207.891572 577.502699 227.286004 440.576799 558.758651 358.468869 358.468869 -0.000000 4.913269 5.104123 
539 69.013157 39.891099 1.783226 17.333677 80.224640 -105.954000 146.425696 146.425696 -0.000000 1.647518 2.137443 
552 375.253628 464.521173 370.573475 477.306395 368.027245 468.179598 8.763896 8.763896 -0.000000 5.814543 1.298730 
566 152.410039 119.384668 186.360530 118.515013 172.830547 609.674770 488.796858 488.796858 -0.000000 4.670763 4.739929 
569 50.025386 135.867879 35.095795 127.489603 45.342944 125.207177 10.703088 10.703088 -0.000000 1.156939 2.922433 
575 448.269288 426.299962 432.041959 414.960944 456.264866 398.504449 29.204665 29.204665 -0.000000 1.850891 2.544842 
584 298.134956 810.759191 234.856139 768.194376 446.198462 527.854104 319.306841 319.306841 0.000000 2.052963 2.292083 
592 698.937702 72.155866 708.466817 82.007219 701.325550 79.164619 7.916798 7.916798 -0.000000 4.384027 0.378826 
596 382.784628 209.630770 425.974402 202.837261 462.299306 583.140330 381.541831 381.541831 0.000000 4.502635 4.617162 
601 177.989526 212.467619 107.798140 206.015568 159.286549 12.227965 200.298564 200.298564 0.000000 1.477664 1.830491 
623 606.975835 61.021552 623.026502 80.980581 539.450872 129.787313 96.383073 96.383073 -0.000000 5.488683 5.754626 
629 697.503170 718.249815 690.886661 703.482071 1362.157865 430.815534 724.675290 724.675290 0.000000 2.733423 2.755758 
642 58.221222 61.031995 33.594753 93.001808 -12.705078 32.675028 74.987614 74.987614 0.000000 0.380342 0.916199 
643 736.014084 118.317083 690.944157 102.084781 729.552481 74.448617 44.776697 44.776697 -0.000000 1.424553 2.520336 
644 318.686480 126.565860 279.510024 167.429158 169.741552 23.877497 180.557678 180.557678 -0.000000 0.603602 0.917978 
647 511.715429 67.095429 500.992984 10.000462 622.019271 17.364704 120.642184 120.642184 -0.000000 2.718030 3.202366 
656 165.007081 154.950395 102.221066 138.845326 157.197134 47.050187 106.410697 106.410697 0.000000 1.498541 2.110406 
709 731.675555 446.852687 735.162598 474.993723 639.824793 471.854505 95.191290 95.191290 -0.000000 6.017424 0.032915 
