1 402.234433 557.155005 154.120505 577.273224 284.298120 639.980587 144.189234 144.189234 -0.000000 5.670924 3.590498 
2 27.380418 511.813076 280.063755 494.399769 149.057485 431.816450 144.801493 144.801493 -0.000000 2.559998 0.445659 
3 344.876767 303.908040 436.057767 269.051139 342.057368 157.412434 145.779070 145.779070 -0.000000 1.551553 0.870962 
4 740.774500 187.105726 585.618561 432.925477 646.269811 299.033101 147.928295 146.942091 0.737255 5.413588 1.996130 
11 98.259907 429.149167 138.117274 409.562031 118.692777 420.332011 20.987225 6.489361 -0.517687 2.734214 5.776929 
14 281.037882 494.655683 319.235638 498.858252 276.562486 707.583091 212.389548 212.389548 -0.000000 4.733404 4.914057 
16 434.107270 413.991208 434.313761 439.997509 39.418239 436.792742 395.095538 395.095538 0.000000 6.225479 0.008115 
17 153.954587 577.174220 27.819675 511.942485 148.028575 434.284849 142.693924 142.693924 -0.000000 1.529347 2.568019 
18 179.590901 405.944555 167.365825 423.510997 171.320811 412.636445 12.459478 9.394233 1.426974 5.602879 1.919616 
20 179.831133 394.045725 165.939986 427.259924 165.162210 399.947049 31.040478 15.955274 1.169302 5.900697 1.542327 
23 353.859872 145.397959 377.459093 140.131129 362.679670 134.031366 16.568687 14.246272 -0.337126 2.230694 0.391423 
24 300.703006 161.203506 325.358060 152.443375 312.004181 145.834101 17.099049 14.510270 -0.321408 2.204825 0.459586 
25 563.936487 492.392661 481.507074 733.477846 587.189527 634.248839 145.607060 143.718417 -0.311325 4.549914 2.387678 
26 156.618523 426.165949 153.937705 463.170551 43.151310 460.644164 121.063443 49.757930 -0.179919 5.988190 0.022800 
27 415.311373 399.085532 428.683650 388.079505 422.262615 392.438343 11.898440 5.454269 -1.302365 2.378550 5.686804 
28 148.178700 493.206363 152.522367 463.119260 170.240899 480.264604 24.512611 24.512611 0.000000 2.611082 3.910552 
30 436.053648 269.540677 500.360679 281.690868 429.524735 448.686844 180.151504 180.151504 0.000000 4.748817 5.113563 
31 256.083317 659.705234 302.285927 661.942841 278.444007 662.198804 24.216629 22.578409 -0.835656 3.252650 6.272450 
32 453.797284 459.979606 456.715626 430.971391 564.638045 458.483330 110.497813 110.497813 0.000000 3.128094 3.391200 
34 584.327117 432.064917 567.028617 487.011212 394.540459 402.428886 191.867799 191.867799 -0.000000 0.154903 0.455911 
36 143.850800 420.033964 146.070116 398.022296 167.912730 411.560176 25.503184 25.503184 0.000000 2.802990 3.696438 
37 626.782283 274.123839 674.616390 291.619441 639.465356 305.255630 37.359366 33.067695 -0.584931 4.325520 5.913126 
38 264.023808 659.736645 293.830277 661.064796 279.658691 661.908527 15.167812 15.167812 -0.000000 3.279622 6.223719 
39 657.598492 310.313397 648.959528 321.915641 639.262803 307.778788 17.678370 17.678370 -0.000000 0.137363 0.969584 
40 377.723424 141.208198 380.729923 162.846030 373.673005 153.032674 11.662804 11.662804 -0.000000 5.042407 0.947357 
42 462.014111 560.366708 404.829879 556.808054 440.789038 393.860642 167.077390 167.077390 -0.000000 1.444007 1.787995 
43 556.079235 184.132012 740.796057 186.901829 647.113101 303.561540 149.882203 149.882203 0.000000 4.061101 5.388984 
45 502.391199 274.116270 547.728531 191.642130 644.349823 298.938140 143.602070 143.602070 0.000000 3.314696 3.979291 
47 649.142270 322.863339 628.989248 320.022490 641.209800 307.289000 17.163846 17.163846 -0.000000 1.099713 2.335642 
50 481.558563 733.402034 463.260481 560.596285 588.385619 635.139259 145.819043 145.819043 -0.000000 2.397929 3.678879 
52 674.174855 299.593781 656.845275 333.814459 667.898458 316.606749 18.860493 18.860493 -0.000000 5.065817 2.141767 
55 319.150740 498.466806 295.064183 439.571689 439.620648 414.939433 145.970574 145.970574 -0.000000 2.535346 2.972815 
60 331.486307 662.299504 346.013434 654.971569 342.018312 664.142456 10.250548 10.250548 0.000000 3.314825 5.123230 
64 385.846549 142.051414 375.273787 168.577490 374.543283 152.558752 15.296182 15.296182 -0.000000 5.534264 1.525225 
66 636.114806 298.190075 651.569860 297.740201 643.652305 305.271798 10.524577 10.524577 -0.000000 3.895824 5.522764 
68 291.974333 155.006409 304.901975 127.784836 309.565831 146.634874 19.700405 18.046188 0.352506 2.697422 4.469841 
69 206.743111 658.705294 253.258048 659.965436 229.731063 659.204984 23.927753 22.593231 -0.797406 3.163326 0.032311 
70 268.484087 658.308867 289.625979 660.608849 278.713682 660.222676 10.179314 8.932532 -0.068659 3.326540 0.035374 
71 321.216081 157.587231 318.097356 149.480337 319.917460 153.380428 5.387467 3.484736 0.464557 1.271381 4.275749 
72 430.030097 355.669730 434.147101 380.976069 314.592875 389.470176 119.687743 119.687743 -0.000000 5.998344 6.212256 
73 622.962620 318.385359 627.031889 273.768671 619.022262 295.299112 22.575074 22.575074 -0.000000 1.401745 5.068539 
74 235.954994 628.964844 276.975526 632.011482 255.202000 642.144822 25.143557 23.375915 -1.131513 3.742031 5.847601 
76 628.754483 278.242402 674.858087 299.638796 645.075814 304.204064 29.941064 29.941064 -0.000000 4.151155 6.131081 
77 674.891806 294.244934 659.000345 337.997278 666.049429 315.584637 25.067878 21.800751 0.944222 5.105215 1.875515 
79 260.656770 658.295118 297.592542 660.117420 279.011154 662.074324 18.463008 18.463008 -0.000000 3.344657 6.178257 
80 323.625054 662.275077 359.808144 663.293800 341.820940 663.661618 17.702271 17.010643 -0.372663 3.217646 6.262739 
83 462.335669 425.619201 466.448183 407.644944 527.330635 432.027088 65.062442 65.062442 -0.000000 3.239866 3.522512 
84 214.819978 653.786615 245.560676 658.021282 229.970994 658.778023 15.925953 14.151596 -0.555534 3.459839 6.234682 
85 431.707326 419.705848 414.664607 436.662912 399.427013 400.766832 36.861553 36.861553 -0.000000 0.530586 1.169356 
86 622.997794 313.376551 629.073229 278.762156 618.944308 295.084084 20.247270 18.161974 -0.387317 1.352727 5.267797 
87 204.706255 649.754400 237.058272 632.719864 231.755258 657.218027 26.666819 23.910143 0.363531 3.410823 4.925566 
88 327.528735 663.063352 356.853722 664.005892 341.771057 665.335024 16.530852 14.645680 -0.964173 3.299762 6.195289 
90 293.036043 409.663701 346.527771 303.444091 439.204844 415.641265 145.625993 145.625993 0.000000 3.182465 4.021983 
95 136.000610 427.061313 112.924864 424.984416 140.333591 284.231270 142.895339 142.895339 -0.000000 1.601124 1.763119 
98 240.069345 629.093219 271.857221 630.182844 255.475436 635.547330 16.349851 13.375278 0.027251 3.538313 5.966724 
99 219.937396 657.147111 240.683962 656.206367 230.081138 656.295921 9.954128 7.690109 0.072046 3.057876 6.274739 
102 255.031579 648.919578 268.758861 636.615319 282.198474 663.905209 29.810688 29.810688 0.000000 3.645674 4.254779 
103 457.997990 365.883914 478.662287 373.469985 441.200270 391.454538 42.629533 15.543185 -0.563240 5.293610 5.835605 
105 334.878827 662.974591 349.929898 663.029124 341.057350 671.689883 15.586214 8.828266 -1.320701 4.095696 5.509866 
106 211.013259 658.378021 248.963131 659.010628 229.916215 659.016298 18.159853 18.159853 -0.000000 3.175346 6.282888 
107 457.510842 459.950129 460.377282 431.834561 629.547340 469.570806 172.514135 172.514135 -0.000000 3.197457 3.361066 
110 474.939387 402.552121 484.230673 420.400487 373.602048 460.854448 116.905124 116.905124 0.000000 5.761104 5.932616 
112 268.984046 636.867553 305.674715 661.087772 276.751563 663.872831 29.383551 27.127436 -0.766356 4.432319 6.187190 
115 232.371814 627.316551 280.772903 630.189448 255.268695 639.586415 25.682362 25.682362 -0.000000 3.633527 5.930171 
122 432.769185 356.847129 437.394608 380.120318 380.726295 378.194937 55.516353 55.516353 0.000000 5.893920 0.033963 
123 409.874967 366.350517 424.702857 375.851939 412.949100 380.941520 13.150406 13.150406 0.000000 4.504739 5.874543 
125 271.477588 660.861081 286.769015 661.086334 277.558661 668.671777 15.219417 8.807302 -1.282406 4.050860 5.594232 
129 319.006671 126.972301 321.756958 157.235590 315.517972 141.477288 19.756020 15.281745 0.364109 4.948423 1.193814 
130 222.002095 658.051267 237.578772 657.858310 229.993836 658.411561 8.030147 6.406828 -0.608661 3.186646 6.210373 
135 618.062965 642.835800 634.941668 647.443755 548.387777 906.477405 272.121568 272.121568 0.000000 4.970762 5.034867 
137 529.805669 389.106322 503.697516 329.093283 672.972577 288.529106 174.116174 174.116174 0.000000 2.529179 2.906393 
148 145.378300 498.268225 142.125734 473.073641 173.920184 482.304552 33.042719 33.042719 0.000000 2.631632 3.424155 
155 418.771784 282.550080 348.994475 303.937266 341.555683 159.331998 144.955016 144.955016 0.000000 1.011003 1.519400 
