12 593.773935 381.535995 627.752700 337.785164 730.922726 450.893096 152.629500 152.629500 0.000000 3.609795 3.972908 
15 579.699341 405.409753 593.597667 381.722600 775.903211 516.594871 226.777373 226.777373 0.000000 3.657153 3.778543 
17 640.624249 513.188582 620.019925 518.434428 619.291973 480.072600 38.983500 38.983500 -0.000000 0.998531 1.551823 
20 610.069853 332.057614 560.533245 380.634375 440.482421 210.674114 207.863907 207.863907 -0.000000 0.621223 0.955824 
25 564.716669 228.520622 591.493574 243.093056 525.008199 332.701915 111.307224 111.307224 -0.000000 5.076539 5.350719 
30 479.183187 417.487339 195.958126 458.497104 251.389791 -138.805355 600.816897 600.816897 0.000000 1.182140 1.663335 
34 616.120711 327.401826 584.943176 329.238586 598.318157 291.749773 40.000207 40.000207 0.000000 1.107676 1.913492 
42 287.733246 629.507439 251.201119 605.785506 311.018678 553.527324 79.082052 79.082052 -0.000000 1.868176 2.423541 
47 230.920950 590.105486 251.567255 605.577468 186.143728 672.248783 92.772077 92.772077 0.000000 5.211471 5.488341 
73 336.784803 645.768174 296.957562 660.113447 313.243718 641.059755 23.793287 23.793287 -0.000000 0.197404 2.278042 
115 239.569793 618.253431 212.439240 609.462431 232.103125 603.162690 19.037220 19.037220 -0.000000 1.111330 2.831553 
179 93.593667 142.815880 86.684194 168.129914 71.997545 151.755210 20.809929 20.809929 -0.000000 5.890726 0.839691 
180 300.041636 648.502324 313.016382 635.152583 306.490904 643.208415 12.813749 8.990954 0.250851 2.454264 5.393217 
187 182.844196 455.668237 107.477797 325.383528 259.671738 354.014348 176.755273 99.440560 -0.196211 2.217984 3.327540 
224 344.397910 20.910229 336.440560 48.390781 315.498484 24.387615 30.468384 30.468384 0.000000 6.163434 0.853400 
240 328.285466 647.954071 301.064511 647.974357 315.397773 643.365521 15.870606 15.870606 -0.000000 0.342047 2.830486 
242 589.752891 40.053483 588.132144 51.102096 585.447100 45.307695 6.466513 6.466513 -0.000000 5.398904 1.136866 
254 468.930530 539.891742 484.905258 519.941366 573.662879 607.600458 124.121598 124.121598 0.000000 3.715498 3.920764 
266 589.349297 255.962709 606.056266 270.835539 578.574492 278.681362 27.294517 27.294517 -0.000000 5.155243 6.005091 
291 487.043354 707.819624 482.097445 798.257815 -57.858101 725.477341 544.310153 544.310153 0.000000 6.250791 0.133982 
310 527.457135 12.279834 524.539393 -0.150182 529.026692 4.373515 6.261633 6.261633 -0.000000 1.766768 3.931030 
317 308.937659 179.578601 321.735422 116.945939 742.868016 236.645268 437.034073 437.034073 0.000000 3.272353 3.418521 
323 531.362251 33.490693 532.963688 49.260254 526.857505 41.241116 9.936920 9.936920 -0.000000 5.238890 0.920007 
348 503.445915 233.494401 596.693705 269.744367 455.380921 504.843295 274.386458 274.386458 0.000000 4.887704 5.253601 
353 327.024168 102.006404 322.982293 117.260282 314.242396 107.567280 12.695443 12.695443 -0.000000 5.872822 0.837059 
363 520.088961 123.921601 520.125813 145.934312 511.755874 133.588502 15.112474 15.112474 -0.000000 5.423822 0.975017 
373 230.557541 626.265331 211.233560 613.800070 226.851736 609.214303 15.476369 15.476369 0.000000 1.356788 2.856002 
395 465.978906 267.187998 567.693395 289.753625 424.279754 682.951609 418.276725 418.276725 -0.000000 4.812350 5.062131 
410 614.942271 702.014179 610.284114 723.198252 593.516869 708.416254 22.761199 22.761199 0.000000 5.992823 0.722556 
413 622.354350 410.880734 626.020501 438.184347 596.096021 429.347390 31.252765 31.252765 -0.000000 5.670269 0.287147 
423 614.776325 31.291488 614.268248 45.140504 608.665313 36.993037 9.315991 9.315991 -0.000000 5.532437 0.968380 
447 590.096773 360.051457 547.140581 394.207394 461.538988 233.871989 180.971837 180.971837 -0.000000 0.776062 1.080405 
456 374.094870 639.587999 398.212112 638.445217 458.161695 1080.951425 449.181448 449.181448 -0.000000 4.524173 4.577731 
477 513.537340 230.385802 574.128647 250.614665 393.672271 695.567975 479.537888 479.537888 -0.000000 4.964577 5.097681 
491 605.143701 789.523421 609.930649 768.912756 612.301048 780.836782 11.714221 11.714221 -0.000000 2.259971 4.516155 
518 549.812240 142.296342 550.208518 149.718760 548.446511 146.226375 4.682652 4.682652 -0.000000 5.046845 1.103533 
525 573.701426 251.581748 587.647104 258.739168 529.921959 361.044924 117.620877 117.620877 -0.000000 5.092850 5.226100 
602 342.236308 145.959995 340.175441 159.113455 336.164431 152.294450 7.974178 7.974178 -0.000000 5.476625 1.039091 
626 789.750221 60.180789 787.714926 39.770164 799.733872 48.057306 15.496590 15.496590 -0.000000 2.259701 3.745241 
657 494.499768 688.977306 494.856084 705.916393 439.431710 700.957836 55.714543 55.714543 -0.000000 6.068965 0.089228 
