9 270.507381 521.420163 297.033588 528.722168 237.607843 672.763099 155.115277 155.115277 -0.000000 4.926443 5.103677 
21 664.211153 696.248616 429.099801 695.419252 549.171849 186.744180 521.713547 521.713547 0.000000 1.348733 1.802602 
38 129.706982 329.638998 163.528338 302.186893 301.922065 513.925460 251.884744 251.884744 -0.000000 3.960839 4.133483 
54 607.931913 351.298752 381.606521 309.146334 585.974990 -154.614609 505.453773 505.453773 0.000000 1.527423 1.985870 
99 248.999394 711.175737 186.802700 702.243355 225.307021 607.037656 104.891084 104.891084 0.000000 1.347095 1.955118 
164 152.954325 465.329769 105.650226 386.827756 196.866389 385.247992 90.800295 90.800295 -0.000000 2.072364 3.124275 
165 530.163296 441.091614 484.702254 412.089627 512.868461 412.400576 37.338044 27.049988 1.435568 1.028324 3.152632 
174 654.069641 725.383468 690.148256 732.800297 659.744333 785.891907 61.688449 61.688449 -0.000000 4.618879 5.232470 
200 171.027881 459.959472 122.379343 406.375835 249.515983 339.629282 143.640702 143.640702 0.000000 2.148768 2.658147 
209 794.466846 719.393287 782.771811 720.713563 788.361591 714.760193 8.153842 8.153842 -0.000000 0.649154 2.324707 
221 165.598877 659.800992 176.139753 666.958779 169.680291 662.984534 5.869110 5.869110 -0.000000 3.804025 0.551564 
227 177.965951 474.046408 131.589662 434.373331 265.664671 320.151596 176.319795 176.319795 0.000000 2.088760 2.435983 
241 165.991918 267.230811 210.121797 270.210575 184.841851 359.135082 92.094449 92.094449 -0.000000 4.510091 4.989367 
254 112.625178 342.822129 86.384130 360.811509 86.067017 327.986937 31.076988 31.076988 -0.000000 0.509416 1.561136 
277 20.427559 282.990788 36.390986 273.510585 46.432019 309.001268 46.820615 15.467373 1.046441 3.927107 4.436674 
299 63.415043 244.319608 67.545057 263.296492 67.815968 252.007863 10.645334 7.592670 -1.269826 4.192494 1.594790 
317 62.473133 323.136182 74.014280 307.489688 73.003446 317.245432 10.146110 10.146110 -0.000000 2.631554 4.815635 
324 751.110711 414.501492 742.028896 426.578384 742.926863 418.604410 10.343223 8.402008 0.315960 5.818464 1.682936 
336 687.958568 560.466642 612.981772 564.503196 612.121945 -142.924428 707.274851 707.274851 -0.000000 1.463395 1.569581 
369 77.813445 312.461265 66.865398 324.047577 68.800001 316.984770 8.281615 8.281615 -0.000000 5.818049 1.838153 
382 547.918395 404.886774 596.000000 403.000000 587.322050 781.945146 379.005635 379.005635 -0.000000 4.608264 4.735285 
402 401.879528 217.687693 422.033223 216.637676 413.518689 286.648943 69.767502 69.767502 -0.000000 4.545186 4.833411 
412 15.058155 231.979989 5.046012 237.925704 9.943497 234.477329 7.164646 5.409679 0.586326 5.828965 2.528113 
