2 423.077101 293.624837 539.502223 403.468241 404.841830 428.672399 135.974526 135.974526 0.000000 4.846606 6.098158 
10 463.477720 176.618712 475.398005 160.290561 505.818266 194.467074 45.062000 45.062000 0.000000 3.540532 3.985075 
13 405.197538 374.604935 357.197777 350.604456 543.443899 49.756597 352.625049 352.625049 0.000000 1.973151 2.125121 
17 411.118404 360.752866 361.914345 337.178779 601.556422 -64.398891 466.133616 466.133616 -0.000000 1.991927 2.108824 
18 377.189595 229.814245 422.467779 293.390776 289.661625 341.645715 141.295047 141.295047 0.000000 5.376478 5.934668 
20 264.218549 477.146096 221.429918 461.565615 317.931143 268.197775 215.141337 215.141337 -0.000000 1.822410 2.033688 
23 52.191706 155.206648 20.309283 137.373630 48.841817 120.166488 33.755534 33.755534 0.000000 1.475485 2.598918 
27 738.629152 323.673088 540.751763 502.482232 627.628900 401.157529 135.936040 127.353592 -0.175079 5.673765 2.279578 
31 437.585969 410.332366 454.858860 416.401675 439.088477 435.015818 23.379932 23.379932 0.000000 4.651593 5.415270 
34 563.532497 518.666404 347.415251 706.671783 449.321305 606.181676 147.338662 143.167969 0.890983 5.629360 2.363190 
36 63.407755 700.836766 266.857412 493.521224 169.011776 601.684102 145.608205 141.767334 -0.725428 2.387691 5.447747 
44 329.948111 440.058898 326.771371 423.824986 333.870791 429.810561 10.423757 10.423757 -0.000000 1.936355 3.842072 
55 381.018830 433.006335 404.894498 393.903182 445.351914 445.521885 65.199591 65.199591 0.000000 3.333736 4.047620 
58 164.227195 72.990456 146.071767 79.587998 147.981299 53.999464 25.526697 25.526697 -0.000000 0.863145 1.645283 
59 221.199929 461.715351 159.879186 393.050368 267.325498 355.352411 114.271820 114.271820 0.000000 1.979981 2.804157 
65 602.403878 88.685289 427.781442 271.518151 497.241892 164.305082 139.327681 126.360950 0.298753 5.659769 2.145675 
73 459.844735 188.052867 445.296467 205.666043 454.900149 199.550739 12.265884 12.265884 -0.000000 5.118524 2.574577 
75 66.029217 87.965325 70.560104 97.215469 -84.022292 174.381902 172.559335 172.559335 0.000000 5.760665 5.820184 
77 100.672243 259.758215 46.821885 282.800557 66.746848 251.220549 35.297658 35.297658 -0.000000 0.246540 2.133653 
84 450.789977 377.615923 494.689763 395.853345 406.508405 518.529343 148.462344 148.462344 -0.000000 5.016864 5.335631 
105 73.659295 143.537314 86.863305 133.814365 95.590108 159.868700 26.800375 26.800375 0.000000 3.781679 4.389187 
107 269.049256 23.106049 244.781881 34.377364 -65.338781 -670.810251 770.268590 770.268590 -0.000000 1.121745 1.156482 
109 474.172984 437.512979 482.950544 427.081756 478.842825 433.309484 9.380469 6.580910 1.318365 2.408702 5.295473 
110 91.319225 104.015150 112.545518 89.342519 158.625103 179.674972 100.911763 100.911763 0.000000 3.985358 4.240685 
133 332.138551 685.777773 319.978638 556.862920 523.970105 604.030781 208.506033 208.506033 -0.000000 2.738757 3.368824 
147 264.596181 476.074187 500.256480 335.675427 408.580908 443.261426 152.656881 141.965832 0.803979 2.917529 5.418109 
152 98.480406 251.827541 64.256132 282.786338 63.805005 247.760848 34.312868 34.312868 -0.000000 0.116746 1.557917 
155 66.185524 79.258156 84.206587 66.561830 263.590092 315.027606 307.358037 307.358037 -0.000000 4.015327 4.087073 
169 243.194348 58.270089 265.376227 45.959363 286.910992 111.627624 68.934258 68.934258 -0.000000 4.025981 4.395507 
181 464.194530 175.168852 467.938295 138.429761 466.566084 157.596489 20.832482 11.302755 1.280899 1.704945 4.783860 
196 19.303708 137.857673 -0.640151 95.299995 701.186096 -208.074250 764.350655 764.350655 0.000000 2.672107 2.733585 
199 354.955121 39.011707 350.089169 6.904923 428.992361 15.591808 79.377696 79.377696 0.000000 2.835226 3.251247 
203 243.071790 715.103725 147.988279 740.103161 163.618835 594.611515 145.779697 145.779697 0.000000 0.987839 1.677819 
215 483.630459 212.633313 462.960028 221.007602 475.914186 220.258806 13.425844 10.207632 0.498316 5.503704 3.083853 
217 282.710230 674.584004 245.668569 713.758436 153.565489 591.196270 153.004253 153.004253 0.000000 0.573341 0.926348 
236 92.677691 232.063430 31.929084 271.709697 -30.686206 142.081993 162.565228 80.069927 0.826689 0.630185 1.120809 
243 -0.333433 159.193860 30.008117 152.073410 31.626159 231.086410 78.832187 78.832187 -0.000000 4.294079 4.691914 
252 527.406707 180.947377 529.323496 221.022343 401.287191 208.609021 128.844668 128.844668 -0.000000 6.067275 0.096650 
257 756.696053 796.745943 754.738933 776.051116 775.812128 785.343361 22.508285 22.508285 -0.000000 2.603757 3.556896 
259 345.624953 -0.974817 320.161935 8.821712 232.842327 -255.760040 278.582640 278.582640 -0.000000 1.154065 1.252023 
267 757.201573 425.066133 707.469020 499.504585 629.854460 392.894382 131.014858 131.014858 0.000000 0.247453 0.941510 
282 243.734098 62.002028 215.538152 76.774265 173.125785 -41.911780 126.206512 126.206512 0.000000 0.973969 1.227589 
285 216.069537 76.030468 196.833238 87.597313 161.065655 2.981697 91.903871 91.903871 -0.000000 0.925394 1.170870 
289 184.993489 452.506076 209.721565 457.710900 178.585469 541.297735 89.757599 89.757599 -0.000000 4.784433 5.068966 
290 520.723844 155.778645 524.686780 177.472477 515.188390 170.123988 13.979566 13.979566 -0.000000 5.080656 0.658470 
302 584.143569 656.063958 464.018943 748.211407 452.683706 610.035008 138.916681 138.916681 0.000000 0.336797 1.488945 
306 437.585023 272.627063 399.198503 242.788620 494.945237 157.829697 127.646122 127.646122 -0.000000 2.034176 2.415822 
311 82.370715 221.223174 63.483497 245.323881 34.388882 205.790423 49.262979 49.262979 0.000000 0.311188 0.936349 
341 252.128585 19.283047 276.994077 7.986963 316.793819 120.839339 119.570047 119.570047 -0.000000 4.145390 4.373337 
344 175.306061 258.238849 201.453361 234.400417 288.265042 354.740486 147.802983 147.802983 -0.000000 3.848582 4.087454 
352 631.175608 189.044761 608.816001 239.868070 518.630188 170.076029 113.932052 113.932052 0.000000 0.166974 0.658603 
382 482.100949 403.826900 497.050547 418.662782 472.250065 428.704478 26.599397 26.599397 -0.000000 5.089420 5.898463 
383 747.160519 440.345809 698.542199 493.864961 663.256472 412.275920 88.392612 88.392612 0.000000 0.322843 1.162606 
384 558.217092 697.228135 479.490294 739.430987 469.253239 628.831713 110.878035 110.878035 0.000000 0.655432 1.478499 
401 577.886542 548.667432 589.916691 592.013532 436.483843 613.510364 155.184997 155.184997 -0.000000 5.853228 6.143986 
