1 521.596612 638.662973 496.991612 624.998178 509.893598 632.121591 22.708142 13.180371 -0.969440 0.509687 3.646060 
2 475.021738 587.963882 458.709865 614.118365 468.444523 601.988235 16.289822 14.945085 -0.448046 5.150918 2.247071 
6 523.062855 225.405656 507.097103 218.941457 516.684202 212.000915 13.213530 13.213530 -0.000000 1.126654 2.514976 
8 530.091531 742.495541 516.655678 741.978223 523.553598 729.375184 14.502263 14.502263 -0.000000 1.108506 2.071581 
18 370.986827 552.196355 347.250749 533.912766 365.088979 535.713124 16.862651 16.862651 -0.000000 1.227182 3.242179 
37 471.161068 777.006052 449.705285 777.025945 459.131901 758.232583 21.419684 21.419684 -0.000000 1.000949 2.035717 
40 307.376072 670.209417 287.373930 659.388909 301.522477 654.306407 15.510899 15.510899 -0.000000 1.218105 2.796724 
41 497.552255 766.930382 484.892699 777.110159 471.811970 749.020292 30.688485 30.688485 -0.000000 0.607902 1.134984 
43 709.750885 491.641560 709.443112 515.600767 700.341526 504.243699 14.567373 14.567373 -0.000000 5.353741 0.895201 
64 130.646107 402.872530 124.385735 430.286318 108.493167 411.538520 24.245691 24.245691 -0.000000 5.910297 0.867637 
65 176.933691 542.116950 171.073615 520.580228 180.926900 529.005993 13.170618 13.170618 -0.000000 1.866441 3.849053 
67 695.841549 425.258964 695.838060 447.297645 674.823903 437.699900 23.875960 23.875960 0.000000 5.748722 0.428435 
70 171.985640 580.128161 165.785198 559.850062 199.105801 535.427027 53.542912 18.476463 -0.950928 2.116127 2.509080 
71 191.876317 693.560859 175.715461 678.092328 190.792809 679.526093 14.189731 14.189731 -0.000000 1.493747 3.236402 
72 515.983900 212.244978 541.212294 230.874991 519.606762 231.566482 19.706914 19.706914 -0.000000 4.527037 6.251191 
73 406.314400 627.098246 379.505629 619.413692 396.974353 610.998077 18.630542 18.630542 -0.000000 1.045122 2.692649 
75 718.328121 224.924221 724.107786 205.274237 729.686269 217.367982 13.326664 13.326664 -0.000000 2.554557 4.280202 
83 521.995830 569.466239 488.284607 540.436525 505.049522 555.169550 26.516350 13.160718 0.246277 0.700794 3.862571 
86 52.995290 542.785934 52.765955 591.685911 40.716281 567.770452 27.153675 27.153675 -0.000000 5.169185 1.104078 
94 90.516319 170.807126 80.908661 153.576933 79.809128 164.721905 11.665717 11.163474 -1.322853 0.516807 4.810728 
96 211.356415 493.340992 207.326239 476.031630 226.040925 480.874643 19.126027 19.126027 -0.000000 2.437711 3.394819 
99 649.779020 595.170974 671.033800 574.973738 717.902211 660.367634 103.428418 35.202413 0.930129 3.905043 4.210429 
103 427.439206 777.932551 406.523301 779.360446 416.213124 764.033135 18.216647 18.216647 -0.000000 0.891399 2.134552 
121 231.102097 499.859284 225.333298 482.080840 238.230343 487.684786 14.169702 14.169702 -0.000000 2.100491 3.551494 
126 427.750566 762.719398 403.039446 761.460611 415.937458 762.347389 12.310693 5.714060 -0.058678 0.031481 3.210238 
134 353.378234 719.576388 333.778252 716.233193 345.507825 708.157559 14.333351 14.333351 -0.000000 0.967323 2.538637 
135 217.966763 482.022223 223.033262 499.243975 199.152373 496.013606 23.741660 23.741660 0.000000 5.643759 0.134454 
141 143.211820 340.404802 154.867486 320.809413 149.871888 331.792909 10.855756 5.287401 -1.051609 2.229079 5.139250 
149 167.638528 700.573634 156.788290 678.972060 171.535387 685.124141 15.678492 15.678492 -0.000000 1.817875 3.536815 
152 352.036778 596.494576 332.779476 584.118172 348.100358 582.436967 14.754889 14.754889 -0.000000 1.297769 3.032297 
156 498.639582 658.620755 513.023215 616.346158 504.939599 637.241045 22.477614 21.493500 -0.241170 1.857359 5.081526 
163 254.236269 206.635786 244.814573 245.748995 -103.553227 148.275150 362.151538 362.151538 0.000000 0.161690 0.272825 
175 173.234580 485.916257 175.582297 503.396973 167.932763 495.450854 11.307231 11.307231 -0.000000 5.219874 0.804413 
186 523.078800 249.009326 538.216120 298.041624 320.405788 341.976597 223.186060 223.186060 -0.000000 5.853115 6.084144 
187 139.421410 319.907734 151.846828 298.508694 151.217010 312.173977 13.356013 13.356013 -0.000000 2.561257 4.758445 
191 470.717995 757.043737 449.121841 759.749493 458.548583 748.875238 14.455910 14.455910 -0.000000 0.591157 2.285012 
198 367.834211 752.425639 395.246072 756.649804 379.685286 769.462236 20.411145 20.411145 -0.000000 4.104606 5.594350 
207 707.265003 426.796219 706.522518 449.299898 696.688654 436.438831 15.414704 15.414704 -0.000000 5.543936 0.918002 
208 200.396734 614.034039 199.049404 631.010286 178.411046 621.558197 21.975803 21.975803 -0.000000 5.953449 0.429476 
215 427.373945 139.293975 449.846648 142.730666 436.329079 152.453781 15.986675 15.986675 -0.000000 4.114876 5.659627 
228 404.121704 373.389106 307.237273 356.123501 458.117500 -219.344542 595.354580 595.354580 -0.000000 1.661642 1.827212 
234 383.292096 139.336737 404.546732 140.817374 391.568726 152.586860 16.419428 16.419428 -0.000000 4.154045 5.546582 
240 369.757509 786.468383 394.004672 787.987475 378.171179 804.751744 21.855192 21.855192 -0.000000 4.281100 5.469242 
247 165.299212 447.112936 164.527387 424.740277 191.679542 438.536720 29.587368 29.587368 0.000000 2.827271 3.611712 
253 439.833085 785.698145 471.167196 782.290733 457.136760 814.131093 34.270947 34.270947 0.000000 4.165686 5.127440 
257 182.692700 491.669746 181.543082 470.739828 190.318266 480.074498 12.879793 12.879793 -0.000000 2.152528 3.957875 
260 646.339370 623.598491 645.479697 595.203199 626.997734 608.325220 23.564982 21.400913 0.651937 0.668403 5.665786 
262 327.095777 641.711579 302.947551 627.478950 320.864736 625.970223 17.824261 17.824261 -0.000000 1.193882 3.057585 
275 413.935766 717.807667 433.004337 714.898260 425.997075 736.397481 22.281353 22.281353 0.000000 4.136849 5.027463 
280 569.194189 690.602094 544.944413 693.541395 539.137368 545.592776 147.798220 147.798220 -0.000000 1.366415 1.531566 
281 361.217545 189.755230 322.016738 182.904225 430.454478 -303.155120 497.585649 497.585649 0.000000 1.710349 1.790297 
286 332.396691 770.708697 307.873664 761.096938 323.486828 760.913344 13.247185 13.247185 -0.000000 0.832702 3.129834 
291 605.091470 705.644817 602.895348 679.331492 596.705465 691.217812 16.961486 13.313390 0.870421 1.044262 5.192504 
296 253.717320 337.340360 327.445111 352.889455 181.737017 851.669060 518.579619 518.579619 -0.000000 4.851436 4.996609 
299 669.131140 483.401152 673.906582 459.925667 680.945328 474.944188 15.334877 15.334877 -0.000000 2.520321 4.274117 
314 675.734539 576.573808 658.001732 613.017291 659.209970 589.878604 29.035386 21.516299 0.386414 5.605311 1.622966 
324 516.531400 741.610620 490.198220 745.608170 501.090500 732.432791 17.625878 17.625878 -0.000000 0.536280 2.261616 
340 415.062187 558.108464 390.997843 557.003727 404.283117 542.037730 19.808097 19.808097 0.000000 0.979988 2.296773 
346 708.549644 407.075294 706.163495 427.089926 696.558255 415.460693 14.228573 14.228573 -0.000000 5.672939 0.880427 
348 202.838836 478.152081 204.131927 497.961398 193.902101 488.963746 14.097358 14.097358 -0.000000 5.403130 0.721402 
353 244.035704 255.817812 227.519774 327.461311 -149.301384 206.280444 395.962548 395.962548 -0.000000 0.125282 0.311142 
357 378.340503 674.336935 356.637358 669.429223 369.633092 660.616361 16.153405 16.153405 -0.000000 1.005306 2.545692 
364 -1.067387 645.424807 70.781538 798.983447 24.599831 727.705754 88.905667 84.995179 -0.666513 4.410009 0.995890 
367 164.691817 560.204492 156.866161 538.998977 173.255447 544.772594 16.941696 16.941696 -0.000000 2.077417 3.480297 
368 498.539187 625.779421 514.023518 626.919770 505.801518 633.162925 10.719180 10.719180 -0.000000 3.935264 5.633744 
371 149.820402 445.489310 152.383417 422.294581 159.176498 432.948574 13.896750 13.896750 -0.000000 2.211769 4.144774 
374 281.141321 592.716435 267.246136 576.066228 280.226939 582.405880 14.778616 9.249923 0.266371 1.482344 3.595907 
376 458.494458 587.812730 459.661932 589.513936 471.766752 605.981179 23.778541 22.704183 -0.710827 4.081476 4.078502 
377 601.034903 711.609001 591.612157 666.856243 594.449485 688.849566 22.495195 18.408066 1.524155 1.289140 4.584089 
384 448.628275 777.102976 427.471159 776.582855 437.289601 766.250798 15.558399 15.558399 -0.000000 0.763478 2.330711 
390 670.188616 491.640789 688.834788 516.856314 571.235107 588.268046 137.945967 137.945967 0.000000 5.509681 5.737456 
402 652.960033 555.005589 633.812471 581.542972 630.723745 558.144880 22.826648 22.826648 -0.000000 6.142933 1.439548 
403 175.098282 663.696619 188.924098 677.130014 177.311478 676.915139 12.415693 12.415693 -0.000000 4.546496 0.018502 
404 502.105743 163.020727 487.054175 163.547617 493.643398 131.766824 32.203836 32.203836 -0.000000 1.306375 1.775233 
416 382.470213 138.911203 409.761600 145.915583 294.254331 496.775779 369.116343 369.116343 -0.000000 4.954077 5.030425 
425 321.153572 598.729851 300.818128 579.046147 317.767811 583.183016 15.689733 15.689733 -0.000000 1.356366 3.380980 
432 611.278040 559.406077 641.070483 545.224759 650.713887 605.728775 60.854197 60.854197 0.000000 4.007124 4.554334 
436 89.495520 436.824462 85.961110 464.413204 67.990109 446.554046 24.139247 24.139247 -0.000000 5.858317 0.782277 
442 556.023603 233.844916 571.893895 246.042899 556.862094 249.561995 15.620107 15.620107 -0.000000 4.659090 6.053217 
449 675.726577 592.990127 651.461462 598.521945 659.429687 586.678546 23.796335 13.299362 1.076534 0.369499 2.163032 
453 517.683547 764.246323 533.065001 763.754162 524.970220 771.707784 10.340062 10.340062 -0.000000 3.938842 5.506583 
462 686.726046 322.114715 676.014367 302.997237 691.928408 308.501799 15.617353 15.617353 -0.000000 1.935833 3.474604 
463 555.935870 366.131488 546.976688 355.002426 555.888693 356.321487 9.273342 9.273342 -0.000000 1.565987 3.288535 
466 31.126239 544.331508 52.079543 541.469023 43.814757 566.414872 25.316644 25.316644 -0.000000 4.190875 5.032317 
471 348.881533 562.255273 329.964069 544.682536 351.661715 541.394973 20.845197 20.845197 -0.000000 1.703292 2.991219 
472 104.906797 599.506549 95.984368 587.952510 106.393338 589.618716 11.132089 11.132089 -0.000000 1.720019 3.300320 
474 223.074146 182.746736 314.683069 138.057322 353.121914 335.952741 200.557444 200.557444 -0.000000 4.008567 4.520540 
482 543.931379 363.304295 556.427649 390.844507 529.604954 383.948436 29.750574 21.936047 -0.267922 5.319057 0.251648 
486 704.965864 363.189513 695.916324 346.937575 706.555074 353.051330 11.569232 11.569232 -0.000000 1.726286 3.663178 
488 242.222071 712.179364 221.577539 699.353736 239.292167 697.151633 15.726399 15.726399 -0.000000 1.378245 3.017917 
494 436.254026 665.836908 427.095891 649.228509 715.798331 504.290535 323.612739 323.612739 -0.000000 2.617588 2.676320 
496 392.110655 786.443793 413.875387 785.294806 406.078056 803.814495 21.246280 21.246280 -0.000000 4.035166 5.110892 
498 6.010238 193.775108 30.123431 233.093323 -49.012426 257.801654 83.747693 83.747693 0.000000 5.422299 5.980549 
499 162.233323 523.423077 167.210470 550.082643 147.292501 542.506791 23.031445 23.031445 -0.000000 5.376622 0.363455 
500 545.035876 775.136905 564.138703 766.647672 561.887478 789.701961 22.916480 22.916480 0.000000 3.854338 4.809729 
506 225.006415 744.921628 209.345689 736.355852 222.032485 730.552787 14.291245 14.291245 -0.000000 1.366707 2.712594 
511 212.072515 641.805811 198.677739 632.260348 212.523465 627.095269 14.607710 14.607710 -0.000000 1.601442 2.784537 
516 357.690298 776.697530 332.290049 767.873786 346.765634 765.032347 15.471388 15.471388 -0.000000 0.818168 2.947765 
518 156.304776 346.038833 154.965276 322.057796 381.754416 328.290954 226.747349 226.747349 0.000000 3.063033 3.169070 
519 402.389388 643.062754 378.650458 639.403774 391.604112 630.269228 16.613366 16.613366 -0.000000 0.870365 2.527404 
522 489.854232 197.120439 502.507921 213.753436 282.599766 371.777659 271.219262 271.219262 0.000000 5.582934 5.660090 
525 483.805885 761.565633 503.005849 752.041675 498.817269 768.185300 16.651645 16.651645 -0.000000 3.556917 4.966249 
527 117.679394 585.480315 109.236481 569.949113 121.579978 573.170933 12.858471 12.858471 -0.000000 1.877666 3.396910 
528 286.997608 710.077132 311.734061 718.022380 292.811371 734.707973 25.169983 25.169983 -0.000000 4.480596 5.560530 
531 589.042917 189.437113 575.082704 183.946913 584.685708 180.001374 10.295308 10.295308 -0.000000 1.138192 2.751755 
537 659.422863 404.756703 647.869551 434.195034 655.580684 422.271804 17.140767 8.903944 -1.475687 4.928332 2.144871 
538 234.798893 520.750423 231.258819 500.576654 241.223128 507.733202 13.179589 13.179589 -0.000000 2.029245 3.764441 
549 456.873272 695.111455 436.303702 667.471274 560.927320 597.663544 142.829916 142.829916 -0.000000 2.388967 2.630991 
556 559.048851 603.125713 590.974709 594.688151 592.350981 655.032181 60.603044 60.603044 0.000000 4.141956 4.689586 
563 341.345433 565.003330 357.619683 576.140314 344.546940 574.978857 12.131081 12.131081 -0.000000 4.401837 0.088613 
594 661.301182 349.677421 651.456495 330.866625 665.304969 337.230654 12.593825 12.593825 -0.000000 1.882016 3.572358 
597 322.017186 700.615337 345.295438 707.657755 329.365385 721.999099 21.348252 21.348252 0.000000 4.381396 5.550221 
617 599.672167 600.962156 559.857722 589.805146 576.968459 606.955311 23.120038 23.120038 -0.000000 6.025100 3.928142 
620 370.045701 770.092780 392.556666 772.352503 379.884521 782.916015 16.785517 16.785517 -0.000000 4.057930 5.588289 
628 626.119996 263.133748 612.318548 251.829983 624.682968 253.125186 10.755099 10.755099 -0.000000 1.428191 3.245964 
635 622.511284 730.453132 578.713663 742.622802 555.764638 565.298182 178.412489 178.412489 -0.000000 1.186721 1.442094 
650 629.603801 663.182257 653.910356 666.727658 646.043414 649.618484 21.760393 19.261496 0.500659 2.451753 1.139816 
660 464.016828 137.168051 441.718581 130.290391 454.715438 120.695173 18.215996 18.215996 -0.000000 1.056776 2.505640 
665 713.422831 473.850993 722.894023 451.950532 753.268477 479.202390 40.399743 40.399743 -0.000000 3.275097 3.872857 
668 453.976608 748.688521 424.176243 748.359951 431.728122 679.662637 70.396547 70.396547 0.000000 1.258989 1.680286 
686 286.849238 659.546983 270.169703 650.806873 284.672180 641.142775 17.663812 17.663812 -0.000000 1.453052 2.553792 
692 -0.589914 186.552554 5.769806 193.342279 -28.791775 221.268903 44.587570 44.587570 0.000000 5.394616 5.603570 
693 598.934537 231.954602 585.424338 227.371918 592.461242 227.905050 9.206896 6.128684 1.115636 0.559015 3.217211 
695 701.657597 480.202638 703.444795 458.739974 720.016031 471.961354 20.735946 20.735946 -0.000000 2.719646 3.815022 
700 566.000637 709.003213 532.025569 691.404711 558.410056 687.134632 29.024583 21.404041 -0.691822 1.236707 2.981143 
705 303.919445 656.356381 316.626432 659.228634 303.840051 694.112920 37.690591 37.690591 -0.000000 4.714492 5.063719 
722 735.450264 477.827398 732.606799 466.587740 743.657265 468.793752 11.605793 11.605793 -0.000000 2.308284 3.338633 
725 400.487853 714.692603 419.458435 721.771440 388.443628 772.457048 58.771321 58.771321 -0.000000 4.917950 5.261517 
731 187.282929 588.603962 197.820699 609.953040 178.961165 605.309603 18.998564 18.998564 -0.000000 5.174548 0.241410 
734 595.860474 201.902904 610.803081 217.939346 584.400542 227.840301 32.791852 18.683178 -0.728017 5.128428 5.924415 
740 259.269443 751.403694 269.905312 756.209554 260.703817 791.800599 39.465865 39.465865 -0.000000 4.676897 4.965383 
743 128.977819 317.002665 115.989534 329.789771 118.048141 318.504057 11.827671 11.827671 -0.000000 6.146671 1.751221 
744 412.694164 744.169508 394.959727 749.817207 394.692474 717.833452 32.091198 32.091198 -0.000000 0.971204 1.562441 
757 246.017755 736.846592 226.481219 721.885643 240.162781 721.978940 14.803068 14.803068 -0.000000 1.195641 3.148412 
758 269.742212 147.622831 248.969986 155.221700 250.113537 129.860259 26.057266 26.057266 -0.000000 0.735532 1.615856 
766 489.828204 637.945998 505.741611 619.238485 506.853443 635.067331 15.774429 15.774429 0.000000 2.974095 4.642263 
777 401.384778 726.490462 378.217091 725.786389 389.978041 717.004516 15.393107 14.695972 0.468151 0.693720 2.500208 
780 556.306664 417.119222 562.899547 435.605298 546.796860 430.628468 15.810853 15.810853 -0.000000 5.325760 0.299755 
783 58.860425 35.321839 44.024645 14.539375 56.382942 20.830305 13.451740 13.451740 -0.000000 1.401473 3.612450 
786 105.958987 710.004034 68.898773 794.942919 23.929417 723.759337 84.192617 82.802767 -1.172613 6.117044 1.007367 
793 571.012594 646.998681 551.247877 623.861907 547.631444 645.899970 23.017957 20.463938 0.358665 0.046957 4.875039 
795 753.971805 756.919878 728.946080 759.927493 730.843354 661.662439 98.147441 98.147441 0.000000 1.332606 1.590102 
799 268.131224 510.446810 261.727477 505.361576 269.361810 502.402789 8.521999 8.521999 -0.000000 1.722601 2.771853 
804 439.861945 517.010957 528.604576 451.524273 555.102785 584.044994 134.844798 134.844798 0.000000 3.668437 4.515036 
805 378.279763 725.714910 355.126850 719.231821 368.049406 714.095215 14.873119 14.873119 -0.000000 0.848898 2.763251 
815 175.459868 242.696272 197.206116 209.414242 377.240225 350.867747 229.030658 229.030658 0.000000 3.633690 3.807555 
818 349.179619 456.993211 389.328953 464.156177 324.799924 674.391755 218.913591 218.913591 -0.000000 4.824065 5.010198 
819 633.224469 581.553445 609.306204 563.904461 629.827045 558.339241 22.794877 22.794877 -0.000000 1.425477 2.876764 
829 36.994319 286.998608 0.412659 356.335446 -87.714987 263.369071 127.399179 127.399179 0.000000 0.187257 0.812111 
837 106.332724 332.044901 114.074152 318.448517 119.331599 329.184029 13.595544 13.595544 0.000000 2.924960 4.256995 
840 324.329901 793.645401 305.186742 785.257945 316.960261 784.749594 11.674934 11.674934 -0.000000 0.878953 3.098442 
842 191.291795 198.726071 183.003193 213.009819 179.142892 200.636514 12.735514 12.735514 0.000000 6.127210 1.268380 
847 701.897637 721.457429 726.920169 719.796972 743.146285 1198.399469 478.826830 478.826830 0.000000 4.626118 4.678499 
850 182.687010 530.533109 186.841313 548.900582 174.659351 542.746230 14.103057 14.103057 -0.000000 5.293877 0.467801 
855 695.038105 161.630698 583.983604 166.253541 611.278493 -384.915328 551.679098 551.679098 0.000000 1.418727 1.620278 
860 678.316775 386.149213 677.055142 364.818292 699.273613 369.878200 29.953568 16.865856 -0.342406 2.481405 3.365508 
871 95.260587 394.839234 85.050745 420.038413 79.217531 398.653939 18.248297 18.248297 -0.000000 6.049741 1.304497 
875 560.589411 604.827037 596.980683 598.185243 591.594199 656.815840 59.823269 59.823269 0.000000 4.174640 4.804003 
877 605.457404 562.440263 637.585359 543.033139 648.779579 597.511890 54.992969 54.992969 -0.000000 3.822132 4.509731 
882 359.109353 573.255006 374.101956 574.723361 364.097737 588.185231 16.305638 16.305638 -0.000000 4.389937 5.351493 
887 559.676285 671.514110 564.382542 707.248988 561.027490 689.406586 18.214086 13.007689 1.526722 4.637014 1.384929 
892 452.973678 124.284420 471.986187 124.674047 456.073980 257.480001 133.275876 133.275876 -0.000000 4.689117 4.831636 
893 718.852141 364.121853 725.865256 371.116629 644.409014 483.227747 138.317009 138.317009 0.000000 5.271000 5.340724 
902 521.747791 541.110826 482.251425 564.509915 505.149154 559.174710 24.205448 23.866581 1.387655 5.455540 2.912675 
909 247.752465 725.480028 256.898696 730.196451 243.503703 744.246220 19.384366 19.384366 -0.000000 4.935040 5.473934 
911 639.076621 189.104122 617.112995 190.628287 609.737465 -91.328322 281.948041 281.948041 0.000000 1.466554 1.544644 
914 129.743505 474.191338 126.015007 459.998865 150.205504 460.643653 25.102111 25.102111 -0.000000 2.556765 3.168241 
916 390.000892 565.004492 408.607751 567.697326 396.443494 577.119446 14.208815 14.208815 -0.000000 4.223635 5.624141 
921 665.290953 492.754631 707.755295 595.903311 571.070027 591.269088 135.477656 135.477656 0.000000 5.475514 0.033891 
929 420.399155 133.668743 399.727227 132.347451 411.328984 117.804114 19.106099 19.106099 -0.000000 1.051428 2.244156 
932 91.028666 360.321179 94.015892 348.012327 97.665854 355.715927 8.145654 8.145654 -0.000000 2.535002 4.269921 
940 24.010076 435.109457 -0.062098 437.325434 -44.482238 -219.303649 657.909112 657.909112 0.000000 1.466514 1.503250 
942 345.984633 584.030610 363.022702 587.539446 343.186869 641.953086 57.241124 57.241124 -0.000000 4.760653 5.061956 
951 43.995128 398.986672 22.930672 402.102666 26.588616 343.055411 58.702542 58.702542 0.000000 1.269085 1.632667 
952 648.946226 417.084149 648.801557 394.886924 658.871428 407.129804 14.837628 14.837628 -0.000000 2.354728 4.024073 
954 632.185923 462.725516 644.148345 470.828339 520.098357 646.866793 215.753552 215.753552 -0.000000 5.259184 5.326246 
955 576.116894 580.174516 596.520256 572.850646 575.439207 559.891623 23.789335 21.968591 0.370986 1.537397 0.551176 
956 530.923858 682.489036 492.509118 665.557934 509.366300 679.519087 21.631921 20.201836 0.853650 0.136906 3.833295 
963 390.041268 525.230611 370.927474 519.067336 383.099186 509.748992 16.076999 16.076999 -0.000000 1.149267 2.488199 
964 518.109524 615.491401 530.034227 583.621827 530.218398 603.359510 24.349840 19.318581 0.368071 2.355245 4.703058 
969 322.078489 758.640899 339.452151 759.355467 330.871136 776.371182 19.390435 19.390435 -0.000000 4.252018 5.179470 
970 569.168640 633.146137 571.645719 647.238056 544.703429 643.305671 26.604621 26.604621 -0.000000 5.889589 0.144932 
971 655.796308 671.100628 627.121291 666.719822 645.884027 649.288494 24.003729 24.003729 -0.000000 1.144257 2.392963 
1013 42.872362 571.588159 51.257884 589.350353 17.837326 594.004516 32.647206 32.647206 0.000000 5.552918 6.144815 
1021 586.897074 588.420832 598.846038 601.023591 583.915360 604.277544 16.118310 16.118310 -0.000000 4.898260 6.068603 
1036 163.201166 577.906077 172.656227 598.030278 154.615863 594.813664 18.879113 18.879113 -0.000000 5.182240 0.176447 
1037 261.085848 685.366870 248.179399 678.788048 258.743692 675.168154 10.840286 10.840286 -0.000000 1.345058 2.811477 
1062 248.052749 629.884336 236.396784 610.900843 250.148754 614.987099 15.012105 15.012105 -0.000000 1.710576 3.430423 
1067 556.955982 391.986355 549.141509 388.809304 556.262111 383.442991 9.294140 9.294140 -0.000000 1.489757 2.495771 
1076 748.028963 401.211838 797.983504 395.849167 825.277340 867.438949 472.240025 472.240025 -0.000000 4.548192 4.654577 
1077 779.061434 482.475469 798.139063 473.535821 911.103676 691.204010 246.684070 246.684070 -0.000000 4.148341 4.233676 
1083 549.283382 598.851443 525.186074 622.320296 530.638244 602.825746 19.720595 19.720595 -0.000000 6.073173 1.843505 
1091 558.020185 282.981042 560.522782 294.045026 538.200590 294.449549 22.278157 22.278157 -0.000000 5.758616 6.265065 
1092 605.841647 295.417292 593.978753 278.007344 612.626459 279.398866 17.986090 17.986090 -0.000000 1.971449 3.216076 
1116 -0.057392 614.279770 27.009793 612.122900 29.242948 930.826236 317.952871 317.952871 0.000000 4.620089 4.705382 
1118 225.092438 175.566167 208.033819 176.572997 205.106954 -163.906366 340.209982 340.209982 0.000000 1.511992 1.562200 
1122 501.057914 655.980159 520.053445 657.058861 510.027265 681.109482 25.150676 25.150676 0.000000 4.369556 5.107360 
1135 145.063176 696.016467 144.598624 726.009272 13.192751 706.690809 131.923565 131.923565 0.000000 6.202416 0.145968 
1139 355.037641 671.226439 336.474124 666.625956 349.991451 649.025222 22.729189 22.729189 0.000000 1.347300 2.225717 
1145 577.199658 406.534429 570.769551 395.981914 580.612437 396.810197 10.692526 10.692526 -0.000000 1.908323 3.225545 
1165 221.638696 504.320934 225.910070 522.983159 214.450692 515.299666 13.747440 13.747440 -0.000000 5.292076 0.590651 
1166 175.242978 637.045955 176.520457 658.089816 -28.041330 649.816699 203.843319 203.843319 0.000000 6.220446 0.040421 
1172 467.446659 474.510226 442.645523 491.318418 393.017022 391.259759 112.233623 112.233623 -0.000000 0.841281 1.110359 
1181 562.014767 232.960366 546.402866 218.950086 562.931369 216.284508 16.478298 16.478298 -0.000000 1.625707 2.981698 
1192 443.916418 705.909881 424.696197 709.472550 431.740891 699.792365 12.914620 12.914620 -0.000000 0.465601 2.199901 
1208 282.548731 190.848058 267.471021 187.166301 291.899970 118.812366 72.608457 72.608457 -0.000000 1.699888 1.914039 
1210 755.147310 512.505797 776.168150 488.249238 790.486507 521.174448 35.743968 35.743968 -0.000000 3.382141 4.302184 
1215 194.548258 466.803101 193.625405 448.877165 208.805996 456.963526 17.169756 17.169756 -0.000000 2.537527 3.631039 
1218 644.227094 592.972912 675.087296 572.710944 673.033336 602.464603 35.878009 24.698641 0.952510 3.459890 4.781312 
1229 798.119837 380.977556 777.407300 370.989830 820.683494 317.490568 68.542893 68.542893 -0.000000 1.912279 2.250948 
1236 430.753359 541.485836 544.055104 452.372043 558.548222 587.701966 135.813469 135.813469 0.000000 3.488602 4.605701 
1251 421.858619 312.807941 428.269504 274.708812 763.829053 343.473529 342.584610 342.584610 -0.000000 3.231027 3.343720 
1256 729.085381 93.260131 673.004061 97.059943 641.448122 -700.168938 797.730145 797.730145 -0.000000 1.460788 1.531235 
1259 107.043385 532.068510 118.930159 540.042717 103.492751 538.805348 14.794305 14.794305 -0.000000 5.197440 0.079983 
1263 399.992232 394.847586 401.663386 383.797851 449.985749 397.285347 50.011832 50.011832 0.000000 3.190316 3.413780 
1281 347.248448 409.915633 348.603659 397.843251 650.272651 453.825297 306.794919 306.794919 -0.000000 3.285496 3.325080 
1292 760.005901 533.121507 798.013388 531.275682 812.983654 1156.765772 625.688004 625.688004 -0.000000 4.627644 4.688460 
1298 609.404543 671.717383 584.365124 645.077673 605.632472 647.301813 25.124007 25.124007 -0.000000 1.417514 3.245794 
1302 286.274736 281.848206 294.472353 242.680272 520.917854 309.024720 235.590241 235.590241 -0.000000 3.256900 3.426599 
1306 340.871265 443.000602 302.730652 438.093526 339.660456 325.813666 116.697878 116.697878 0.000000 1.560464 1.888559 
1315 317.839637 292.844845 305.843355 291.802067 324.300460 168.697387 124.516262 124.516262 -0.000000 1.622791 1.719618 
1318 302.098572 195.722746 290.439155 191.577502 319.932209 132.031576 66.283185 66.283185 -0.000000 1.843807 2.030676 
1331 291.810022 436.543625 252.785755 431.740801 284.847860 335.946559 99.877887 99.877887 0.000000 1.501698 1.893774 
1352 518.706506 656.368616 529.824300 665.220671 512.304134 677.394168 20.770590 20.770590 0.000000 5.007973 5.675939 
1364 443.861394 326.281179 429.809489 324.760959 464.031049 -3.197325 330.099887 330.099887 -0.000000 1.631937 1.674767 
1369 404.977464 104.460023 427.071407 105.542387 408.182626 233.014201 128.525671 128.525671 0.000000 4.687462 4.859499 
1375 73.048506 419.476461 31.965280 423.658952 -23.863688 -357.079487 782.409512 782.409512 0.000000 1.446641 1.499410 
1377 798.018702 584.478368 758.963977 586.403226 736.057097 -159.938799 746.679196 746.679196 0.000000 1.487753 1.540114 
1403 337.191721 246.245079 329.369469 284.281633 215.185710 243.809555 120.826654 120.826654 -0.000000 0.019960 0.340631 
1411 268.742825 186.424976 258.745110 227.425534 167.304216 185.926556 99.792851 99.792851 -0.000000 0.004913 0.426038 
1414 142.048244 728.012423 122.315620 772.233155 62.884170 718.868175 79.376931 79.376931 -0.000000 0.115000 0.731667 
1417 456.552095 173.343030 499.370405 214.667853 361.307884 316.620461 171.151519 171.151519 0.000000 5.299066 5.647116 
1418 420.951713 321.694668 406.934600 321.295275 411.717281 178.477595 143.336532 143.336532 -0.000000 1.506407 1.604272 
1423 400.004689 94.884311 444.013451 96.668146 401.600729 627.972740 532.775205 532.775205 -0.000000 4.709395 4.792048 
1443 406.899670 206.924768 393.836447 205.507506 413.050072 66.728322 140.436502 140.436502 -0.000000 1.614638 1.708369 
1474 261.213290 371.674924 302.276123 378.284564 251.926236 549.772018 177.795113 177.795113 -0.000000 4.764488 4.997970 
1482 330.071173 126.898633 300.984624 125.467847 325.624525 52.197347 77.008479 77.008479 -0.000000 1.511341 1.895203 
1487 533.402402 690.351870 545.214485 671.050345 550.692303 683.508588 16.361079 16.361079 -0.000000 2.764715 4.298138 
1498 389.911673 451.477101 351.738944 444.410109 405.251271 265.141610 186.466870 186.466870 0.000000 1.652934 1.860880 
1506 528.881648 451.985166 560.912495 448.249669 605.517244 970.050584 523.505816 523.505816 -0.000000 4.565528 4.627114 
1521 341.719111 297.527495 327.643415 294.939138 343.013228 248.213873 49.281642 49.281642 0.000000 1.597033 1.888588 
1527 631.901543 172.393024 688.055195 167.775972 704.722611 767.123572 599.295856 599.295856 -0.000000 4.590552 4.684587 
1529 391.223206 296.767038 396.609415 255.686562 548.577217 295.857317 156.418310 156.418310 -0.000000 3.135811 3.400019 
1537 641.015776 615.027789 619.043554 623.324576 611.042361 578.885395 46.392165 46.392165 0.000000 0.878434 1.392657 
1538 594.372559 629.898053 619.656610 637.859574 604.490690 640.755942 15.453542 15.453542 -0.000000 3.962243 6.094479 
1544 398.943908 256.495806 385.999610 256.010404 396.965494 164.971599 91.980236 91.980236 -0.000000 1.549183 1.690672 
1551 398.433407 244.892069 405.733721 206.568295 489.093011 242.548032 89.563897 89.563897 0.000000 3.115743 3.549059 
1563 349.693788 248.593445 336.786119 246.112983 382.251428 49.285837 202.383432 202.383432 0.000000 1.732720 1.797806 
1567 260.882167 384.538894 257.479394 396.423574 227.388662 381.482825 33.517007 33.517007 -0.000000 0.090992 0.460862 
1573 358.796382 198.925033 344.742075 197.438456 356.201593 127.231550 71.526843 71.526843 -0.000000 1.534619 1.732594 
1574 458.137013 229.973715 446.804972 228.460846 463.759897 132.081559 98.200454 98.200454 0.000000 1.628173 1.744933 
1575 373.668272 252.853540 360.724911 250.537069 387.193404 79.360220 174.021495 174.021495 -0.000000 1.648597 1.724208 
1580 618.573090 724.384650 502.184761 721.663195 562.427709 593.541235 142.292681 142.292681 0.000000 1.165455 2.010321 
1583 118.330982 169.835761 93.796879 171.642087 99.825230 127.293232 45.478846 45.478846 0.000000 1.160491 1.705899 
1594 375.996833 116.082964 412.981117 117.494700 373.166239 527.534337 411.421924 411.421924 0.000000 4.719268 4.809186 
1601 630.989216 53.860803 580.931769 58.395720 569.467215 -286.995842 345.675328 345.675328 -0.000000 1.392227 1.537616 
1610 245.015428 123.583645 300.975648 125.657208 245.460754 754.971392 631.240547 631.240547 0.000000 4.711684 4.800376 
1617 368.745424 201.028475 382.775446 202.789258 349.413462 623.745897 422.266062 422.266062 0.000000 4.758090 4.791476 
1620 377.375258 303.512352 368.981156 342.427342 271.024349 304.144590 104.630892 104.630892 0.000000 6.277241 0.372561 
1622 462.958811 706.773726 444.368656 704.903826 453.750972 691.790974 16.966894 16.966894 -0.000000 1.019738 2.191853 
1624 498.229391 780.232082 479.146158 783.785029 479.886938 732.200151 50.842820 50.842820 0.000000 1.206007 1.585156 
1634 45.089026 469.680392 0.074623 475.570315 -19.548123 153.945795 321.701787 321.701787 0.000000 1.368867 1.509861 
1639 655.015480 106.249903 610.998548 108.976563 610.000045 -312.442758 420.942320 420.942320 0.000000 1.463693 1.568427 
1643 375.438142 241.902408 382.248143 202.695711 513.272303 244.100975 136.825134 136.825134 0.000000 3.157542 3.447674 
1645 394.632999 428.315193 355.815809 422.161953 394.675255 311.990492 115.586192 115.586192 0.000000 1.571160 1.909890 
1659 140.932737 690.012602 142.663503 722.977951 41.410693 711.404055 101.875017 101.875017 0.000000 6.071465 0.113813 
1662 248.986975 617.098663 264.851088 629.527691 252.316801 630.045785 12.219914 12.219914 -0.000000 4.460658 6.241875 
1668 690.947254 185.989379 707.386384 132.206944 848.208490 203.013820 157.645447 157.645447 -0.000000 3.249429 3.607486 
1680 509.011304 435.375812 510.114214 452.492115 491.722987 447.983251 21.022047 21.022047 -0.000000 5.653100 0.240422 
1691 190.941177 163.500804 243.017951 161.457502 233.338742 840.992922 678.925774 678.925774 -0.000000 4.649890 4.726632 
1692 352.677150 299.334590 344.888292 338.376712 232.891180 298.691764 118.297047 118.297047 0.000000 0.005366 0.340535 
1699 250.244732 166.499973 275.957751 153.913688 372.127617 378.159643 243.830364 243.830364 0.000000 4.189921 4.307254 
1707 41.703616 650.986348 82.080063 774.730666 32.958789 723.626666 72.242556 69.453681 -1.191668 4.832198 0.805178 
1714 344.302162 338.956144 359.126005 341.147692 344.399725 382.819529 43.826315 43.826315 0.000000 4.710165 5.052078 
1723 608.288471 554.068307 625.791429 531.433623 623.591805 550.267094 17.183205 17.183205 -0.000000 2.898129 4.828656 
1742 743.816821 566.474560 771.036886 564.407602 752.900778 746.303538 181.729110 181.729110 0.000000 4.661917 4.811766 
1750 253.142509 420.859592 294.127314 425.981190 247.938965 625.143450 203.810990 203.810990 -0.000000 4.737856 4.940274 
1761 367.016548 108.155093 344.976615 108.432237 352.995030 -121.204513 229.921790 229.921790 0.000000 1.509739 1.605700 
1778 23.977478 476.102638 -0.007414 476.704611 -1.814076 283.492693 193.436951 193.436951 -0.000000 1.437683 1.561446 
1802 441.041119 40.656687 419.002296 42.036661 397.224803 -347.396998 390.250286 390.250286 0.000000 1.458360 1.514934 
1804 707.212658 132.121192 717.346979 112.189305 813.059888 170.778701 112.305147 112.305147 0.000000 3.491761 3.690889 
1809 573.959995 585.055866 583.028458 584.671613 578.641686 640.433504 56.258796 56.258796 -0.000000 4.628048 4.790897 
1815 452.519907 267.748181 456.286775 238.974361 775.760434 303.030817 324.997544 324.997544 -0.000000 3.250315 3.339475 
1820 172.831679 686.265728 186.281341 698.371934 171.387830 702.614309 15.469912 15.469912 -0.000000 4.800477 6.005687 
1826 238.359400 182.162231 270.048290 167.096882 262.416646 190.561717 24.778870 24.778870 -0.000000 3.477506 5.026836 
1840 211.997798 136.817060 282.999743 136.745446 245.438860 936.062713 799.646540 799.646540 -0.000000 4.670573 4.759346 
1856 785.214793 390.187417 747.977309 395.670660 729.089182 158.907018 237.702437 237.702437 0.000000 1.332725 1.491189 
1859 130.645519 531.718431 135.972418 547.169669 120.700947 544.621339 15.413335 15.413335 -0.000000 5.369022 0.165345 
1882 662.456654 430.825347 657.778003 456.266532 649.852106 440.118634 19.192570 14.820183 0.846057 5.647864 1.114510 
1884 368.874896 472.513966 358.974649 470.104151 477.614825 67.851585 419.284414 419.284414 -0.000000 1.833313 1.857604 
1921 282.968510 645.405387 299.535509 656.815596 286.737555 658.122401 12.854736 12.854736 -0.000000 4.424258 6.181428 
1934 206.956084 166.626975 241.017193 165.537532 233.490998 376.444672 210.750054 210.750054 0.000000 4.586590 4.748059 
1960 503.164014 437.285802 486.257985 457.074719 407.302040 374.260006 114.493963 114.493963 -0.000000 0.581604 0.809247 
2004 636.095230 151.286517 606.037854 153.511400 611.221590 -60.120216 212.942922 212.942922 0.000000 1.453677 1.595056 
2018 234.113978 83.796652 215.898526 82.071335 236.580530 -14.133604 98.132448 98.132448 -0.000000 1.595978 1.782552 
2021 663.259316 496.635164 683.195836 521.253585 639.062016 538.160867 46.786120 46.786120 -0.000000 5.239996 5.917340 
2067 0.920631 656.615155 41.005041 651.581276 31.247020 725.960263 74.614122 74.614122 -0.000000 4.300125 4.842837 
2091 27.965830 301.452726 13.350338 332.632961 -70.211977 274.571929 100.840911 100.840911 0.000000 0.267248 0.607243 
2118 385.801597 580.849557 399.149436 582.696555 391.201105 591.465074 11.877952 11.877952 -0.000000 4.241851 5.448763 
2120 540.988014 670.113019 559.100631 669.648805 553.085777 692.287132 23.152455 23.152455 -0.000000 4.212945 4.972082 
2220 77.185830 157.495476 97.964312 153.330988 92.809175 181.860141 28.694839 28.694839 0.000000 4.142204 4.891157 
2244 631.361900 646.152932 651.754629 642.687759 641.864949 644.314954 10.447365 6.744703 -0.220099 2.968352 6.120112 
2285 493.656199 243.177116 487.754368 212.353986 606.386243 206.458728 117.966925 117.966925 -0.000000 2.826710 3.091940 
2297 390.061914 282.003799 382.000000 285.000000 384.934358 284.880691 8.822572 5.314533 1.455024 5.771887 3.100956 
2405 312.751726 242.466719 325.718728 244.661662 305.545479 331.905322 89.237605 89.237605 0.000000 4.792787 4.939624 
2420 647.848983 249.459212 661.261827 256.589455 646.487834 267.400937 17.830126 17.830126 -0.000000 4.788109 5.651440 
2429 276.969836 277.991451 284.009486 253.152455 315.772316 274.912947 37.524015 37.524015 0.000000 3.062421 3.742244 
2444 451.988241 727.684704 464.014512 728.696452 455.382124 753.025198 25.751426 25.751426 -0.000000 4.579250 5.053354 
2488 517.113262 230.580491 541.255183 254.967086 528.321017 243.009743 16.045974 8.496595 0.814294 3.978622 0.746175 
2494 695.291523 389.961689 693.190593 373.974953 892.688961 357.779002 200.085405 200.085405 -0.000000 2.979980 3.060587 
2496 241.825495 194.950609 249.080584 176.618530 279.601724 199.785863 37.995565 37.995565 0.000000 3.268898 3.790866 
