10 690.084496 619.802714 703.501321 604.039219 700.865370 620.668737 18.296793 9.942029 1.460247 3.221750 4.869591 
14 775.285689 581.703416 763.000772 546.308151 780.499254 564.288927 24.318277 16.319751 0.892516 1.861685 3.940584 
18 749.840642 617.614096 743.257093 639.582505 664.421981 578.998504 102.971328 30.822524 0.564440 0.424578 0.655230 
20 706.639738 637.015376 692.385562 628.457361 708.307585 618.490729 17.863372 17.863372 -0.000000 1.660588 2.582300 
21 703.467861 601.234358 718.576030 591.226432 714.218063 603.126285 10.941469 10.941469 -0.000000 3.315799 5.063440 
25 726.218426 623.102534 712.338905 624.892199 719.784807 622.074459 7.287834 7.287834 -0.000000 0.158458 2.779820 
28 716.919884 591.008946 716.778952 573.993548 1328.999487 588.036876 612.246035 612.246035 -0.000000 3.136737 3.164527 
33 618.497045 279.191676 655.343348 263.823185 916.708661 959.285061 742.561023 742.561023 0.000000 4.299151 4.352904 
37 749.932053 280.966441 798.796646 211.832281 923.920580 352.980345 188.051987 188.051987 -0.000000 3.534024 3.987098 
39 767.139651 619.623351 757.099479 610.440332 767.773156 609.495481 10.152884 10.152884 -0.000000 1.633266 3.053301 
44 355.153313 278.991215 362.346959 264.732661 368.705259 275.685271 13.648609 13.648609 -0.000000 2.902320 4.186410 
53 773.164438 592.470684 767.687642 619.360706 765.373225 604.246357 15.086213 11.924183 1.479594 5.296901 1.418849 
54 336.395533 688.441058 344.158167 709.262933 344.829914 696.101187 11.518777 10.839155 -1.565778 3.878921 1.621790 
57 115.582793 107.072618 128.067688 94.093967 130.527740 111.128739 15.970532 15.970532 0.000000 3.406613 4.568967 
79 221.075212 760.181649 235.147054 754.355158 245.145380 799.250358 45.554994 45.554994 0.000000 4.160216 4.493261 
88 282.201171 774.055200 254.860378 779.267639 238.258989 633.322563 146.696616 146.696616 0.000000 1.268149 1.457532 
89 339.957895 704.136688 335.345257 677.459691 346.596695 687.651245 22.154422 14.885272 -0.384056 1.953634 3.877603 
90 122.989278 145.090187 109.558514 130.486349 224.456710 39.858017 146.041705 146.041705 0.000000 2.337983 2.473736 
94 591.601968 258.354221 609.366023 300.310898 566.593399 288.664959 41.029049 41.029049 0.000000 5.402232 0.265832 
98 212.369264 774.843855 221.425267 760.429964 234.068297 778.779812 22.330573 22.330573 0.000000 3.321030 4.109084 
115 459.071328 140.767039 563.717651 216.736703 421.425205 302.685688 165.662266 165.662266 -0.000000 4.940831 5.739807 
117 63.904538 432.480978 56.068979 340.948374 234.003817 370.823715 179.911998 179.911998 0.000000 2.793845 3.307942 
131 392.603387 274.495163 411.675310 282.805214 400.532531 283.161024 11.027475 11.027475 -0.000000 3.971356 6.251264 
135 526.535596 299.229750 549.103717 401.006037 356.981255 389.852006 192.729676 192.729676 0.000000 5.792341 0.057992 
137 346.389918 701.974063 321.012105 691.008789 333.958416 698.852629 12.865188 7.642203 0.232710 0.246005 3.686320 
143 28.152829 497.921632 17.359524 487.505642 73.854071 441.509986 72.388273 72.388273 0.000000 2.251689 2.458276 
155 188.880913 517.776404 294.079442 200.741561 337.238986 389.912381 195.061667 195.061667 -0.000000 2.430253 4.488077 
156 770.971481 585.036755 744.595434 561.357692 795.067903 531.734584 57.370363 57.370363 -0.000000 1.995372 2.610849 
162 548.576135 421.152611 520.114418 494.060212 297.564981 362.061254 258.274549 258.274549 -0.000000 0.231204 0.535347 
167 396.383476 728.500712 360.096159 726.867081 380.143742 712.705679 23.383877 23.383877 -0.000000 0.771517 2.526591 
171 44.635597 554.798358 63.227902 537.208399 246.636757 756.516537 285.519042 285.519042 -0.000000 3.926290 4.015899 
175 392.046522 197.779660 521.589242 290.307313 350.238065 387.800421 195.843088 195.843088 -0.000000 4.928959 5.765897 
189 262.003660 793.997442 263.317994 782.422550 268.555109 788.121011 8.675644 8.675644 -0.000000 2.410456 3.969154 
192 262.840245 760.722724 280.968944 754.771205 278.113645 772.041831 17.158944 17.158944 -0.000000 3.779373 4.876234 
200 241.708651 648.159590 112.283933 552.247172 263.087492 483.436840 165.036205 165.036205 -0.000000 1.699862 2.713519 
201 266.929803 764.588149 283.459336 771.637148 271.532019 777.821107 13.502359 13.502359 0.000000 4.377689 5.804871 
208 381.023184 287.517431 356.014062 278.998413 370.723941 271.108166 17.594023 17.594023 -0.000000 1.010295 2.649258 
214 795.511297 610.505724 780.527274 589.136429 819.050236 575.734213 41.605487 41.605487 0.000000 2.165892 2.806788 
215 380.894334 730.823777 363.351654 724.565459 375.390594 715.424931 15.053657 15.053657 -0.000000 1.227533 2.492200 
227 138.845450 403.994117 283.022566 198.059157 338.364168 389.868747 199.285885 199.285885 -0.000000 3.070913 4.431494 
237 493.184686 432.417518 533.189919 376.421256 987.885437 738.333647 580.717796 580.717796 0.000000 3.695422 3.813856 
239 361.140805 710.058947 376.827529 705.371761 370.547237 712.952283 10.136340 10.136340 -0.000000 3.439999 5.404255 
244 129.344952 120.753019 115.857028 106.205400 202.569189 38.454094 110.270579 110.270579 -0.000000 2.297911 2.478336 
255 599.587924 271.394057 571.840127 232.149619 648.059154 206.491661 80.456109 80.456109 0.000000 2.212267 2.816874 
258 483.277569 540.311138 443.274561 569.497591 384.073136 445.418062 137.163337 137.163337 -0.000000 0.763189 1.125616 
261 609.020634 300.141142 619.496698 351.159136 570.483435 329.907536 51.235476 51.235476 -0.000000 5.625497 0.409123 
264 175.820397 628.271479 138.974487 597.025186 264.207932 486.171158 167.034497 167.034497 -0.000000 2.127241 2.417027 
273 522.929355 602.767577 392.261056 669.445340 376.979573 483.643743 186.178949 186.178949 0.000000 0.684540 1.488735 
289 381.310032 709.120190 371.018454 716.890081 375.984109 712.963301 6.124629 4.311726 -0.449940 5.658118 2.472494 
290 58.225827 419.947736 54.017593 401.764494 505.686700 312.134296 460.303622 460.303622 -0.000000 2.905154 2.945695 
301 248.300380 753.421212 282.650553 751.141602 265.628580 754.123490 17.753726 10.270625 -0.140084 3.182098 6.109766 
303 473.291248 494.998284 485.675327 444.393255 585.778713 498.298596 113.764251 113.764251 -0.000000 3.170924 3.635561 
307 166.624011 491.619169 139.333299 403.950535 342.515067 386.963537 203.918898 203.918898 -0.000000 2.604856 3.058182 
320 377.683997 682.722224 371.989703 675.023855 372.144306 679.949404 6.206943 6.206943 -0.000000 0.464077 4.681011 
324 589.958956 258.026212 576.577666 233.724439 641.447336 212.576335 68.161572 68.161572 -0.000000 2.418406 2.826448 
326 659.042679 36.097868 434.867409 0.171735 576.094866 -159.170718 212.650298 212.650298 0.000000 1.169105 2.295998 
344 363.865522 702.933177 378.888001 702.349534 370.210552 715.552131 15.460910 15.460910 0.000000 4.246490 5.293846 
346 583.796326 533.549715 557.816738 569.125422 546.177027 532.245943 37.323271 37.323271 0.000000 0.034643 1.265076 
348 544.044180 53.806147 431.419397 -0.445942 568.833575 -143.520124 198.280269 198.280269 0.000000 1.695768 2.336018 
352 214.105523 636.760065 110.384195 539.784468 259.487135 485.548031 157.101812 157.101812 0.000000 1.862362 2.792720 
356 490.453366 289.016066 511.667325 334.018446 475.755778 322.743131 36.775309 36.775309 -0.000000 5.123355 0.304228 
365 711.201955 624.901049 704.987802 636.124347 697.883524 614.000754 24.042053 10.409636 1.134591 0.685882 1.260080 
367 250.144414 643.497391 107.430500 527.301389 269.112785 474.407065 168.529208 168.529208 0.000000 1.682508 2.825418 
370 675.704168 427.764288 664.742098 298.959446 828.010832 350.138984 169.839331 169.839331 -0.000000 2.670243 3.445359 
384 507.769715 351.751729 492.498333 391.740057 428.086723 340.038706 81.307500 81.307500 -0.000000 0.145950 0.676368 
387 165.378628 178.356626 300.027760 112.620697 298.669520 278.555558 165.692814 165.692814 -0.000000 3.786201 4.720574 
390 375.785562 47.192582 337.444226 -0.292143 489.810478 -87.559619 175.388764 175.388764 -0.000000 2.273070 2.621452 
395 324.209456 310.401522 344.850042 315.954361 335.144950 312.955354 11.892859 10.564486 -1.134565 3.371017 0.299706 
414 600.055137 302.174837 596.099316 280.796583 668.834893 280.156221 71.841239 71.841239 0.000000 2.831770 3.132789 
415 699.984575 9.980473 628.283098 49.806003 597.495663 -88.929346 141.518430 141.518430 -0.000000 0.767629 1.352420 
423 415.119683 75.480650 346.214100 19.437304 491.103789 -90.483041 181.937300 181.937300 0.000000 2.000147 2.492579 
425 415.505563 68.846925 340.172091 -0.122941 481.044100 -79.042697 160.816054 160.816054 -0.000000 1.987946 2.630934 
426 336.672056 226.134319 371.575149 223.722676 363.419339 285.044429 64.397661 64.397661 -0.000000 4.286184 4.844613 
440 210.074457 141.149784 325.994815 115.659268 305.863623 306.948944 191.468422 191.468422 -0.000000 4.188496 4.817242 
441 515.002165 124.077120 475.119908 114.860695 499.343811 88.284106 36.644546 36.644546 -0.000000 1.158411 2.309915 
444 652.721768 335.782522 658.484443 301.912283 878.999162 358.246585 227.060395 227.060395 0.000000 3.240545 3.391710 
447 337.967239 117.877888 365.026790 112.268021 388.655182 243.537033 134.471679 134.471679 0.000000 4.328975 4.534296 
467 355.969811 192.469009 388.030083 194.532627 356.820633 408.678223 215.922090 215.922090 -0.000000 4.708454 4.857109 
474 60.186184 390.005680 72.575873 309.875568 218.466411 372.594681 158.099573 158.099573 0.000000 3.032032 3.547611 
480 750.782121 572.179673 714.855884 523.097099 965.915828 379.172566 288.933581 288.933581 0.000000 2.410355 2.621061 
485 444.095014 663.371489 395.945426 673.594165 363.189369 414.709123 261.121374 261.121374 0.000000 1.256236 1.444938 
487 421.473159 83.130702 372.954704 54.065716 531.284417 -159.826281 266.120342 266.120342 0.000000 1.995294 2.208017 
502 66.725738 317.862555 102.625718 253.369014 693.863675 640.754969 706.095045 706.095045 -0.000000 3.617063 3.721623 
526 628.141266 49.836366 544.962441 53.276817 575.931538 -169.032726 224.741429 224.741429 0.000000 1.336629 1.709212 
528 703.931109 510.906122 691.973297 491.008142 717.397292 488.932893 25.107272 25.107272 0.000000 2.120607 3.060148 
564 713.218572 511.144779 692.519364 475.112120 732.224009 478.632610 38.464471 38.464471 -0.000000 2.099788 3.230028 
568 581.493609 174.347845 577.520971 147.004491 618.704784 154.845270 41.219342 41.219342 0.000000 2.658847 3.329726 
571 405.001101 111.972570 374.165257 104.597808 404.152358 53.187188 59.080399 59.080399 0.000000 1.556359 2.098836 
574 752.641336 588.195844 755.001358 578.665253 757.968658 590.044355 12.161328 5.092632 1.207852 3.475581 4.457302 
577 665.051794 158.050274 686.028214 144.052256 696.225297 184.468364 40.860469 40.860469 -0.000000 3.844606 4.465244 
611 761.368750 150.319051 743.766525 170.663214 687.424212 104.064603 86.577725 86.577725 -0.000000 0.558980 0.868630 
622 499.801813 433.893759 510.333682 414.209062 725.735526 531.467119 245.658722 245.658722 -0.000000 3.549265 3.640102 
623 742.779021 637.691609 731.832645 630.160190 764.919149 598.149950 46.234248 46.234248 -0.000000 2.081223 2.372726 
632 610.994502 131.500588 573.998964 131.094291 596.997148 -169.484403 300.973128 300.973128 -0.000000 1.524325 1.647161 
