3 72.767760 617.109820 50.348934 639.722659 -3.568729 563.946988 93.079461 93.079461 -0.000000 0.608324 0.952365 
5 319.987887 628.036969 729.124465 237.981157 465.971051 405.490900 369.758500 242.793208 0.030815 2.151356 5.716325 
17 377.155860 462.784877 390.967370 415.943758 408.406788 440.451662 44.886357 27.061391 -0.128832 2.521108 4.093931 
32 411.456989 405.919698 419.041558 384.270935 414.958721 393.970742 12.076418 5.346167 -1.536866 1.855872 5.110798 
33 770.801074 282.784592 760.527528 293.712209 671.092423 199.871363 129.598415 129.598415 -0.000000 0.693688 0.809432 
37 15.564805 49.979866 14.832093 61.939599 -3.087749 55.460205 18.968423 18.968423 0.000000 5.997415 0.346951 
44 7.898182 21.428251 26.102040 50.025356 -21.170712 59.910828 46.570505 46.570505 -0.000000 5.359323 6.077040 
48 733.544691 703.588358 707.428422 732.450075 384.674047 424.747226 446.093590 446.093590 -0.000000 0.674294 0.761529 
49 0.796111 26.136467 16.221349 49.182524 -22.284243 60.126723 39.282244 39.282244 -0.000000 5.308901 6.006264 
56 56.769335 631.684683 32.767451 647.583921 -8.800405 562.520378 94.648194 94.648194 0.000000 0.812071 1.116255 
60 23.147012 64.036636 7.720550 88.747944 -29.205305 46.254591 56.155358 56.155358 0.000000 0.327435 0.855386 
61 47.167888 164.486433 10.194348 330.187196 -69.050302 224.609971 130.858066 130.858066 -0.000000 5.805767 0.926921 
63 73.722243 553.130427 81.148416 583.793336 21.468113 582.771794 60.144055 60.144055 -0.000000 5.767192 0.017115 
64 723.013074 431.854894 703.985197 402.829979 727.307770 411.538838 23.028171 23.028171 -0.000000 1.779123 3.498968 
68 560.485059 340.084158 541.882057 331.248319 562.009823 315.728737 23.319399 23.319399 -0.000000 1.633319 2.484753 
69 7.703358 328.247015 5.649939 308.840051 15.523861 319.166669 12.285801 12.285801 -0.000000 2.281789 3.949397 
71 37.306947 168.899765 30.025702 141.510223 118.947994 132.792175 89.073771 89.073771 -0.000000 2.725183 3.043864 
75 30.798119 69.216474 28.066066 54.073564 49.812467 59.831098 25.912533 25.912533 -0.000000 2.683083 3.400412 
77 750.990218 444.996014 355.050414 586.812190 455.558387 399.884640 299.813781 201.645647 0.055136 0.151526 2.064135 
79 750.145833 432.037545 358.048191 585.780231 490.937121 444.682275 256.464063 154.348851 -0.090851 6.234442 2.326242 
82 771.353889 280.192656 762.130239 249.259344 1086.288706 164.426005 335.069709 335.069709 0.000000 2.789335 2.885630 
87 575.805558 333.041384 563.373755 337.947142 542.851812 264.812615 75.961809 75.961809 -0.000000 1.120850 1.297226 
93 770.816294 452.929499 434.021279 614.696373 472.045785 414.890870 304.082721 201.150885 -0.006191 0.126636 1.758855 
97 778.981410 453.433320 458.999310 620.982754 536.662225 473.106772 244.197763 140.694531 -0.215771 6.202175 2.054392 
100 37.840674 660.140184 50.611777 704.303049 -11.905800 699.200887 63.495281 63.495281 0.000000 5.617537 0.081431 
101 762.449030 442.147080 598.026937 590.072339 662.162750 501.890021 118.736717 50.158851 -0.679454 5.745916 2.199616 
110 766.629550 447.207882 671.922441 561.881396 572.154618 380.110986 206.480435 206.480435 0.000000 0.332228 1.068823 
111 489.246774 379.294955 540.844434 371.229065 488.186056 533.732278 174.678944 66.601765 -1.345277 4.719257 5.025757 
116 379.978064 305.861303 430.705995 337.394930 402.143859 323.564145 32.819751 18.731260 0.239566 3.815513 0.450956 
117 791.386336 462.689256 589.245655 614.803583 559.117629 354.655122 257.052636 257.052636 0.000000 0.435361 1.455499 
120 750.049045 523.049996 644.246140 594.549006 553.481568 346.652371 263.520875 263.520875 0.000000 0.731371 1.219817 
123 377.267200 329.919634 379.673934 346.000834 323.595581 347.511040 56.204466 56.204466 -0.000000 5.966459 6.256262 
124 769.710110 446.914266 430.995016 613.219573 528.482677 470.843947 241.297196 138.149853 -0.197864 6.184309 2.171195 
125 741.024093 455.010329 638.177099 560.320193 567.355430 385.228580 187.437756 187.437756 0.000000 0.382065 1.186431 
129 383.986347 300.348594 439.559025 331.021652 396.559993 346.058012 45.957574 45.957574 -0.000000 4.443950 5.946786 
131 472.049843 317.668302 521.272719 359.062925 482.700564 346.767233 40.380262 27.489496 0.220712 4.361516 0.308588 
135 787.068824 466.600286 749.894471 522.915651 507.771968 324.502071 313.270579 313.270579 -0.000000 0.470640 0.686504 
137 711.120018 520.139723 686.354471 541.412668 586.338360 402.745934 170.655608 170.655608 -0.000000 0.754901 0.945938 
141 793.236170 470.121777 754.121267 529.106927 664.642611 422.088858 137.179644 137.179644 -0.000000 0.357477 0.874423 
144 763.640464 283.508237 741.678704 255.698790 785.043764 247.092281 42.777470 42.777470 0.000000 2.102156 2.945672 
146 475.907845 413.457315 470.369150 440.054408 478.196144 428.152566 13.686931 8.577754 -1.283306 4.557913 2.152516 
153 209.212299 543.788939 325.083830 209.251556 463.745759 407.670654 331.509296 215.555937 0.025587 2.650513 4.102446 
154 686.225091 541.336788 628.335811 574.653054 530.242187 339.109473 254.786087 254.786087 0.000000 0.913787 1.176184 
155 54.666130 247.888284 47.341108 269.779528 -78.580111 216.698959 136.496202 136.496202 0.000000 0.229933 0.398935 
156 362.971495 298.932477 376.287111 293.311289 373.556925 305.436256 11.595701 11.595701 -0.000000 3.692539 4.933866 
157 755.526671 437.183767 435.014414 602.697926 534.386428 473.739825 220.090005 123.284364 -0.233290 6.119360 2.227337 
158 770.894674 512.903916 718.308617 563.352971 594.653709 380.102963 219.876801 219.876801 0.000000 0.645750 0.977192 
161 205.101485 541.881315 208.938524 260.930685 422.573502 408.177033 293.686248 205.990586 0.043785 2.590354 3.745062 
163 33.850000 283.980382 -0.778092 309.589456 -14.111943 252.431583 58.013015 58.013015 -0.000000 0.581831 1.341614 
165 206.781737 528.235672 207.243713 280.255787 407.296191 411.970326 263.014658 190.670570 0.071011 2.616132 3.723850 
169 769.374534 469.191310 695.140205 555.180693 591.153938 390.617759 194.259087 194.259087 0.000000 0.415242 1.007255 
170 207.659150 532.339182 261.216440 241.673347 451.571623 410.000971 309.729136 207.065918 0.039786 2.676693 3.865655 
171 732.349825 428.083195 693.351064 506.278816 571.837739 397.055554 163.590942 163.590942 0.000000 0.190949 0.732184 
176 580.233264 295.131001 568.407010 302.997379 570.770099 291.655026 10.055298 10.055298 0.000000 0.352017 1.776200 
179 612.063111 505.028572 527.521416 522.125769 563.085059 468.098383 64.313799 64.313799 -0.000000 0.646066 2.152951 
182 772.852240 453.945323 601.233304 598.623509 680.329005 519.694013 108.441437 35.605159 -0.667635 5.665369 2.357246 
183 637.480913 559.159866 362.938330 583.311660 467.879904 190.456998 405.942870 405.942870 0.000000 1.139663 1.831827 
187 -0.382836 202.730837 8.438339 294.527863 -755.776268 323.478767 797.841496 161.953934 -0.100067 6.124679 6.245320 
189 32.483848 112.969352 28.232887 132.614596 4.263458 113.991106 29.117543 29.117543 -0.000000 6.246995 0.660539 
190 522.331175 360.016669 555.136047 426.018650 511.499419 413.093162 54.041505 45.001998 -1.177751 4.913703 0.287974 
191 573.889954 424.363823 613.535816 448.353276 560.939195 486.238755 63.436972 63.436972 0.000000 4.918716 5.658963 
194 196.618539 538.372643 213.565022 254.478561 420.684207 406.636475 294.415968 207.375068 0.034323 2.610091 3.775190 
196 194.898738 548.115890 175.032300 271.030253 438.842868 409.827996 325.783087 220.682043 0.061026 2.625880 3.625922 
197 134.194056 486.400423 171.693621 267.711120 873.333440 464.149916 768.265303 337.822077 0.107715 3.111498 3.414574 
198 202.786432 550.244171 178.844511 273.855063 416.595441 409.991748 298.549270 210.388692 0.067374 2.561032 3.661623 
199 777.070595 471.035395 631.050872 595.123173 548.159409 345.018673 262.832591 262.832591 0.000000 0.503231 1.250762 
207 217.062429 517.941828 231.146106 282.158526 412.259787 409.244951 248.447934 179.988738 0.032828 2.633501 3.753455 
209 741.018830 426.735674 370.015661 581.909386 462.108336 403.102343 280.033917 190.047393 0.033252 0.084533 2.046403 
213 224.869942 522.130177 232.506236 284.446473 400.869530 408.639823 234.445746 174.220973 0.029419 2.568858 3.777143 
215 104.073840 69.196781 166.946306 55.227974 146.758065 111.639025 58.253000 58.253000 0.000000 3.924148 5.056064 
216 175.837606 534.153116 168.577464 273.637266 412.296557 410.337958 301.401434 214.472525 0.079212 2.659226 3.652762 
218 252.060269 606.252294 263.265260 628.931590 232.728890 631.451796 30.678311 30.678311 -0.000000 5.366766 6.200841 
220 51.617646 240.964326 52.085775 218.135606 687.489360 212.155970 636.867077 636.867077 0.000000 3.096318 3.132182 
221 660.942819 531.905956 590.284601 567.668376 502.095905 309.541631 272.554295 272.554295 -0.000000 0.950501 1.241581 
222 784.553051 496.396026 635.059967 607.151293 559.480993 344.639400 271.586419 271.586419 0.000000 0.593240 1.290471 
223 161.572068 504.300803 177.667807 281.691570 450.102756 416.145902 327.303195 218.748199 0.087707 2.845070 3.600049 
228 228.253129 512.742615 184.209451 362.842421 399.176608 407.517117 221.484123 167.564359 0.020994 2.589760 3.346497 
230 222.898023 535.110859 200.720258 295.767996 408.895495 409.096157 256.641120 186.346765 0.036688 2.546122 3.640117 
234 221.775122 536.261038 171.856045 327.413236 387.652503 410.283627 238.425921 180.798640 0.062819 2.492064 3.508249 
237 695.471495 395.515252 700.813690 411.731950 406.668186 492.613222 304.835815 304.835815 -0.000000 5.958850 6.014847 
240 423.412414 410.317936 453.328190 409.627103 437.845015 411.385473 14.096683 9.328540 -0.031603 3.215425 6.170103 
242 699.218923 493.200732 648.021995 538.032213 572.460782 400.313442 156.436203 156.436203 0.000000 0.632396 1.068980 
245 409.664492 799.230153 494.566021 745.552163 474.531280 814.374314 75.026447 62.751498 1.354949 3.370950 4.995669 
247 193.705251 540.316424 166.943371 289.950975 416.248843 408.325718 295.455756 208.874337 0.052165 2.606262 3.584893 
249 210.973425 515.023929 215.010304 293.009900 373.326455 409.391914 212.633455 167.994125 0.055383 2.564774 3.775505 
251 215.809625 467.081795 243.942132 313.941926 439.064936 416.064999 239.071153 164.757639 0.068020 2.916937 3.623768 
252 199.649683 482.222848 239.646796 287.609433 651.312443 441.899793 478.038397 241.728916 0.104150 3.052552 3.500184 
254 245.673335 525.342963 288.774188 262.625717 444.031175 409.125554 263.068643 178.266522 0.018254 2.611607 3.897978 
255 222.957781 529.045738 218.788806 285.796144 414.665029 410.244457 256.493346 184.464314 0.043943 2.586813 3.707594 
258 587.519891 290.700206 598.164743 281.184287 615.913651 308.338922 33.386122 33.386122 -0.000000 3.697468 4.133471 
259 609.113306 316.823678 651.370907 343.978961 272.227240 888.712726 663.399968 663.399968 -0.000000 5.244737 5.320436 
263 184.969908 515.856568 322.790450 212.425051 458.209783 406.550435 321.668204 211.562386 0.018563 2.761054 4.103284 
264 158.226295 438.199382 221.847371 279.841440 390.427123 403.301032 235.554473 176.866917 -0.017287 2.992415 3.773703 
267 123.276657 448.165403 165.378329 283.511419 274.998213 400.918765 159.018320 159.018320 0.000000 2.839707 3.961279 
268 237.707919 500.227592 204.103551 367.026484 326.070061 405.414337 128.284319 128.284319 -0.000000 2.320991 3.446518 
270 128.841088 481.077967 171.064448 265.061085 461.459902 411.912362 355.590443 233.994260 0.068147 2.936572 3.609785 
274 202.110330 521.896450 161.852505 340.555124 564.489281 388.419354 417.781723 241.043823 -0.056430 2.788677 3.259914 
276 466.046989 392.879957 495.234795 411.741395 452.046729 444.627557 53.684099 53.684099 -0.000000 4.976612 5.632387 
277 720.707060 447.891066 646.773866 536.658926 578.156025 401.302070 150.228046 150.228046 0.000000 0.315880 1.101612 
278 551.985507 601.891617 511.048890 607.365616 456.596397 90.905934 519.309178 519.309178 -0.000000 1.386244 1.465750 
281 38.709698 288.540401 15.171475 313.338035 -19.851080 256.755127 66.226189 66.226189 -0.000000 0.497279 1.016552 
285 226.535128 493.324289 231.066470 316.054555 544.876825 431.182191 353.470729 201.041105 0.109512 2.948811 3.493217 
290 188.903984 541.101771 123.315988 448.298987 310.434632 384.222307 197.480639 197.480639 -0.000000 2.229904 2.811670 
291 13.902224 538.971722 3.842827 554.896735 1.259144 542.914207 13.082425 13.082425 0.000000 5.980911 1.358427 
294 214.119196 505.905162 215.731446 305.768615 306.474328 406.146561 134.384238 134.384238 -0.000000 2.317677 3.977362 
297 132.970980 43.534951 200.336645 55.729852 137.011926 193.330022 149.920004 149.920004 -0.000000 4.685419 5.143700 
302 97.609612 17.241963 39.004052 46.008255 -155.998776 -436.816659 519.678924 519.678924 0.000000 1.061423 1.186950 
306 1.537322 553.871643 7.861315 537.427476 23.594612 555.573068 23.024888 23.024888 0.000000 3.218577 3.998074 
318 257.024698 519.972542 214.121054 341.569757 377.305824 415.723703 182.630228 146.067239 0.149041 2.427477 3.568114 
319 185.222350 363.086983 244.808650 286.778065 331.089746 417.892061 155.831568 155.831568 0.000000 3.500993 4.130367 
321 226.954447 521.047046 178.876776 355.961851 508.124284 392.173486 339.252984 210.275397 -0.065229 2.711818 3.251135 
323 588.106759 611.537450 459.069552 627.054443 465.709166 105.086311 520.779502 520.779502 -0.000000 1.333666 1.583516 
325 605.239440 370.305117 532.981876 321.716251 661.580963 204.495520 175.654322 175.654322 -0.000000 1.898352 2.402449 
330 248.778033 518.219224 240.977239 302.978235 399.925891 411.072859 209.744119 158.278640 0.057614 2.524929 3.738810 
332 25.850705 463.768780 23.974136 481.212376 -23.698933 467.403367 50.373117 50.373117 -0.000000 6.209964 0.281944 
334 403.941232 328.107799 372.211270 306.735231 643.038748 -96.383496 486.729239 486.729239 0.000000 2.083760 2.162365 
336 753.076990 543.094724 685.240439 590.394936 558.211871 335.914750 283.868134 283.868134 -0.000000 0.816019 1.107814 
337 166.027666 172.215754 145.911591 171.506110 156.529296 127.945135 44.639775 44.639775 -0.000000 1.359448 1.809878 
345 781.029791 454.889248 777.171843 470.651625 766.859383 458.399960 15.919387 15.919387 -0.000000 6.040326 0.871130 
349 161.108309 15.271527 208.980483 46.069648 175.915916 49.826880 33.822149 33.822149 -0.000000 4.307542 6.170037 
354 561.566739 275.282997 582.146362 291.549693 476.260080 410.002210 158.905815 158.905815 0.000000 5.276876 5.441831 
365 215.889329 492.066889 374.847864 236.384232 454.502778 408.166039 269.559459 179.066769 0.009311 2.803477 4.278202 
366 240.899388 527.109201 199.835241 483.133417 341.899915 391.186113 168.681863 168.681863 -0.000000 2.209848 2.567173 
368 26.583244 85.148429 31.682030 113.218623 -4.955714 107.164792 37.904243 37.904243 -0.000000 5.673757 0.163755 
369 102.418211 418.006069 129.535771 307.751444 265.909170 400.176371 164.057944 164.057944 -0.000000 3.032966 3.737218 
375 28.005458 224.314047 12.314835 284.082651 -128.918865 216.527893 154.751918 154.751918 0.000000 0.049577 0.446153 
376 235.551039 492.155016 227.121079 339.074408 325.231824 409.552774 120.846308 120.846308 0.000000 2.397258 3.764532 
384 208.065143 518.941643 161.956796 449.020127 320.459947 393.995859 167.254642 167.254642 -0.000000 2.303362 2.807460 
390 771.559783 526.580905 712.211543 576.291910 583.070202 362.824080 248.999742 248.999742 -0.000000 0.715299 1.026731 
392 27.447230 262.532968 31.814390 236.976353 455.609389 322.090150 431.926838 431.926838 0.000000 3.279805 3.339793 
399 146.920441 174.490863 132.764193 185.476594 126.935293 165.252459 20.754135 20.754135 0.000000 0.433005 1.290186 
401 173.848598 534.144604 134.976860 487.016338 291.854105 395.152028 181.543608 181.543608 -0.000000 2.274713 2.611843 
402 507.995308 607.870822 446.987106 608.762724 466.518177 -13.007435 622.065721 622.065721 -0.000000 1.504091 1.602198 
419 252.999074 304.998658 466.825502 240.962124 446.821541 578.103586 335.836105 335.836105 -0.000000 4.095183 4.771654 
420 103.488416 386.903127 143.257974 292.187925 271.699882 401.818665 168.375855 168.375855 0.000000 3.230033 3.848140 
427 578.091580 568.373339 426.988699 582.190453 466.210443 181.157800 402.899980 402.899980 0.000000 1.289519 1.668288 
437 246.975068 514.024452 227.171159 493.832133 365.733074 377.730575 180.439396 180.439396 0.000000 2.287548 2.444163 
444 775.689329 254.995412 775.364036 277.020146 729.367108 268.466248 46.820769 46.820769 -0.000000 6.000183 0.183866 
453 172.220810 327.163532 189.118595 304.347230 340.778811 435.651157 200.169067 200.169067 -0.000000 3.713471 3.855175 
464 458.970969 620.464108 424.978869 618.337818 467.037800 240.907206 379.481061 379.481061 -0.000000 1.592046 1.681773 
474 118.016141 462.993499 103.593806 393.020771 271.199810 394.699161 167.603972 167.603972 -0.000000 2.722209 3.151606 
483 130.893434 305.918494 197.440601 240.292294 329.453002 442.730917 240.956005 240.956005 0.000000 3.744915 4.134531 
491 692.840954 0.681558 725.331229 11.153538 677.786773 100.384770 100.618935 100.618935 -0.000000 4.862247 5.201949 
514 516.869890 560.815170 486.114427 549.857681 516.492238 514.188872 46.202621 46.202621 0.000000 1.562697 2.276255 
516 197.588302 240.315431 370.889285 174.469062 431.714599 599.304388 428.449441 428.449441 -0.000000 4.134481 4.570182 
520 202.910691 545.104520 161.959112 505.036905 308.901778 395.634163 182.742428 182.742428 -0.000000 2.187611 2.501604 
522 323.876626 212.601453 402.958787 196.690021 448.328819 632.364875 437.932068 437.932068 0.000000 4.424163 4.608626 
527 443.975594 608.318831 413.998158 606.024067 466.677520 74.824992 533.753504 533.753504 -0.000000 1.613324 1.669644 
533 49.559286 718.890314 37.812327 739.463818 8.435157 709.169878 41.141992 41.141992 0.000000 0.232108 0.800761 
561 446.629144 418.783015 434.073910 427.224698 438.527723 418.522815 8.422771 8.422771 -0.000000 0.032107 2.043857 
