1 170.209462 676.752243 62.097261 509.973891 307.305788 466.416106 248.556385 248.556385 0.000000 2.148433 2.965791 
13 664.434238 528.267573 664.381214 526.934449 656.026938 524.333616 8.456412 7.260709 0.422257 0.437657 0.301807 
14 675.983664 583.463606 676.369528 583.011280 679.547651 576.058776 8.710640 7.711520 0.559053 2.019377 1.999555 
15 577.146045 510.986110 577.217593 510.611372 568.529223 508.828028 8.557313 7.332263 0.012227 0.245402 0.202445 
19 564.158634 463.067575 544.754458 465.566282 557.227874 459.275235 16.203703 8.407647 -1.115582 0.500672 2.674466 
21 585.094534 558.446803 584.923466 558.567785 594.111778 558.694020 8.750446 7.900028 0.175520 3.169002 3.155330 
22 626.873832 616.867933 627.167836 616.198513 619.128664 611.968141 8.965657 8.338824 0.535599 0.564064 0.484403 
24 469.908308 449.101165 466.982115 459.800051 467.417836 454.044571 5.558065 5.558065 -0.000000 5.179069 1.646358 
26 514.728619 469.777942 525.511356 456.600166 540.978628 479.743298 26.922686 26.922686 -0.000000 3.504418 4.123235 
29 605.176025 449.919746 618.488550 485.099078 498.137523 513.775322 124.346803 124.346803 0.000000 5.745294 6.049275 
30 709.403688 622.308435 709.130944 621.628217 704.937316 629.377396 9.111427 7.945188 0.763766 5.275884 5.208428 
46 56.637101 486.034659 101.988206 322.992766 320.896110 471.891565 264.527732 264.527732 -0.000000 3.088124 3.738899 
53 589.874543 653.058521 94.551799 605.336928 362.667070 495.262618 296.969450 244.938645 -0.009874 0.607026 2.752026 
54 632.923711 474.511770 620.258939 447.876876 722.368429 419.586121 104.770883 104.770883 -0.000000 2.590889 2.871310 
58 494.743613 293.981084 483.926994 303.427964 486.850993 295.751876 7.974828 7.974828 0.000000 6.062480 1.934750 
63 665.136807 655.945155 662.581799 714.418666 638.234717 662.386077 57.096725 26.994025 1.070998 6.048188 1.133141 
67 739.707176 684.680979 754.444143 717.348519 644.124242 746.911380 113.186690 113.186690 0.000000 5.706064 6.021363 
68 742.454606 685.794372 754.255684 711.884348 642.947065 745.198939 115.377997 115.377997 -0.000000 5.744985 5.992371 
84 106.674945 316.748459 406.139181 184.107917 372.719393 515.270243 331.778938 331.778938 -0.000000 3.782656 4.812965 
86 412.755498 184.010223 426.512380 193.825685 417.099219 192.927730 8.992505 8.992505 -0.000000 4.259114 0.095106 
89 483.054890 355.961992 498.083824 384.169599 450.878769 389.337560 45.883403 45.883403 -0.000000 5.479491 6.174141 
93 142.187520 284.197491 178.533214 252.409829 325.265190 447.741108 244.683123 244.683123 -0.000000 3.870695 4.068123 
95 559.469438 373.287508 580.930587 417.548782 360.998776 502.769745 235.612259 235.612259 -0.000000 5.705125 5.913511 
97 466.137661 469.089940 448.335945 466.830736 457.878596 466.874538 10.223777 7.078970 -0.245912 0.262070 3.146183 
105 376.850692 372.337338 405.709334 384.118242 379.820355 409.104683 36.443294 36.443294 0.000000 4.631795 5.515525 
114 220.828243 225.614999 390.003956 189.543570 372.775800 523.946816 334.518866 334.518866 -0.000000 4.241310 4.763863 
115 639.573639 598.223035 664.910344 652.139697 272.437027 810.303230 423.302884 423.302884 -0.000000 5.759354 5.900102 
140 673.140438 387.922990 677.167758 408.114355 555.498914 423.637478 123.000375 123.000375 0.000000 5.988441 6.156286 
148 582.054602 413.371000 575.206022 395.919151 631.941858 382.190587 58.238641 58.238641 -0.000000 2.582981 2.904183 
149 613.937478 431.483489 593.972939 430.642081 605.906037 367.019167 64.407904 64.407904 -0.000000 1.446848 1.756202 
161 594.050122 429.887508 582.527342 414.881819 591.270190 421.750828 10.808578 6.086196 0.657457 1.241576 3.807536 
162 656.084666 660.959340 670.805689 691.613079 523.254388 745.731556 156.839507 156.839507 -0.000000 5.715150 5.931643 
165 678.724291 408.027793 681.278453 485.014019 389.338075 457.433334 293.143844 293.143844 -0.000000 6.114090 0.094194 
172 684.168309 669.925638 653.129055 595.347918 1237.618693 394.081742 617.799532 617.799532 -0.000000 2.679220 2.809964 
176 665.661033 368.244030 672.846840 387.393605 567.252100 412.738575 108.685510 108.685510 -0.000000 5.858554 6.047620 
177 958.019296 214.571187 871.613886 78.906093 1049.591239 -4.771598 252.320569 129.266836 -0.948990 1.966283 2.702101 
179 709.202854 700.849572 687.441130 669.762822 752.202612 650.980490 66.230329 66.230329 -0.000000 2.282361 2.859314 
187 959.939593 113.734898 904.518714 58.292333 1161.008716 -142.117695 325.479741 325.479741 0.000000 2.236867 2.478324 
190 867.016562 249.941544 866.390097 241.638504 863.700387 244.363655 5.609058 4.696029 0.739545 1.034415 5.491242 
194 78.626962 576.151188 55.426136 490.091438 319.925950 463.513702 265.838749 265.838749 -0.000000 2.704859 3.041446 
196 537.981970 222.469470 665.031643 368.251065 416.172182 460.619129 265.880776 265.880776 -0.000000 5.185182 5.927781 
205 832.100582 811.671982 811.027227 744.691722 1037.442108 707.513445 228.275058 228.275058 0.000000 2.672166 2.978841 
214 906.026032 58.492180 899.255601 -0.404895 963.910519 22.816753 68.048838 68.048838 0.000000 2.589259 3.486407 
223 928.798874 959.012257 842.087561 834.464457 1250.873075 638.498314 453.237968 453.237968 -0.000000 2.358623 2.694572 
232 810.180796 744.134517 837.525378 531.766464 1101.465463 671.563239 299.388837 299.388837 0.000000 2.897422 3.628681 
233 958.022828 217.233243 874.163721 167.925976 940.363944 171.617864 66.340327 44.688937 0.241574 1.201438 3.197303 
247 406.805933 247.047246 410.255630 265.992444 387.836440 260.704771 22.526338 22.526338 -0.000000 5.659180 0.231622 
248 535.273412 450.245448 538.185986 431.212857 543.669779 440.667565 11.508678 11.508678 -0.000000 2.290555 4.186800 
259 908.133012 301.697070 847.718444 266.958162 964.249763 139.420415 171.539458 171.539458 0.000000 1.903733 2.311129 
273 931.063752 299.143410 844.936118 254.935825 974.189680 112.367131 192.900149 192.900149 0.000000 1.797716 2.307249 
293 405.169167 630.645158 414.459454 650.119662 390.210396 648.720593 23.621577 23.621577 -0.000000 5.403719 0.057632 
332 800.996167 166.049306 811.691946 174.150356 804.389037 171.986011 6.602597 6.602597 -0.000000 4.193183 0.288121 
334 414.188018 232.039669 416.537797 220.902482 450.154637 230.790116 35.569435 35.569435 -0.000000 3.106865 3.427653 
338 375.073824 426.321365 351.956020 413.070816 549.521445 148.365568 329.495228 329.495228 0.000000 2.131270 2.211964 
360 807.695200 229.369557 773.983941 164.001854 849.255129 163.752765 75.497898 75.497898 -0.000000 2.135394 3.138283 
373 336.675552 240.898978 335.518735 260.939742 316.595794 248.001069 21.172258 21.172258 0.000000 5.943223 0.599740 
380 887.370583 474.090152 913.168521 456.243604 1002.214485 612.226939 179.215900 179.215900 -0.000000 4.018806 4.193665 
404 787.996155 127.950550 782.645929 114.659264 785.322720 121.347529 7.245585 7.245585 -0.000000 1.186090 4.331691 
423 362.553475 200.957496 358.302846 219.818630 335.349112 204.064191 26.989097 26.989097 -0.000000 6.169479 0.601510 
430 848.033872 250.921335 832.837300 244.377854 864.971588 195.043008 58.219301 58.219301 0.000000 1.865111 2.148121 
435 923.223888 713.969420 921.821218 645.984610 1129.525199 675.882830 209.643072 209.643072 0.000000 2.959032 3.284557 
451 516.042878 609.863697 531.947337 620.058758 515.685443 625.776272 15.630437 15.630437 0.000000 4.734848 5.945095 
453 921.054794 732.989094 920.722047 624.934070 1125.548638 677.097675 211.646467 211.646467 0.000000 2.874793 3.390964 
523 939.140145 518.480881 937.479769 506.262875 943.669304 510.956990 8.439275 8.439275 -0.000000 2.112663 3.790445 
528 325.882173 670.034172 328.273583 691.022461 306.439848 683.026850 22.755792 22.755792 -0.000000 5.694075 0.351037 
568 73.943043 436.269792 96.660973 442.833221 60.900745 522.681740 87.436459 87.436459 -0.000000 4.862190 5.133454 
599 416.875390 440.370196 390.327676 429.340608 428.776193 375.733672 65.417714 65.417714 0.000000 1.752876 2.192993 
606 920.789858 738.050404 912.563658 655.988845 1138.719907 675.048488 226.745205 226.745205 0.000000 2.860173 3.225670 
610 945.791429 958.101810 948.913806 944.860680 956.461302 959.188931 18.922257 9.072793 0.809957 3.243129 4.227566 
627 305.046851 278.967263 309.598461 295.666905 298.724828 290.647945 12.749451 12.749451 -0.000000 5.208480 0.432435 
634 957.623431 798.202895 934.144994 746.946487 1168.442214 668.936617 246.924281 246.924281 -0.000000 2.591551 2.820185 
673 375.000000 409.000000 396.148847 410.284997 390.001534 452.501176 44.019201 44.019201 0.000000 4.380306 4.856988 
674 79.920522 404.223754 100.203118 411.428162 75.731253 448.958877 44.142148 44.142148 0.000000 4.805763 5.290203 
793 571.970182 383.014207 576.624051 397.236449 552.287318 396.704877 23.963852 23.963852 0.000000 5.675443 0.021839 
795 548.050833 560.902788 561.133845 567.744039 516.252431 638.476195 83.608343 83.608343 -0.000000 5.101412 5.277809 
797 329.452481 691.166851 333.916344 707.259153 311.816026 704.533156 21.511401 21.511401 0.000000 5.634660 0.122727 
812 505.173606 670.884503 510.396993 678.735888 499.365009 679.793522 10.382006 10.382006 0.000000 5.290162 6.187608 
820 917.963782 497.205268 913.546892 482.797183 918.762561 488.237681 7.649700 7.649700 -0.000000 1.659636 3.948086 
829 503.777485 401.902762 514.650745 415.739466 500.184788 414.352922 13.442931 13.442931 0.000000 4.993323 0.095557 
865 286.156439 599.282713 275.245245 621.310189 267.667244 603.033797 19.446688 19.446688 -0.000000 6.083022 1.177739 
888 662.125439 714.691439 622.665596 687.316037 672.754294 659.877491 55.257765 55.257765 0.000000 1.762327 2.640441 
