2 163.816289 31.185475 66.016785 22.952058 128.845906 -123.346700 159.238525 159.238525 -0.000000 1.348246 1.976437 
5 185.258780 21.680001 123.017976 34.275910 121.530424 -135.560457 169.821510 169.821510 -0.000000 1.185736 1.562038 
7 91.883913 29.382799 62.704889 18.706675 134.118066 -126.335159 161.496787 161.496787 -0.000000 1.835647 2.028315 
8 143.399329 120.872409 153.426693 73.665807 303.744535 131.142712 159.585349 159.585349 -0.000000 3.205556 3.506808 
10 207.926293 571.081611 589.182735 369.725732 406.124510 475.143374 255.622957 157.984675 0.032253 2.690785 5.760698 
11 146.995297 224.042653 227.356670 294.641285 142.012032 278.320793 89.254094 53.547222 -0.018314 4.803942 0.188949 
12 210.779218 571.234500 304.826645 329.477580 336.217762 467.277650 182.779543 136.463372 -0.052324 2.449567 4.488409 
21 196.197516 540.858161 225.426086 376.357845 359.034209 479.046619 189.843043 135.706685 0.077982 2.778802 3.796880 
25 155.679784 552.251138 202.984355 344.978247 329.635367 467.597316 208.399305 153.493479 -0.008202 2.688690 3.910817 
32 146.424914 382.389614 195.862712 341.803489 291.315940 505.980931 189.620416 189.620416 0.000000 3.847823 4.185756 
33 128.823260 450.951471 209.824504 347.749651 268.749215 482.292579 143.916863 143.916863 0.000000 3.361939 4.299591 
41 190.831370 526.103086 241.005961 372.008760 353.739039 477.091313 179.889158 130.066833 0.051915 2.849351 3.891881 
42 140.002658 494.091254 222.954383 349.929054 227.819026 440.407121 107.166313 75.848883 -0.867016 2.592889 4.658675 
44 124.510144 105.937485 129.669619 148.040486 -90.865929 151.217403 219.527066 219.527066 0.000000 6.075967 6.268781 
48 152.075383 406.063260 195.947992 361.937673 288.635055 496.896977 163.300277 163.300277 0.000000 3.728550 4.110592 
49 686.687584 368.435357 705.620434 391.490500 554.112809 497.314012 184.445116 184.445116 0.000000 5.511923 5.673487 
50 188.462392 588.659877 146.236556 382.467884 341.907341 469.273725 228.928778 161.751895 0.021109 2.480387 3.559138 
51 190.681467 564.297831 230.229727 350.368057 322.383883 469.486017 178.954993 137.727967 -0.016811 2.517639 4.053931 
52 210.746623 567.288029 253.884573 349.772450 337.812964 469.766969 181.267894 134.601439 -0.016919 2.486997 4.102042 
56 198.381383 360.582780 224.915952 349.377175 265.245646 450.517650 112.108898 112.108898 -0.000000 4.073077 4.332961 
62 226.763845 373.580641 254.863156 357.756996 405.920541 641.414544 321.631651 321.631651 0.000000 4.122835 4.223054 
64 92.949399 327.122287 66.277094 314.528715 129.295270 214.576075 118.128209 118.128209 -0.000000 1.883165 2.133327 
65 101.503523 502.105036 123.995655 384.996937 227.986610 466.925360 132.259816 132.259816 0.000000 2.870312 3.808876 
68 102.858653 405.908333 212.884048 309.783148 276.630223 499.863433 197.416791 197.416791 0.000000 3.637254 4.388812 
69 103.285160 437.091629 141.669123 370.723228 239.945561 475.333398 142.458412 142.458412 0.000000 3.414444 3.958199 
71 124.747047 382.752399 187.991858 328.988624 276.524421 496.232658 188.191387 188.191387 0.000000 3.783605 4.225529 
75 65.052385 314.959383 116.045686 226.142056 125.483635 277.714226 79.441860 50.325608 -0.066753 2.589257 4.531387 
76 142.008380 371.008553 184.156717 336.211712 279.884867 495.567378 185.478890 185.478890 0.000000 3.876288 4.171440 
77 656.550426 341.379199 686.812871 368.211055 472.010108 582.088223 302.774523 302.774523 0.000000 5.366463 5.499946 
78 145.299413 463.858942 212.013469 364.020199 188.554174 416.595470 62.874797 22.914060 -0.935163 2.311937 5.132082 
83 240.923453 371.854536 265.859273 358.732575 354.123164 554.125025 214.248800 214.248800 -0.000000 4.156633 4.288100 
87 173.738918 509.072145 176.383697 429.750369 272.556352 471.827900 105.632317 105.632317 0.000000 2.781158 3.554021 
90 204.582256 4.703945 164.211713 27.529472 147.470463 -49.148544 77.915954 77.915954 -0.000000 0.756034 1.355838 
92 148.825709 365.792450 171.084461 347.100579 271.841413 490.319614 174.585738 174.585738 0.000000 3.933097 4.099307 
96 641.685891 470.987958 614.109086 548.080016 540.121260 476.818931 101.736815 101.736815 0.000000 6.225837 0.766627 
98 628.524392 425.774064 641.461616 455.801112 517.923474 492.471278 128.315784 128.315784 -0.000000 5.740531 5.994637 
99 383.984626 263.310220 638.454405 328.160970 408.672526 709.713439 445.203016 445.203016 -0.000000 4.657141 5.254446 
100 161.039972 534.977886 141.119240 452.990776 255.579971 469.044627 114.967799 114.967799 0.000000 2.532606 3.280940 
101 172.313505 556.714435 151.994401 406.996851 247.163566 469.297846 114.102979 114.102979 0.000000 2.278905 3.721219 
105 589.236285 385.752163 638.987281 456.004918 534.020336 482.150573 107.812732 107.812732 -0.000000 5.232560 6.039068 
106 209.841379 9.903627 177.895538 49.924537 82.109258 -50.568251 140.245001 140.245001 0.000000 0.442164 0.809372 
113 283.777661 228.273746 312.913383 173.934321 387.393954 250.604238 106.013650 106.013650 0.000000 3.353858 3.941474 
118 134.367109 512.186894 125.987095 456.000141 256.587379 464.832367 130.886147 130.886147 -0.000000 2.771950 3.209118 
121 637.490653 473.045527 634.705130 503.065428 505.219664 476.082050 131.832362 131.832362 -0.000000 6.260233 0.205449 
124 672.482789 470.986233 666.574635 514.134083 559.346314 475.733858 113.223698 113.223698 0.000000 6.241246 0.343887 
125 184.463990 583.588456 198.930534 343.513219 342.043341 470.189276 225.654097 159.510800 0.026991 2.517812 3.866142 
127 104.493443 442.137090 123.927211 395.957683 251.016981 477.786860 150.963582 150.963582 -0.000000 3.380259 3.713646 
129 646.286371 470.985089 537.692750 603.419428 532.635390 512.317970 122.185469 84.340900 -0.537724 5.934373 1.515340 
133 677.524716 470.016476 657.684334 541.838848 563.703214 475.873547 113.938266 113.938266 0.000000 6.231772 0.612000 
140 613.921035 387.077661 656.007343 449.558546 534.356691 488.790754 127.671491 127.671491 -0.000000 5.376208 5.971217 
145 638.006896 328.988291 653.711582 340.378921 572.968949 439.250781 128.237231 128.237231 0.000000 5.245309 5.397194 
147 134.268754 334.305320 93.817225 326.716325 149.729604 122.992415 211.769653 211.769653 -0.000000 1.643832 1.838653 
150 627.712724 380.287624 672.627789 444.709056 541.096566 490.350179 138.878871 138.878871 0.000000 5.379135 5.949187 
152 665.324622 471.022136 663.274536 501.086909 541.765732 475.659777 123.335684 123.335684 0.000000 6.245669 0.206285 
153 690.299881 470.026143 687.587567 501.138401 578.906043 477.293649 110.765101 110.765101 -0.000000 6.218036 0.215978 
155 629.215114 372.783611 681.837367 450.674528 561.278134 479.245734 123.355153 123.355153 -0.000000 5.280376 6.050489 
156 150.408913 73.595779 107.684550 69.545716 134.539826 34.727402 44.140699 44.140699 0.000000 1.183175 2.227789 
158 637.299030 358.647634 700.532495 448.155571 560.321933 482.957532 144.173614 144.173614 -0.000000 5.266832 6.039890 
159 616.967900 376.032873 669.374968 451.852157 543.176359 486.854237 130.703416 130.703416 -0.000000 5.299833 6.012629 
164 682.683440 469.988464 675.763529 516.198474 559.965500 473.381567 122.904236 122.904236 -0.000000 6.255543 0.354164 
165 221.916563 573.109321 292.198168 338.618832 352.865146 469.093390 192.886321 137.062310 -0.030646 2.470321 4.277155 
166 666.194455 375.844895 705.090564 436.955100 563.290411 486.038671 149.388785 149.388785 -0.000000 5.463592 5.949948 
168 136.816059 223.022726 135.126049 134.978386 467.374762 171.438371 332.899162 332.899162 -0.000000 2.986789 3.250892 
170 681.170572 477.180239 662.129411 539.529572 560.986112 472.998409 120.015597 120.015597 0.000000 0.034781 0.581833 
174 703.836666 473.988716 654.221115 576.212326 574.245370 472.488236 129.550698 129.550698 0.000000 0.011578 0.913963 
175 666.060396 514.023827 652.034493 542.019220 545.911234 468.418447 128.651446 128.651446 -0.000000 0.362774 0.606378 
177 142.965768 263.265523 124.149595 260.839665 136.107277 231.891512 30.379878 30.379878 0.000000 1.355578 1.962521 
179 698.388659 469.988954 615.131857 601.179113 559.235486 469.475465 139.670116 139.670116 0.000000 0.003690 1.169425 
180 164.044607 27.274233 60.849117 11.201322 126.320594 -98.844411 130.796696 130.796696 -0.000000 1.280151 2.107493 
183 594.340968 366.581590 662.005284 452.997915 532.523875 489.098527 134.102410 134.102410 -0.000000 5.179678 6.011281 
184 625.026384 402.976403 654.197848 453.927818 540.905846 486.417170 118.020245 118.020245 0.000000 5.501844 6.003905 
186 197.166640 566.812472 147.466071 492.178809 257.560361 469.770821 111.894414 111.894414 -0.000000 2.127487 2.940801 
187 675.705890 516.359533 662.917649 541.467388 557.430555 469.710953 126.812509 126.812509 -0.000000 0.375675 0.597340 
190 106.839120 505.040953 102.888464 438.982777 222.465732 463.347617 122.374664 122.374664 0.000000 2.795518 3.342599 
194 706.068283 472.037291 695.123292 525.047708 588.405229 474.844538 117.571752 117.571752 -0.000000 6.259331 0.439711 
195 107.000000 478.000000 109.251016 440.037526 228.363226 466.188516 121.669443 121.669443 -0.000000 3.044575 3.357713 
202 584.172899 767.216439 585.704677 783.094212 576.151735 775.977476 9.750869 9.750869 -0.000000 5.453729 0.640280 
211 708.551616 482.107941 691.794086 535.909109 579.726809 471.012593 128.915460 128.915460 -0.000000 0.085915 0.524899 
212 649.173485 530.123123 612.800082 572.794586 517.754561 454.538138 151.214030 151.214030 -0.000000 0.521944 0.893789 
214 242.816407 337.513126 301.040323 318.150424 534.629283 1074.042615 792.098420 792.098420 0.000000 4.335163 4.412674 
215 631.221150 348.729588 705.326367 447.888963 554.857572 487.025398 155.383915 155.383915 -0.000000 5.216901 6.028727 
219 724.731678 486.937923 530.888123 652.646149 553.211898 530.508245 180.933789 108.683758 -0.438791 6.034422 1.751576 
221 149.435574 519.204990 141.123535 496.318317 299.261172 450.013740 164.670327 164.670327 -0.000000 2.708959 2.856743 
225 623.251824 525.501086 365.942919 336.649633 405.005623 477.909120 228.022130 141.877272 0.030962 0.214704 4.442599 
230 686.436409 469.996512 669.264075 538.126482 569.489360 475.374396 117.304236 117.304236 0.000000 6.237232 0.561426 
234 257.734131 308.085243 319.021915 293.112871 384.976658 692.682418 404.928804 404.928804 0.000000 4.392878 4.548800 
235 699.331167 419.849520 709.476862 447.157767 574.881955 482.210092 139.194289 139.194289 0.000000 5.818664 6.028416 
236 667.150035 367.871920 705.994381 422.003223 568.484807 482.995318 150.085487 150.085487 0.000000 5.420955 5.865710 
238 429.478159 564.711421 443.598385 528.777190 456.618853 555.529646 29.401532 29.401532 -0.000000 2.815376 4.259436 
240 619.235691 355.718963 690.593313 449.790290 541.579130 493.526818 155.514041 155.514041 0.000000 5.225548 5.997697 
242 559.078737 769.751417 538.064225 751.200537 564.816087 744.043201 25.648073 25.648073 0.000000 1.790370 2.880170 
243 252.707225 318.014787 328.043408 299.211345 476.875483 1041.335495 757.246943 757.246943 0.000000 4.411860 4.514466 
245 693.513677 469.982863 675.686725 538.347545 577.004962 474.586941 116.806652 116.806652 -0.000000 6.243689 0.573645 
247 319.017725 341.083325 380.017076 332.157393 415.515831 777.034963 446.355150 446.355150 0.000000 4.494551 4.632763 
248 541.683392 749.279745 557.133436 766.765670 516.518665 784.938948 42.358415 42.358415 0.000000 5.326931 5.862450 
249 650.574091 470.976561 644.973634 511.732964 558.827174 479.095862 91.847517 91.847517 -0.000000 6.194919 0.362147 
250 654.889406 363.113708 696.691327 413.539605 559.703576 485.977242 154.534126 154.534126 0.000000 5.371529 5.796773 
251 543.718759 737.320521 561.261417 758.818999 531.325555 761.933282 26.631386 26.631386 0.000000 5.178855 6.179526 
252 492.106666 572.489982 431.450078 570.591304 456.632009 482.940276 111.678036 49.274398 1.482222 1.193618 1.850559 
253 83.092861 421.043076 141.858719 341.819747 241.050686 479.170315 168.088290 168.088290 0.000000 3.494205 4.086931 
254 598.928551 385.076859 648.099617 454.957852 519.269494 496.585133 135.401037 135.401037 0.000000 5.332700 5.970657 
256 131.393132 546.371486 104.477537 442.935378 231.980230 463.765920 129.419619 129.419619 -0.000000 2.454037 3.303535 
261 573.550582 743.150984 577.252971 724.097028 591.788618 736.590055 18.498267 18.498267 0.000000 2.796268 3.851562 
263 559.079857 762.163947 542.543317 740.805125 783.427316 569.927645 294.834077 294.834077 -0.000000 2.433124 2.524601 
265 102.939077 518.026421 89.283305 459.977789 220.479476 460.645522 130.913539 130.913539 -0.000000 2.687445 3.146682 
271 555.436723 724.231543 562.739813 746.079740 537.588769 739.986444 22.582856 22.582856 -0.000000 5.559995 0.237688 
273 699.397523 400.796324 718.322112 446.196919 569.078450 484.931061 154.483620 154.483620 0.000000 5.709905 6.029252 
282 712.363792 487.088293 674.867983 564.897679 585.753081 472.978421 126.830495 126.830495 -0.000000 0.110985 0.800888 
293 91.751837 60.299655 51.764792 13.190029 164.772200 -38.057965 121.814104 121.814104 0.000000 2.209413 2.715838 
297 712.329661 495.936373 677.456529 564.357736 599.069149 478.187575 114.932168 114.932168 -0.000000 0.155444 0.832658 
299 651.309746 531.224605 632.881120 556.638925 556.496928 476.636726 109.209887 109.209887 -0.000000 0.522393 0.808529 
301 651.977844 541.981880 635.363295 562.297116 539.037407 468.138293 134.407544 134.407544 -0.000000 0.579061 0.774022 
309 565.125203 755.121401 551.700572 725.759305 608.949776 709.485959 59.814081 59.814081 0.000000 2.335955 2.864643 
312 120.107500 337.293485 51.146033 306.058021 126.148832 234.660531 103.254793 103.254793 0.000000 1.629592 2.380816 
321 466.132693 342.539463 523.552176 359.083566 398.311174 670.797824 334.668469 334.668469 -0.000000 4.916132 5.094430 
326 718.684138 482.958092 701.536542 537.241104 597.197178 470.296123 122.559525 122.559525 -0.000000 0.103850 0.570453 
327 0.281833 690.044209 3.115844 669.215432 29.807630 686.101646 30.592026 30.592026 -0.000000 3.008848 3.705665 
330 675.806275 538.608253 652.922749 568.941722 463.598396 401.951982 251.845859 251.845859 -0.000000 0.572127 0.722798 
364 667.064251 541.049144 638.924523 572.918240 568.190896 482.651983 114.355907 114.355907 -0.000000 0.533498 0.906129 
365 302.990443 251.008370 283.931523 228.712857 307.037031 226.291078 22.940000 22.940000 -0.000000 1.733072 3.037160 
369 119.263081 531.345437 106.929014 505.033275 255.452588 445.684536 159.954269 159.954269 -0.000000 2.580134 2.761439 
370 569.023997 380.967842 613.956308 423.036492 501.800331 497.127276 133.657134 133.657134 -0.000000 5.237014 5.699391 
375 351.014357 295.224643 570.529718 327.635499 400.591346 721.493372 428.573402 428.573402 -0.000000 4.596605 5.119728 
378 537.565395 488.879231 591.945729 477.735170 629.351291 796.587484 320.319131 320.319131 0.000000 4.422503 4.595610 
380 661.556785 539.429233 624.205623 580.220740 539.419306 464.787574 142.587055 142.587055 -0.000000 0.548562 0.937286 
381 157.013250 50.223526 126.953412 39.036741 147.775805 27.046486 23.958343 23.958343 -0.000000 1.191532 2.619131 
383 104.913551 390.940751 127.901942 361.909420 208.414675 453.881788 121.477662 121.477662 0.000000 3.687961 3.993332 
384 312.791406 306.208476 268.938150 317.765305 124.830880 -267.078197 602.569797 602.569797 -0.000000 1.253975 1.329206 
385 391.002639 323.122608 508.192243 338.152088 398.818850 700.724782 377.922073 377.922073 -0.000000 4.691692 5.005367 
386 142.968854 338.955303 120.022463 338.589793 133.524117 235.531922 103.348920 103.348920 0.000000 1.479728 1.701065 
388 89.720833 484.061584 88.000000 458.000000 606.328607 441.350445 518.966143 518.966143 0.000000 3.059104 3.109482 
393 510.049152 334.853056 580.032549 365.944202 452.670819 555.384741 227.661233 227.661233 -0.000000 4.966927 5.304285 
398 93.018910 238.072102 126.125699 230.846014 137.407046 363.389868 132.787895 132.787895 -0.000000 4.371973 4.627480 
409 721.056390 483.009729 696.036886 549.020577 585.261011 468.014169 136.512236 136.512236 -0.000000 0.109982 0.631402 
422 146.055219 125.277488 218.386572 146.128007 8.800784 735.570866 624.863843 624.863843 -0.000000 4.933607 5.054014 
431 632.115648 557.126785 606.472135 580.517605 433.759862 368.775800 273.073921 273.073921 -0.000000 0.759532 0.886571 
432 636.207233 582.239800 651.798066 568.766332 948.037479 914.813687 455.654251 455.654251 -0.000000 3.959170 4.004384 
440 114.427557 298.168322 117.389722 273.045952 231.970546 295.209862 116.455152 116.455152 0.000000 3.116429 3.332668 
443 223.040325 789.088676 239.116336 782.104851 237.789760 790.345982 11.643742 11.643742 -0.000000 3.226631 4.871990 
444 517.899571 341.241192 566.259202 361.377498 348.976739 797.090688 486.047369 486.047369 -0.000000 5.067268 5.174982 
452 756.496392 327.731507 728.697364 327.783490 743.678351 295.596031 34.970091 34.970091 -0.000000 1.191260 2.006407 
462 120.616373 556.308915 86.325085 496.258340 220.721793 458.572710 139.190064 139.190064 -0.000000 2.368169 2.868208 
468 169.323616 322.914608 147.632638 326.385207 154.775494 309.387095 18.020765 18.020765 -0.000000 0.749062 1.968607 
473 386.455136 72.199738 394.938595 94.181340 377.241134 92.428720 21.003527 21.003527 -0.000000 5.139795 0.098710 
476 585.966895 580.947495 500.855680 617.543694 429.863867 331.100568 294.853797 294.853797 0.000000 1.012345 1.327852 
480 614.086894 599.160578 534.020899 634.066434 416.657123 264.031803 388.750049 388.750049 -0.000000 1.038418 1.263663 
496 361.993748 296.412366 558.338169 326.035860 396.763051 742.519580 446.796353 446.796353 -0.000000 4.634607 5.082465 
512 131.539408 625.221074 143.890829 643.017891 125.491196 642.551956 18.346949 18.346949 0.000000 5.048159 0.025318 
519 128.036021 233.005056 102.820516 260.950695 100.991767 233.069632 27.123059 27.123059 0.000000 6.280798 1.505299 
527 615.805424 219.936069 617.432010 164.099979 799.351504 197.816114 183.923188 183.923188 -0.000000 3.021657 3.324849 
536 507.180851 318.456379 595.370499 356.345426 440.308441 598.775923 287.473635 287.473635 -0.000000 4.946570 5.281429 
537 448.921225 290.582609 513.178949 302.136900 399.075278 731.483638 443.772532 443.772532 0.000000 4.824966 4.972146 
549 471.981144 304.098120 595.167557 346.656815 418.452559 653.862548 353.705163 353.705163 -0.000000 4.864252 5.234399 
563 601.965328 548.962876 579.063027 561.391175 581.389495 539.209203 21.953700 21.953700 -0.000000 0.442661 1.675295 
566 129.671687 223.001749 129.549153 199.997075 195.490410 213.628394 66.235705 66.235705 -0.000000 3.000132 3.345440 
572 88.919541 736.159987 111.597475 759.259107 67.076170 776.477312 46.805784 46.805784 0.000000 5.208904 5.914161 
589 549.193977 313.548136 603.363118 339.352071 445.268677 607.707758 311.495715 311.495715 -0.000000 5.051997 5.244772 
593 403.984953 285.204821 462.038963 289.469626 391.685670 902.371364 616.637916 616.637916 -0.000000 4.732315 4.826676 
595 752.812796 441.246665 716.026191 455.083779 651.610280 202.808016 260.208292 260.208292 -0.000000 1.169401 1.320799 
616 419.999182 340.003550 434.792910 345.341343 421.370903 361.341991 20.912216 20.912216 0.000000 4.648193 5.410369 
630 564.960301 620.873357 456.146282 646.843896 417.199912 239.430327 408.471922 408.471922 0.000000 1.201223 1.475492 
645 664.351157 294.408375 676.861909 289.474933 671.331184 299.761654 9.344140 9.344140 0.000000 3.795849 5.205706 
669 472.933296 473.473370 457.801535 468.215900 480.167226 428.467212 45.485358 45.485358 -0.000000 1.730165 2.083321 
704 456.013590 646.209411 301.833581 633.770985 416.227799 182.237042 465.651217 465.651217 0.000000 1.485255 1.818921 
706 440.991452 310.054077 488.079479 317.497182 400.557531 708.507996 400.165674 400.165674 -0.000000 4.813520 4.932594 
714 757.151530 351.424394 731.040691 340.490908 761.759585 303.017861 48.802725 48.802725 0.000000 1.665705 2.257470 
731 314.963867 295.755060 346.025499 291.172852 363.359499 540.675963 249.547096 249.547096 0.000000 4.517305 4.643026 
741 711.416732 286.805648 688.469475 279.135864 702.267263 270.008279 16.168572 16.168572 -0.000000 1.072034 2.557158 
751 265.918900 207.039302 271.742343 232.005365 253.731260 224.109868 19.722434 19.722434 -0.000000 5.332420 0.413139 
753 111.999505 287.003023 97.821559 271.992422 459.376646 -201.686773 603.614762 72.398404 -0.937284 2.188756 2.222750 
758 156.855596 590.164312 132.901290 569.112318 380.509343 306.528746 360.830885 360.830885 0.000000 2.238501 2.326850 
760 480.062016 619.506093 405.005125 625.401524 413.398883 275.381673 349.970421 349.970421 0.000000 1.379448 1.594773 
761 104.924019 764.474955 129.321434 768.599548 115.953916 786.926689 23.453595 23.453595 0.000000 4.255749 5.342565 
765 727.982589 369.910517 719.902482 374.218448 724.267357 371.544905 5.306030 5.306030 -0.000000 5.868749 2.592023 
772 518.167141 630.713284 456.021211 642.176108 413.961954 252.492076 392.073683 392.073683 -0.000000 1.301952 1.463281 
788 798.181049 504.120229 766.414081 494.817503 803.529734 414.326998 89.446231 89.446231 0.000000 1.630293 2.002858 
790 261.433878 780.987294 250.295667 796.578516 255.283267 788.459118 7.899723 7.899723 -0.000000 5.401102 2.121651 
830 178.997735 260.044102 204.085639 261.332735 183.447414 437.956608 177.550961 177.550961 -0.000000 4.687384 4.828710 
863 462.003582 650.049592 411.891521 650.952761 428.098208 418.241960 233.807582 233.807582 -0.000000 1.425561 1.640327 
911 112.036510 289.686203 95.860949 271.938350 111.255488 278.264650 16.956182 11.478955 0.076377 1.502521 3.531498 
919 742.091029 363.228807 729.804218 360.404309 738.000587 357.162274 7.974773 7.974773 -0.000000 0.977553 2.764932 
921 163.743678 250.294486 172.775232 260.157389 160.940789 264.302433 13.551959 13.551959 -0.000000 4.909874 5.946285 
