3 512.038940 472.790676 481.973570 473.978034 589.515247 440.912741 108.805966 13.106082 -0.286510 2.751251 2.843301 
4 438.925470 471.149328 473.973936 472.168506 453.303097 543.088252 73.263572 73.263572 0.000000 4.515129 4.996000 
12 276.992994 331.979054 309.404714 305.004960 209.442042 292.376902 101.153333 50.004548 0.024020 0.530252 0.125662 
13 437.961615 473.603787 472.961398 474.220460 455.598289 549.123569 77.115959 77.115959 0.000000 4.482964 4.940173 
19 256.990847 558.926853 235.944991 561.560394 240.377462 511.490142 49.541524 49.541524 0.000000 1.233924 1.659091 
20 503.031860 499.150583 483.019515 499.704737 494.213206 463.454720 36.530508 36.530508 -0.000000 1.328596 1.870299 
43 482.928573 457.555287 500.842296 459.037638 485.461886 527.972313 70.390561 70.390561 -0.000000 4.676429 4.931909 
54 336.755035 516.664355 373.183413 511.314099 360.303657 555.466141 45.987061 45.987061 0.000000 4.166915 4.996226 
59 257.798400 533.496429 232.989567 536.204484 241.336452 491.225791 45.395135 45.395135 0.000000 1.199425 1.754283 
60 227.958445 444.066726 120.719577 382.041318 191.967861 391.444802 71.282394 50.798805 0.275950 0.970926 3.272816 
62 442.059600 744.526377 419.890902 747.036464 422.594640 674.222276 72.405547 72.405547 -0.000000 1.300694 1.607911 
76 110.991205 321.002009 106.159477 294.975346 200.246831 290.137494 93.636217 93.636217 0.000000 2.808665 3.090219 
122 117.825490 379.215382 109.644478 320.987740 486.400448 290.768330 378.612794 378.612794 -0.000000 2.906076 3.061554 
128 208.098288 487.753098 179.937446 479.508435 296.536624 224.313641 277.873106 277.873106 -0.000000 1.894681 1.999376 
195 530.975151 533.105868 590.838181 553.397577 462.171755 824.433395 299.676789 299.676789 -0.000000 4.944311 5.155610 
231 236.110651 494.737669 272.044521 509.894450 18.731427 1061.155616 606.446076 606.446076 0.000000 5.078834 5.143128 
259 495.364769 495.708713 481.082832 482.907586 517.512083 456.313556 44.400540 44.400540 0.000000 2.082945 2.511003 
331 248.618904 447.415127 209.859728 463.251616 212.093214 409.099486 53.174066 53.174066 0.000000 0.809310 1.612018 
