7 171.832173 337.203367 180.950074 321.890177 179.481016 335.435916 13.249927 8.580007 -1.475758 2.914504 4.820418 
8 163.811601 333.941877 180.048107 292.020461 353.047556 386.898823 196.627549 196.627549 0.000000 3.414459 3.643231 
10 183.426071 297.203792 196.534682 288.857487 190.830674 294.652938 8.236371 5.954912 -0.987710 2.809830 5.489835 
13 175.940836 359.993166 173.393756 382.045480 122.756949 365.225630 52.637760 52.637760 -0.000000 6.185117 0.320700 
15 163.179599 367.009512 173.913425 359.099139 169.162063 364.195069 8.178524 6.219591 -1.562685 2.701864 5.462810 
17 196.542392 263.670120 246.907434 219.803680 298.205072 327.882586 119.906491 119.906491 0.000000 3.704940 4.269241 
20 170.979822 360.830867 164.861849 372.519339 149.302879 356.411267 24.731317 12.990933 0.522772 0.201128 0.802736 
21 160.094678 406.008764 165.991740 409.981182 165.889196 401.808994 7.990266 5.457749 -1.556781 2.514426 1.558249 
23 195.703580 306.366414 284.831532 214.536046 326.182033 338.502551 131.177541 131.177541 0.000000 3.383081 4.390433 
24 172.397249 434.939079 175.462832 454.929022 141.992075 450.497371 32.942312 32.942312 0.000000 5.810222 0.131638 
28 168.229478 486.361300 156.577922 444.890336 349.776273 412.817512 195.902528 195.902528 0.000000 2.756701 2.977083 
34 227.101713 547.730614 190.535879 525.318367 249.140466 475.919692 75.387293 75.387293 0.000000 1.868571 2.441226 
37 181.185839 290.591325 197.142038 264.102437 348.955546 376.600776 189.145552 189.145552 0.000000 3.615320 3.779328 
43 377.528232 473.997637 377.803654 418.999017 788.721045 446.513004 411.291716 411.291716 0.000000 3.074851 3.208450 
44 358.682086 356.230180 346.393668 325.064690 383.344175 328.926330 36.815249 36.815249 -0.000000 2.305402 3.245723 
45 578.198086 330.978760 579.692660 415.053252 242.306939 379.098149 339.233311 339.233311 0.000000 6.140895 0.106169 
47 180.054756 490.842018 194.618109 508.685767 184.862468 501.426433 11.675845 5.851042 1.051980 4.286027 0.639725 
50 191.099180 524.680420 168.117519 486.940518 264.863767 453.506160 101.874268 101.874268 -0.000000 2.374064 2.808854 
53 163.812561 441.079882 171.767573 435.254743 166.818676 437.046976 6.765656 4.684602 1.123703 2.211345 5.935729 
54 292.921825 484.038745 284.387239 421.262324 350.771967 442.136735 70.483449 70.483449 -0.000000 2.514730 3.446249 
62 163.539594 355.124773 168.841831 332.194661 361.173615 393.048072 201.216958 201.216958 0.000000 3.331175 3.448025 
63 242.915439 551.128244 190.899219 322.738875 262.894986 392.827325 156.948410 84.093615 -1.491075 1.696345 3.913568 
76 480.035328 592.065548 431.775161 586.505506 464.338531 526.317814 68.429000 68.429000 -0.000000 1.336440 2.066727 
78 284.928657 435.187980 288.236730 418.845498 774.889476 527.046462 498.640121 498.640121 0.000000 3.326923 3.360371 
83 297.990026 477.015250 283.568630 449.126180 316.161726 454.131941 30.858796 30.858796 -0.000000 2.241931 3.293985 
97 386.392277 532.599875 374.961961 414.966706 695.928902 446.775159 322.125243 322.125243 -0.000000 2.871119 3.240372 
101 376.984054 399.781571 415.086965 289.538408 686.514599 444.474557 312.376992 312.376992 0.000000 3.284991 3.660279 
106 166.706347 468.850283 160.971516 441.794078 275.820550 429.618434 115.189200 115.189200 0.000000 2.796437 3.035973 
114 288.654028 489.664294 275.794172 463.608043 506.736530 360.652125 252.748600 252.748600 0.000000 2.607391 2.722230 
137 428.026522 586.958910 392.081188 546.556604 466.250236 517.622878 78.891981 78.891981 -0.000000 2.074623 2.769645 
154 403.883663 506.467847 400.366602 415.967969 771.927908 454.349182 372.356865 372.356865 -0.000000 3.000918 3.244525 
159 544.827974 526.546158 478.335801 589.661467 444.998077 493.018641 102.319107 102.319107 -0.000000 0.324011 1.238620 
173 444.014510 586.973985 401.237063 512.051231 500.193897 503.719805 100.948068 100.948068 -0.000000 2.164404 3.057598 
185 417.692151 540.163669 406.106480 506.973119 579.421060 467.424325 177.814134 177.814134 0.000000 2.718938 2.917243 
186 561.991489 298.002688 571.603295 434.168827 310.837787 381.519679 265.112170 265.112170 0.000000 5.962155 0.199224 
189 430.148923 589.414162 387.949919 579.790694 478.721490 304.662976 288.494443 288.494443 -0.000000 1.739749 1.889476 
207 420.866247 336.938068 454.540253 277.694593 614.833691 408.421864 206.189206 206.189206 0.000000 3.494683 3.825743 
223 486.937754 253.711215 550.836423 276.149460 505.093447 303.468044 52.829448 52.829448 0.000000 4.362513 5.744813 
228 525.132031 569.179997 479.642427 596.245571 305.564013 257.237243 381.721606 381.721606 -0.000000 0.957476 1.096413 
229 473.070446 599.622931 433.058921 602.791274 446.274999 500.370479 102.454946 102.454946 0.000000 1.307110 1.699124 
235 453.682838 631.689032 402.202672 652.501318 374.483687 511.356671 142.418348 142.418348 0.000000 0.988699 1.376877 
247 494.336686 254.971611 537.656756 280.356011 492.938731 307.042259 50.832235 50.832235 -0.000000 4.739230 5.745146 
249 607.112180 543.839363 569.221134 566.750378 315.659048 97.918132 532.744570 532.744570 -0.000000 0.991896 1.075015 
267 467.991198 583.031872 448.798073 577.731147 468.702436 543.939401 38.230147 38.230147 -0.000000 1.588988 2.103111 
