7 501.186606 438.958641 233.775279 482.122522 364.316151 439.185304 136.976166 121.362028 -0.090811 6.281529 2.823821 
12 236.110924 310.634333 622.079596 378.191333 417.295264 398.431245 203.971198 188.413804 -0.043371 3.592822 6.184670 
13 223.167541 438.006681 492.732062 374.455673 363.367415 422.773859 139.264467 128.014980 -0.106060 3.033366 5.925727 
17 213.685203 428.127804 235.113036 313.049121 402.105886 404.183139 189.877560 189.877560 -0.000000 3.015189 3.641156 
21 605.123176 482.074925 223.879907 472.052612 415.827921 386.207988 211.843126 211.843126 -0.000000 0.468787 2.721046 
23 623.518616 378.968866 613.194564 467.061726 438.523870 402.881642 185.917955 185.917955 -0.000000 6.154636 0.352122 
25 230.433857 460.041199 497.206226 422.426117 365.039194 447.015747 133.842983 124.530219 -0.142760 3.045125 6.099239 
26 229.092668 474.256203 221.991713 401.999242 372.199810 422.587210 151.910552 151.910552 0.000000 2.795107 3.277807 
31 194.614471 391.982810 207.281799 426.914373 -13.722006 488.791233 229.515640 229.515640 0.000000 5.848196 6.010194 
34 504.277692 414.000137 504.265838 438.000625 151.234941 437.899260 353.172370 353.172370 0.000000 6.215594 0.000287 
36 727.023542 556.250203 711.910786 575.931495 581.973223 459.998146 173.833511 173.833511 0.000000 0.585861 0.728502 
39 236.681713 494.158594 213.640214 428.324531 468.655472 376.203343 260.339234 260.339234 0.000000 2.671180 2.939985 
42 618.538262 400.946799 616.271525 446.023587 394.965895 414.332278 223.456847 223.456847 0.000000 6.223386 0.142235 
47 456.031986 591.241347 345.857249 583.597995 416.429187 386.521708 208.278227 208.278227 0.000000 1.379708 1.914664 
49 231.458039 474.138635 225.951666 443.780660 394.460951 423.632084 170.418595 170.418595 0.000000 2.841123 3.022588 
54 667.597013 221.773338 673.896273 266.156650 336.910935 286.715674 336.847174 336.847174 -0.000000 6.089267 6.222252 
85 608.586466 488.270007 536.451756 582.494585 428.718615 422.964570 190.955301 190.955301 -0.000000 0.348275 0.976830 
98 489.054507 0.221650 551.100377 4.566630 472.252719 737.949505 737.255286 737.255286 -0.000000 4.735160 4.819490 
104 451.999558 616.857987 257.513699 542.420590 415.784885 411.706027 206.008518 206.008518 0.000000 1.396070 2.451263 
109 492.198107 504.700718 462.047955 546.044281 395.733439 464.475632 104.130728 104.130728 -0.000000 0.395069 0.888185 
110 551.177343 4.880002 635.121860 20.475001 473.492202 672.570121 671.815830 671.815830 -0.000000 4.828217 4.955354 
134 640.860068 21.566637 623.906193 17.379860 664.625653 -125.384910 148.543503 148.543503 0.000000 1.731132 1.848640 
