2 536.186886 215.735512 590.551041 243.130880 392.378165 266.740908 200.732828 43.425877 -0.146853 5.942352 6.164606 
3 370.883726 289.154582 344.409901 296.457983 367.440157 293.485973 20.565766 9.674889 0.012917 5.384090 3.013254 
4 587.023441 566.006650 165.651831 573.146835 376.688456 574.093059 208.187132 50.908771 -0.011882 6.244759 3.146076 
7 421.022219 301.928908 415.463957 291.552639 419.759407 296.070569 6.992592 5.570544 0.222847 1.358487 3.952229 
8 334.421902 283.993082 326.578264 289.958941 332.000253 293.150754 9.186154 7.396248 -0.942095 4.970911 3.673647 
9 545.251700 274.833808 515.038860 276.985071 532.330851 279.644764 16.796672 12.404528 0.394133 5.926748 3.294207 
10 308.861959 286.681085 342.286896 290.960374 320.190240 294.543033 22.793360 11.851745 -0.333704 3.748288 6.122448 
15 338.442817 300.752450 324.527073 289.698364 329.769621 296.567407 8.990343 7.714477 0.128695 0.449571 4.060485 
16 461.942730 285.967157 477.605489 282.569357 466.725990 307.582574 28.889953 13.028091 -1.368923 4.494609 5.122657 
17 286.027043 286.065271 295.716129 297.028882 289.211928 293.129402 7.687284 6.776382 1.113538 4.288826 0.540076 
18 219.997905 280.990173 199.435316 276.214200 214.452579 284.237158 15.291117 8.820466 0.661318 5.753469 3.632263 
20 471.738123 281.241438 473.515296 297.286587 468.112847 291.666935 10.512471 7.799640 -0.978268 5.047042 0.805102 
25 177.570807 273.884532 171.847539 287.263423 173.208459 279.460145 8.332469 5.601292 1.501355 5.376304 1.743463 
27 464.964834 267.774109 428.957918 270.134852 429.653435 -123.564347 393.398747 393.398747 -0.000000 1.480808 1.572563 
28 185.916220 277.902230 195.714245 289.631405 192.020744 282.976091 7.815048 7.815048 -0.000000 3.835049 1.064145 
29 472.171301 298.865931 431.857777 290.184205 457.681888 269.543032 32.327684 32.327684 0.000000 1.111853 2.467280 
35 297.360712 299.460812 334.073140 283.840455 332.757583 324.310304 41.754718 41.754718 0.000000 3.753676 4.744885 
38 472.759689 291.848374 471.352114 281.836049 473.467838 286.862087 9.001588 5.052052 0.023457 1.711872 4.313951 
45 296.082958 301.276014 262.703067 296.587732 284.556198 275.126708 28.923322 28.923322 -0.000000 1.155615 2.365247 
52 184.832519 275.847342 200.055387 275.857735 191.413504 283.280954 10.447179 10.447179 0.000000 3.987754 5.573500 
53 554.600434 276.657301 567.172811 266.326644 577.509344 289.843304 25.933001 25.933001 0.000000 3.663866 4.298267 
54 398.884179 290.593152 428.339027 289.077358 411.520083 292.912184 15.861396 6.233200 -0.228237 3.323100 6.059011 
56 201.588023 286.389223 189.938681 286.027600 195.717514 279.337076 12.818944 6.813976 1.558597 0.876584 2.283210 
59 347.728399 301.415447 338.862238 302.387078 341.835563 294.548992 8.298350 8.298350 0.000000 0.861557 1.933369 
69 169.635854 255.855888 154.778706 247.598850 170.675027 234.726272 21.228433 21.228433 -0.000000 1.619938 2.460915 
71 496.905585 281.546970 510.922021 278.625834 509.997307 304.686573 25.899315 25.899315 -0.000000 4.197518 4.747857 
72 280.351957 291.913507 266.999113 291.002250 274.595307 282.279008 11.192330 11.192330 -0.000000 1.032214 2.287242 
79 585.498317 582.480567 166.540211 585.394390 375.996316 585.618610 201.184208 43.728939 -0.010522 6.268208 3.142663 
81 392.225290 515.808966 385.101853 514.461534 392.034443 504.951064 10.392575 10.392575 -0.000000 1.553221 2.200684 
108 293.110801 293.550321 285.942413 286.497100 301.321647 283.661881 18.013050 8.153947 -0.439823 2.263770 2.959286 
113 377.149112 485.723915 363.321740 478.255815 389.889242 446.494790 40.749945 40.749945 -0.000000 1.884813 2.267390 
148 175.891197 356.556846 160.036276 324.986191 235.466109 307.381869 75.938707 75.938707 0.000000 2.451536 2.912310 
151 367.643128 491.316112 371.315733 507.209867 365.343180 501.312671 9.245281 9.245281 -0.000000 4.938528 0.779050 
155 316.969182 482.598919 367.291627 491.151645 322.891936 577.729933 96.493707 96.493707 0.000000 4.650210 5.186246 
156 449.346949 478.486434 477.054689 476.873913 461.537949 510.111713 35.850607 35.850607 0.000000 4.344460 5.149159 
172 301.960590 255.757795 250.994422 253.107267 309.993923 -440.964718 696.317839 696.317839 -0.000000 1.582326 1.655597 
175 257.964301 273.473243 174.970486 263.152795 276.448010 -222.198600 495.790823 495.790823 0.000000 1.608069 1.776908 
180 322.916199 513.095589 325.358235 495.198147 327.432752 503.786066 10.177472 8.516795 -0.756642 2.022497 4.475367 
181 533.982522 264.833721 478.959773 270.617295 439.205712 -442.884651 713.969200 713.969200 -0.000000 1.437670 1.515137 
190 302.845989 605.135040 194.882822 584.411984 315.838458 228.634945 375.365573 375.365573 0.000000 1.605291 1.898513 
194 338.052432 518.736543 318.627699 514.870704 345.518230 433.781707 84.774641 84.774641 -0.000000 1.658451 1.891002 
202 283.174892 424.944439 270.371026 436.792241 277.449326 431.079595 9.702092 7.766068 0.349227 5.463267 2.462559 
207 542.177589 243.079122 509.086380 248.524888 434.054800 -294.688217 548.302726 548.302726 0.000000 1.372383 1.433539 
219 423.880982 488.080650 453.956710 491.393057 415.144891 679.139811 191.262977 191.262977 -0.000000 4.758082 4.916242 
254 551.011265 585.033955 529.100509 592.302961 503.099537 485.924695 109.374876 109.374876 0.000000 1.120498 1.331076 
291 219.432725 289.866518 221.214903 280.307353 223.122017 285.500692 5.873327 5.873327 -0.000000 2.272403 4.360454 
