2 622.197180 315.112298 667.350944 532.374261 336.334765 464.877363 341.379836 277.734371 0.015898 5.800596 0.201151 
8 565.342384 262.593141 609.914326 300.101808 422.807529 476.278815 255.843887 255.843887 0.000000 5.300643 5.527864 
13 289.679665 472.773447 311.654235 454.389781 316.982849 484.457592 29.407593 29.407593 0.000000 3.545951 4.536990 
14 218.000158 479.906899 250.686809 491.368832 222.138468 516.225169 36.973714 36.973714 0.000000 4.598933 5.566810 
15 245.994625 457.496580 253.403128 442.701129 273.617095 461.956135 27.201052 27.201052 0.000000 3.301658 3.902699 
16 288.105855 620.818558 219.766503 568.202096 378.178740 430.689765 209.717724 209.717724 -0.000000 2.013222 2.426703 
33 240.153747 502.219185 262.406720 514.619102 240.829570 525.759310 23.710886 23.710886 0.000000 4.683687 5.806586 
34 275.653953 542.225182 302.685325 570.256866 221.694718 618.256801 93.196858 93.196858 0.000000 5.329592 5.748180 
44 264.729312 471.974303 272.970972 452.975206 287.629545 470.165721 22.568556 22.568556 0.000000 3.062780 4.006322 
73 318.577102 590.261749 335.690004 580.458841 346.317070 615.794980 36.363016 36.363016 0.000000 3.885591 4.420251 
104 359.434950 511.436179 384.112309 493.241036 392.080116 528.194391 35.400589 35.400589 0.000000 3.615859 4.488263 
107 365.350805 509.507131 383.774616 495.532231 388.393549 522.663314 26.949564 26.949564 0.000000 3.660376 4.543761 
114 129.289090 441.131721 180.647303 310.054627 354.971510 455.019126 225.605127 225.605127 -0.000000 3.203050 3.835295 
117 222.044352 510.677167 202.104936 500.884181 224.596539 481.251688 29.962931 29.962931 0.000000 1.657314 2.423964 
119 385.016851 648.055729 368.741738 645.754633 380.554845 630.351655 18.624939 18.624939 -0.000000 1.323905 2.225049 
123 249.263755 479.196831 244.984796 456.000592 529.847582 421.472559 287.171030 287.171030 0.000000 2.938694 3.020972 
131 266.997638 549.999531 260.972935 568.985461 224.988551 548.031215 41.769937 41.769937 -0.000000 0.046820 0.527314 
132 258.620362 273.576561 578.238954 583.224857 409.552857 435.893140 230.878933 203.710845 0.201767 3.963317 0.717927 
149 185.556294 517.289454 196.513037 536.610567 -289.311722 795.592509 550.487441 550.487441 -0.000000 5.753076 5.793428 
150 175.513630 490.133875 168.195467 422.963923 474.488148 429.031306 306.539200 306.539200 0.000000 2.939995 3.161399 
154 348.042294 483.995628 354.401578 462.748373 377.783224 483.335829 30.495630 30.495630 0.000000 3.119411 3.863527 
166 227.909793 520.002475 240.753979 505.655984 240.097723 516.926418 12.192669 12.192669 -0.000000 2.894370 4.770551 
168 211.638150 484.618573 226.655530 480.684927 225.498893 508.350226 26.924753 26.924753 0.000000 4.183771 4.754173 
195 742.961844 759.517060 798.025677 758.670879 778.156461 1082.415666 323.874284 323.874284 -0.000000 4.603822 4.773685 
202 137.082194 519.376874 129.936130 483.012551 326.073492 460.311477 197.075489 197.075489 -0.000000 2.838681 3.026365 
203 605.197833 758.338849 564.010383 758.398142 589.786825 560.402392 198.889852 198.889852 0.000000 1.493095 1.700255 
204 474.225278 757.864537 455.588733 755.898497 465.346037 718.271835 39.840209 39.840209 -0.000000 1.350182 1.824526 
255 183.423074 372.778380 242.507160 286.469620 368.946425 438.978570 197.196987 197.196987 -0.000000 3.484339 4.020177 
264 534.573611 674.190645 469.572877 697.240956 436.594442 498.003590 201.600086 201.600086 0.000000 1.063275 1.406760 
267 174.842568 383.326417 188.589855 347.841107 658.996401 552.389368 512.681058 512.681058 0.000000 3.477548 3.551762 
328 279.627445 484.709138 294.089938 499.948179 273.226267 504.649795 20.803699 20.803699 0.000000 5.023009 6.061538 
