4 469.263834 696.303498 380.059628 706.520605 353.738285 86.343919 619.685320 619.685320 0.000000 1.383615 1.528380 
7 517.872646 599.620728 469.596333 695.831038 456.084676 644.813641 94.669203 50.993166 -0.120800 5.651682 1.311896 
13 447.867387 453.564100 486.519017 449.492727 473.566149 505.554506 57.627994 57.627994 -0.000000 4.253313 4.939451 
15 448.854073 538.155242 442.825683 610.152865 -116.930824 527.862726 565.015187 565.015187 -0.000000 0.018190 0.145965 
16 268.369162 521.110657 264.014415 456.931169 1002.994961 441.387503 738.644595 738.644595 0.000000 3.033494 3.120562 
21 715.940556 245.559513 727.577715 252.464518 714.922711 258.436186 13.360584 13.360584 0.000000 4.791271 5.842284 
22 400.974823 472.975941 452.016566 436.539326 495.643990 542.425841 116.387088 116.387088 0.000000 3.774519 4.321563 
23 790.804444 428.988741 790.941008 463.004252 480.594145 444.524732 310.451103 310.451103 -0.000000 6.233145 0.059475 
26 202.651360 639.156427 266.726581 576.910349 355.397427 633.267908 161.790644 56.619808 0.099509 3.103061 3.707765 
27 447.792288 580.884315 516.491293 620.139346 399.527764 619.677797 116.033013 40.632962 -0.024710 5.606151 0.003946 
28 693.764293 359.915954 756.154263 375.377523 675.685988 571.770532 210.887127 210.887127 0.000000 4.797516 5.101256 
34 755.409803 376.626649 766.729161 387.287566 745.060088 398.476674 23.351733 23.351733 0.000000 5.154752 5.806533 
35 742.058268 376.873831 464.040018 388.927223 611.910182 387.995418 146.230906 28.870224 0.017305 6.197939 3.135291 
45 468.969527 432.122480 491.738271 443.300029 471.236160 456.549803 23.904786 23.904786 0.000000 4.619863 5.709441 
46 685.710991 253.017465 715.986579 244.317413 707.723016 283.502857 39.534137 39.534137 -0.000000 4.087016 4.920227 
47 766.268397 411.488856 785.987556 432.997470 766.056719 440.333310 27.551906 27.551906 -0.000000 4.719727 5.930509 
48 291.955442 24.530088 456.468576 289.691792 310.318993 195.492180 172.930607 172.930607 -0.000000 4.605386 0.572529 
52 230.503489 700.496755 139.008493 715.236343 160.020246 521.184958 193.074931 193.074931 0.000000 1.196273 1.678655 
53 466.803351 374.255984 529.889487 357.581878 529.273616 493.227966 132.620224 132.620224 0.000000 4.228876 4.716929 
55 102.348119 678.708082 153.129148 668.652179 152.313807 802.574257 132.127324 132.127324 0.000000 4.328968 4.718477 
57 474.683941 646.490989 444.631682 654.378218 274.398148 -126.761181 799.315096 799.315096 -0.000000 1.317349 1.356222 
62 685.762945 236.102771 707.385775 236.662961 697.261902 242.841816 12.186485 12.186485 0.000000 3.671697 5.735208 
63 237.988223 676.056715 216.555373 585.605377 328.080689 626.573612 183.403346 53.596243 -0.024909 2.639327 3.493635 
64 782.234166 490.593370 449.610519 483.106366 616.881659 485.311589 162.985574 36.015656 0.014675 0.031932 3.154775 
65 229.212648 718.225549 128.904777 741.817370 158.818713 618.987964 125.167157 125.167157 0.000000 0.953824 1.809686 
67 355.436882 364.511792 298.003498 370.104163 313.818201 233.686239 136.598200 136.598200 0.000000 1.262797 1.686209 
68 274.086625 359.940818 344.060762 100.068745 313.636984 233.637185 135.382129 135.382129 -0.000000 1.874262 4.936345 
70 346.173908 102.421671 390.548408 343.704559 320.608914 232.685510 132.537886 128.144347 1.425522 4.906181 1.008626 
74 373.080072 750.095170 274.030926 767.859085 304.796794 633.234759 137.645895 137.645895 0.000000 1.041990 1.795469 
75 473.418280 203.835293 453.361561 287.131100 290.814321 200.470312 182.825134 182.825134 0.000000 0.018426 0.489808 
76 21.709657 377.524616 92.525464 363.588642 102.686381 606.097300 240.843351 240.843351 -0.000000 4.371914 4.670514 
77 90.596253 688.919482 103.438368 680.591806 106.937302 698.090865 17.516991 17.516991 0.000000 3.653031 4.515042 
78 379.101022 708.923314 299.002367 740.027273 310.178736 716.942180 72.487495 21.948086 -0.022475 6.167360 2.021674 
79 444.547759 495.056365 448.581745 455.854059 580.059404 487.731959 134.557449 134.557449 0.000000 3.087595 3.379461 
81 288.059244 733.113316 242.003748 726.986554 276.830266 667.512708 67.110150 67.110150 -0.000000 1.401267 2.100543 
84 374.180288 36.652461 469.001146 259.000379 309.550180 195.659903 171.116248 171.116248 0.000000 5.098452 0.378126 
86 402.892864 473.818032 343.011195 476.782592 355.607445 150.209777 326.796359 326.796359 0.000000 1.425704 1.609348 
93 788.617404 435.767831 601.014390 467.470550 632.382819 10.402945 456.179382 456.179382 0.000000 1.218797 1.639319 
97 233.185435 678.469782 260.359065 687.973319 240.712236 766.000486 85.900940 85.900940 -0.000000 4.626610 4.959056 
99 181.048152 363.415205 278.239349 383.586731 208.075450 521.727648 156.491262 156.491262 -0.000000 4.543298 5.182349 
101 700.980798 253.610370 717.991368 253.375313 708.722959 290.601912 37.522853 37.522853 0.000000 4.506072 4.956401 
104 668.003293 527.103104 448.787856 492.931033 604.062707 141.648036 387.194427 387.194427 0.000000 1.406410 1.986996 
109 685.577211 260.336370 700.963113 253.901948 708.332220 294.417429 40.899354 40.899354 0.000000 4.123690 4.532472 
111 758.947736 384.234958 756.083806 400.099448 751.405271 392.447771 12.399433 8.284231 -0.349978 5.455265 1.022008 
112 489.934677 595.110178 503.007443 632.006441 464.419708 619.004141 48.051839 24.840879 -0.079527 5.530583 0.325006 
113 446.012694 651.500196 346.102540 648.962675 402.182113 228.118607 423.271521 423.271521 0.000000 1.467639 1.703271 
114 218.932129 340.076700 227.339481 48.956401 294.972776 195.988236 162.873415 153.398930 -1.548090 2.056386 4.281258 
117 236.999985 645.000037 210.851548 598.818423 288.441649 616.455147 90.068831 33.769636 0.003948 2.634997 3.365101 
118 293.977405 372.183309 274.033893 369.725033 297.173116 253.758320 117.898594 117.898594 -0.000000 1.597775 1.767743 
120 242.060626 725.987186 243.678531 704.611835 297.051994 714.470670 62.501281 20.938819 -0.024300 2.935152 3.324248 
126 762.335239 424.993724 757.939654 436.941824 750.268882 428.310422 12.598758 12.598758 -0.000000 6.014939 0.844257 
127 678.038408 340.275130 537.276308 334.946342 615.620322 20.014655 325.171564 325.171564 0.000000 1.378311 1.814612 
135 437.874282 449.631755 463.016468 441.048236 471.664155 511.555369 69.922616 69.922616 -0.000000 4.212876 4.590349 
136 410.975210 155.014133 370.996077 344.994809 307.394349 232.428928 129.531505 127.272847 0.196616 5.641360 1.056496 
140 509.241118 630.261252 503.509049 635.551557 240.279256 293.069718 430.782133 430.782133 0.000000 0.897488 0.915500 
141 355.011243 359.044327 273.948395 361.299463 311.543454 218.774896 147.037232 147.037232 0.000000 1.270293 1.828701 
143 322.226612 551.300157 277.747510 542.934085 323.730918 427.545072 123.465119 123.465119 0.000000 1.582951 1.950016 
144 263.244316 486.792796 200.065711 501.393374 179.103117 257.881563 243.679530 243.679530 0.000000 1.218554 1.484924 
145 192.081866 306.932708 229.570659 59.254078 303.616856 195.893718 159.255337 149.914041 -1.411411 2.358423 4.215779 
146 181.079944 673.228359 231.841692 690.111975 180.034802 789.866387 115.511962 115.511962 -0.000000 4.721349 5.191392 
148 343.007293 99.560359 462.146753 179.400208 322.093704 255.306752 158.694288 158.694288 -0.000000 4.845870 5.786517 
150 211.743728 598.535895 259.915290 581.653563 275.825784 710.866073 129.453069 129.453069 -0.000000 4.193959 4.589871 
154 656.986297 419.683373 515.956106 412.324937 619.020295 -155.958484 577.019450 577.019450 0.000000 1.504938 1.750207 
164 380.263064 724.399250 352.136456 736.486814 344.812298 680.809493 55.899615 55.899615 0.000000 0.888009 1.440001 
168 218.742426 314.348265 194.226151 264.709298 313.156394 236.380873 122.279278 122.279278 -0.000000 2.451315 2.907756 
169 304.913907 362.542929 217.241197 314.867462 317.071862 235.516608 127.337211 127.337211 0.000000 1.666218 2.469997 
170 192.990631 265.000547 350.784735 110.943148 303.771732 221.960423 120.911206 108.101194 -0.925793 2.771026 5.112967 
171 275.752104 381.247910 274.940191 394.691785 272.852424 388.019531 7.662263 7.662263 -0.000000 5.116976 1.267545 
175 162.362257 648.112155 195.369370 612.495239 203.163192 660.060814 45.352865 45.352865 0.000000 3.426479 4.549978 
176 162.112787 666.801144 146.919536 649.975647 212.943751 605.622012 79.016672 79.016672 0.000000 2.264070 2.550060 
194 150.959447 234.108870 150.104386 163.008181 325.354867 196.955412 177.627936 177.627936 0.000000 2.931689 3.332930 
196 200.584943 245.048358 201.594577 211.957120 584.687173 237.791775 383.985323 383.985323 -0.000000 3.122703 3.208928 
