1 716.997695 805.746057 232.383803 610.281611 483.455619 692.460210 266.706642 240.314899 -0.069244 0.451638 3.457913 
3 205.413222 357.284039 762.799234 387.796997 491.227545 282.655703 308.413679 213.032330 0.040143 2.886187 0.369387 
5 422.966055 904.875741 375.851314 891.313251 446.803717 748.418550 159.457745 159.457745 0.000000 1.721993 2.031669 
7 745.040209 710.005183 717.048131 805.553920 541.253225 704.349496 203.078543 203.078543 0.000000 0.027746 0.522357 
8 320.178513 408.736324 398.092699 111.304885 481.622767 273.884143 250.191324 172.791855 -0.020632 2.445703 4.237778 
11 295.291609 503.355488 350.525297 464.211673 454.121190 670.077144 229.931276 229.931276 -0.000000 3.951228 4.246168 
19 325.631046 860.474365 282.895210 816.024154 436.885488 707.399529 189.056202 189.056202 -0.000000 2.199282 2.527252 
20 280.397476 814.759684 254.030581 763.986382 490.397353 674.143947 252.650782 252.650782 0.000000 2.551563 2.778360 
24 389.814063 356.467093 562.120231 355.659956 477.360305 581.109429 241.254095 241.254095 -0.000000 4.340781 5.072001 
43 244.287781 710.999533 254.571235 643.832837 415.581368 700.338224 171.337270 171.337270 0.000000 3.079433 3.479107 
48 364.345591 525.864963 403.662786 510.156003 476.332090 743.250171 243.729839 243.729839 -0.000000 4.236693 4.410179 
51 702.983525 569.010109 719.840516 596.484295 574.029046 667.391705 161.590888 161.590888 0.000000 5.631468 5.830562 
53 492.044139 433.439322 531.038641 436.509163 494.024188 655.002601 220.994829 220.994829 -0.000000 4.703452 4.880203 
85 444.969923 435.549376 465.014117 434.211506 465.925188 607.420972 172.998205 172.998205 0.000000 4.591064 4.707129 
