3 7.153973 65.354369 39.531370 99.741939 -21.091894 125.575082 66.102126 66.102126 0.000000 5.150963 5.880361 
4 657.479357 34.687232 666.681116 41.434222 662.045513 38.210572 6.243245 5.320419 -0.433908 3.798788 0.607640 
7 666.572487 42.383347 656.632185 49.346714 662.558949 46.651505 6.599835 5.681239 0.118127 5.467052 2.714794 
13 80.016455 428.062925 81.786400 363.975722 375.196736 403.950262 296.187444 296.187444 -0.000000 3.060086 3.277000 
15 682.153255 43.856984 671.873981 50.086939 676.880398 46.694392 6.729255 5.530360 0.061105 5.789512 2.546032 
28 671.063923 34.243447 681.011296 41.448443 676.265364 38.289969 6.456051 5.364899 -0.450178 3.802751 0.587203 
33 760.202136 794.166175 798.031966 765.165613 790.363774 795.112473 30.373069 30.373069 -0.000000 3.172957 4.963063 
60 88.659313 328.880399 144.977617 216.701587 378.664379 405.654983 299.636050 299.636050 0.000000 3.400391 3.821541 
80 123.389489 48.423552 104.126394 66.137448 84.340861 23.011953 45.596956 45.596956 0.000000 0.576915 1.140657 
84 104.248639 502.893081 86.125615 429.981070 339.142497 408.016646 253.648913 253.648913 -0.000000 2.757718 3.055000 
119 199.053855 161.071568 307.382946 99.871003 419.292618 425.732562 343.964855 343.964855 -0.000000 4.018347 4.381582 
131 75.241695 570.633290 120.544135 550.177093 99.084221 564.003202 27.293311 22.070842 -1.082373 2.870367 5.710844 
132 161.869868 600.184568 120.494110 550.387756 447.760327 324.397954 397.369435 397.369435 0.000000 2.374181 2.537245 
140 192.908359 174.907960 273.289998 121.571766 395.969758 393.247444 297.985286 297.985286 -0.000000 3.963230 4.288233 
143 767.010760 700.126490 793.321522 703.496729 776.787785 753.251169 53.786582 53.786582 0.000000 4.530386 5.033215 
153 517.341862 659.053910 233.295528 653.173541 382.676713 322.825346 361.950763 361.950763 0.000000 1.189845 1.995473 
157 640.692761 168.392519 718.432075 315.670120 469.226584 354.736220 251.886605 251.886605 -0.000000 5.456232 6.127688 
158 638.402351 798.019243 637.919385 785.996064 671.205421 788.130137 33.875160 33.875160 0.000000 2.848789 3.205618 
162 370.799463 89.714080 640.548582 168.339870 428.955029 398.268146 312.544282 312.544282 -0.000000 4.526097 5.456285 
166 386.008398 678.546663 208.447847 628.964528 376.875757 367.646594 310.640650 310.640650 0.000000 1.541430 2.143318 
167 744.231729 738.826575 743.060795 766.703715 717.268683 752.714034 29.110092 29.110092 -0.000000 5.807566 0.496991 
176 637.136676 781.780703 648.237011 750.580924 709.472592 791.701019 72.932928 72.932928 -0.000000 3.277885 3.732938 
180 670.205599 59.337918 632.000638 70.039008 641.365209 28.298585 41.975958 41.975958 -0.000000 0.822104 1.791494 
181 74.087023 186.991715 89.007862 166.679904 107.980947 201.337715 45.869991 19.131605 0.778414 3.541990 4.211513 
184 620.997851 70.055738 572.923976 58.153351 615.360758 -12.637938 82.576598 82.576598 -0.000000 1.502733 2.110821 
186 208.420219 628.800415 187.045551 613.317661 364.950505 386.968084 287.847896 287.847896 0.000000 2.145248 2.236926 
187 94.197898 179.525017 80.994767 196.965549 83.826129 185.010293 11.848373 11.848373 -0.000000 5.796712 1.803342 
190 718.811074 318.841391 711.710983 436.144026 435.392511 360.462869 286.023653 286.023653 -0.000000 6.137372 0.267335 
208 67.998666 260.442314 113.998248 260.581024 88.889770 490.948848 230.923019 230.923019 -0.000000 4.622005 4.820953 
211 675.302721 205.797312 720.994324 316.229810 453.516812 362.047825 271.357791 271.357791 0.000000 5.669439 6.113535 
222 127.999270 198.999406 98.623926 206.615412 105.730853 187.067792 25.510115 20.048905 0.943934 0.491883 1.919509 
226 638.978274 164.019624 675.032892 205.978503 494.286291 330.005990 219.358570 219.358570 0.000000 5.429353 5.681784 
230 120.388750 198.901046 104.090931 205.685694 110.637014 195.604152 11.494267 11.494267 -0.000000 0.326019 2.146689 
262 218.180091 38.133463 234.050378 29.337270 231.584957 44.273898 14.767313 14.767313 0.000000 3.571141 4.875973 
281 756.019989 24.732330 778.354010 49.802665 757.830829 43.680782 22.884539 18.593763 -0.245564 4.617112 0.289888 
329 723.668943 144.261139 735.705192 198.912206 695.455684 179.960990 44.614948 44.614948 -0.000000 5.381181 0.440051 
346 679.695034 100.275650 721.045498 139.952583 418.812019 415.186264 408.176124 408.176124 0.000000 5.404230 5.544509 
380 37.700052 146.580029 20.463125 167.383723 -23.107875 115.915260 66.903975 66.903975 0.000000 0.467073 0.868304 
