1 782.872829 267.938545 390.106074 253.023240 585.735609 270.609965 198.294572 68.217566 0.028866 6.269635 3.231250 
3 223.648778 256.449967 224.491751 255.985290 124.361043 261.211966 101.611868 35.125448 -0.015196 6.235260 6.231034 
4 113.895037 531.178982 131.212067 463.513532 254.786676 530.802215 165.656966 61.704342 0.238500 3.138919 3.640218 
6 451.911272 392.205595 493.087312 437.659943 462.850016 418.880146 35.300777 17.725379 0.703058 4.323222 0.555776 
18 354.918655 427.718334 351.306792 420.459186 351.830854 424.593989 4.831793 3.580059 -0.779817 0.791281 4.586317 
19 684.969477 490.961801 722.859598 467.480891 762.679649 570.477258 110.834349 110.834349 0.000000 3.938472 4.343473 
20 778.079077 461.840108 794.113636 469.770231 765.956645 509.212001 48.177449 48.177449 0.000000 4.962912 5.332375 
26 785.819505 283.924341 397.094254 292.855081 584.723679 271.813298 202.459587 70.575088 0.031068 0.060153 3.029914 
28 392.435246 287.751610 451.905149 209.758823 625.886007 272.535124 242.634531 81.251764 0.037660 3.076504 3.487877 
30 332.941464 417.482714 327.973802 424.034919 332.065829 421.398723 4.524074 3.411931 -0.789675 4.932374 2.569286 
34 718.865563 556.376578 685.023098 491.030258 709.440058 519.655534 42.464142 37.403708 -0.466664 1.319542 4.006164 
42 218.988601 243.012462 24.453696 275.827656 121.836918 259.940944 108.441676 39.473316 -0.001583 6.110669 2.979881 
45 217.788299 450.807827 201.760964 453.653888 145.602700 110.317844 347.863263 347.863263 0.000000 1.361885 1.408666 
46 355.901596 419.055953 354.074319 394.075308 367.544449 404.668378 17.603284 17.603284 0.000000 2.251140 3.807993 
55 373.431521 409.732128 357.924577 418.872036 351.426523 389.667761 28.898705 28.898705 -0.000000 0.739302 1.351859 
57 390.111133 253.089236 775.126739 250.800780 584.931771 266.916577 194.847492 68.131417 0.022971 3.212449 6.198654 
63 230.292797 405.871946 392.976025 379.283481 341.806601 638.824602 262.355420 262.355420 -0.000000 4.265928 4.907046 
67 415.875801 382.094074 380.769254 266.865501 609.321815 270.105168 225.237061 225.237061 -0.000000 2.616821 3.155766 
89 612.151538 523.851934 609.763057 560.790804 598.958927 546.159777 25.104474 18.054109 -0.758930 5.246453 0.934735 
90 34.957777 468.024924 52.067101 468.709150 42.209622 491.003279 24.021497 24.021497 -0.000000 4.406687 5.128701 
101 31.778346 735.156060 39.269877 736.592428 32.538588 807.862692 72.867656 72.867656 -0.000000 4.701933 4.806557 
105 605.310260 566.570072 580.916384 579.846364 526.824660 451.619997 138.658354 138.658354 0.000000 0.971721 1.171601 
113 210.134705 412.212658 79.820536 454.343226 102.402836 414.397124 107.360252 41.630564 0.078070 6.262911 2.085325 
118 232.200093 264.053126 222.424716 302.328141 -28.573292 216.928566 264.173421 264.173421 -0.000000 0.178781 0.327954 
129 696.270357 494.389184 732.018929 472.052660 741.716491 529.232850 57.402188 57.402188 0.000000 3.795698 4.544391 
134 550.884618 237.150566 564.082799 236.327162 566.629576 293.846019 58.843407 58.843407 -0.000000 4.441504 4.668141 
137 588.053127 235.524899 583.039088 245.517855 572.003186 232.503563 15.073853 15.073853 0.000000 0.186068 0.867474 
142 451.765835 566.678997 466.784374 602.509535 115.205915 730.666826 373.973221 373.973221 0.000000 5.829792 5.933634 
150 354.059231 636.368438 219.753528 618.814872 345.353001 190.287525 447.228186 447.228186 0.000000 1.551282 1.855907 
156 441.282458 577.403724 422.197612 595.058217 398.182457 541.924546 56.844428 56.844428 0.000000 0.688718 1.146300 
157 765.317477 542.526143 719.008050 556.167284 711.863564 443.914642 113.071874 113.071874 0.000000 1.074065 1.507236 
193 754.816710 538.526528 720.984234 546.567910 724.380715 493.683433 53.205519 53.205519 -0.000000 0.974494 1.634933 
196 549.897492 380.823249 535.003890 378.968756 544.437972 358.559265 21.874088 21.874088 -0.000000 1.330324 2.003782 
201 776.098358 471.846729 787.267384 490.185268 780.914687 481.593075 10.826818 5.297539 0.877222 4.253418 0.934142 
206 790.658531 493.046398 780.697406 515.086919 771.125077 497.654493 20.055414 20.055414 0.000000 6.051513 1.068636 
208 573.959427 767.231727 593.874186 770.718576 575.002012 820.201777 52.489140 52.489140 0.000000 4.692709 5.076746 
214 550.117766 370.819904 538.047629 362.927163 556.410911 347.026487 23.811247 23.811247 -0.000000 1.829366 2.427943 
216 577.946183 229.051126 572.727813 209.992007 590.810828 215.650909 18.736780 18.736780 0.000000 2.335806 3.444878 
223 706.956989 768.233193 726.223760 771.786844 707.399696 821.983065 53.241895 53.241895 0.000000 4.704153 5.071168 
224 555.920555 453.413238 501.805894 443.009652 577.198159 173.479283 279.363341 279.363341 -0.000000 1.646660 1.843543 
228 558.510657 364.365963 551.324611 354.757234 567.018009 350.480549 15.525674 15.525674 -0.000000 2.120489 2.875538 
239 688.259396 438.391048 619.265984 462.320284 614.143115 325.982231 135.259089 135.259089 -0.000000 0.987879 1.533239 
248 586.142291 377.727085 568.860419 368.821086 572.711478 379.640815 13.664357 10.859250 -0.341940 6.141650 4.370442 
258 373.387337 531.817907 347.122866 505.158034 357.064537 520.233450 24.620597 17.770825 -0.318411 0.617213 4.129391 
260 414.037714 703.936439 368.987980 702.338959 399.256745 386.279042 317.258044 317.258044 0.000000 1.524299 1.666274 
262 570.137024 376.218598 586.625455 376.480163 578.157001 376.474575 7.399439 3.449758 -0.028672 3.173499 0.000660 
264 573.070866 377.122085 571.021953 370.028129 572.943195 380.611317 9.316850 7.774949 0.366248 4.748963 4.532807 
269 355.809137 515.831504 369.963534 514.585687 364.350251 531.555319 17.012763 17.012763 0.000000 4.214785 5.031843 
274 554.383041 405.226052 561.170272 396.267937 565.557691 405.543677 10.387507 10.387507 0.000000 3.170009 4.270574 
284 357.013497 519.043074 346.355129 518.929926 356.226278 523.382530 9.448522 6.951488 0.055997 4.891847 3.565338 
298 150.034419 507.906059 135.816328 490.880213 146.206134 498.082835 13.168938 8.326754 0.346075 1.199185 3.747767 
302 163.511146 505.510833 137.082278 489.917168 144.344082 499.111697 19.544434 9.866409 0.399995 0.322225 4.043901 
303 346.863208 518.857287 373.070988 531.290402 361.867769 522.774193 15.765238 13.276995 -0.431193 3.396942 0.649970 
314 145.896694 491.332041 150.111738 507.338593 148.944934 499.584460 8.506802 7.383432 0.469580 4.358559 1.421442 
317 572.404435 409.079549 577.061008 398.402464 575.871230 406.420924 8.274672 4.013706 1.343293 2.487374 4.859694 
327 133.130462 354.934703 119.226880 352.077660 125.927109 357.648121 8.421266 7.670710 0.229143 5.922935 3.835179 
330 174.110987 523.874764 162.986122 514.015660 193.207732 490.115803 38.272458 38.272458 -0.000000 2.085598 2.472474 
331 398.054166 520.236130 382.932321 523.704962 382.402940 491.854060 31.520329 31.520329 -0.000000 1.066842 1.554177 
332 368.772222 516.265780 342.503753 519.712124 355.810845 523.098292 15.094424 10.500845 -0.267648 5.798059 3.390768 
340 136.410199 495.259243 163.900551 502.061414 150.106347 500.777326 14.824585 10.821453 0.643452 3.524591 0.092821 
341 154.434389 500.931806 136.552582 495.613759 145.853362 498.418791 9.243356 4.683774 0.452191 0.284891 3.434509 
344 124.050510 357.956509 115.265934 366.149605 127.725712 359.171321 13.114217 7.996801 -0.579575 3.460830 2.631055 
362 111.033355 340.974144 104.948794 330.019483 116.366158 330.393854 11.201441 11.201441 0.000000 2.037664 3.174370 
388 465.100949 206.526544 521.970704 197.660216 570.297789 651.692731 457.084199 457.084199 0.000000 4.480337 4.606349 
396 114.785867 366.115565 121.147469 346.104820 134.798566 357.922409 23.014718 14.574158 -0.088449 2.753011 3.855124 
401 654.078192 74.163493 633.961501 72.089645 646.207811 65.689076 12.039884 12.039884 -0.000000 0.822337 2.659987 
470 129.589314 377.017612 128.537271 389.834880 120.376479 383.417531 10.170358 10.170358 -0.000000 5.676043 0.666371 
475 300.880594 316.461450 329.931773 318.835049 294.188817 574.918677 258.276738 258.276738 -0.000000 4.738274 4.851068 
509 555.231670 742.526823 563.510385 744.123564 558.027204 746.783482 5.968575 5.968575 -0.000000 4.131288 5.831525 
539 363.994539 643.278346 316.993012 642.356196 356.332531 6.354140 636.765106 636.765106 -0.000000 1.558767 1.632572 
552 541.997843 391.994707 551.114053 388.279887 551.067423 401.453257 12.692411 12.692411 0.000000 3.947981 4.715929 
571 601.888680 363.864590 590.902537 369.693488 591.200808 357.265904 12.125037 12.125037 -0.000000 0.553115 1.594792 
