1 216.076596 179.150230 227.997407 179.009175 221.529060 182.945510 6.255326 6.255326 0.000000 3.749674 5.736500 
3 302.639593 471.601784 391.082766 516.840639 395.870983 396.779036 119.296293 119.296293 -0.000000 2.465299 1.610657 
4 35.940881 207.703715 244.026370 215.036492 144.274228 162.232449 116.929386 114.068372 -0.639368 2.744190 0.486853 
5 121.139406 191.942180 127.934109 186.983940 124.263397 187.169197 5.041168 4.838350 -1.302282 2.150339 6.232759 
6 384.992372 663.156917 358.985454 663.392213 371.738275 77.462629 585.664416 585.664416 0.000000 1.548170 1.592558 
7 81.022439 180.998114 89.941558 177.140604 85.261741 179.590684 4.435513 4.435513 -0.000000 2.821046 5.800882 
8 137.345750 186.487523 147.547003 188.723917 143.397613 186.160230 5.310163 4.553020 0.034673 3.087564 0.553439 
9 39.022601 441.986812 267.798886 377.185324 151.740642 407.061606 121.604264 118.218699 1.502495 2.841128 6.031231 
10 121.525924 174.754647 129.959532 169.084901 126.018296 172.262202 4.785581 4.785581 -0.000000 2.635059 5.604694 
12 280.660985 203.443841 501.736152 171.062890 385.760548 152.585132 117.085462 113.977843 0.170906 2.690900 0.157997 
14 494.804839 189.904747 283.814668 202.091998 386.191814 170.805472 108.638585 90.875422 0.028049 0.174067 2.845006 
15 196.684359 100.663971 208.758824 104.961036 202.167067 103.410996 6.929475 5.958555 -0.608520 3.606067 0.230952 
16 134.793287 585.508249 139.541398 592.384692 143.477395 585.473762 8.857673 7.489338 -1.209964 3.137621 2.088512 
18 539.452120 67.530434 698.905865 232.916585 621.761810 147.975856 114.904639 110.088613 0.806228 3.915537 0.833464 
20 259.220919 692.988224 187.097871 543.614195 148.859464 653.091975 118.378395 115.350863 0.766605 0.346888 5.048422 
21 156.844043 79.784470 166.563176 82.978787 161.571107 82.508909 5.805318 5.077366 -1.124115 3.664440 0.093848 
22 120.686065 142.654647 134.133388 142.845078 127.395526 143.220886 5.307443 5.307443 -0.000000 3.225787 6.227467 
26 159.775300 652.807590 177.957404 641.811568 177.159299 658.112735 17.221788 15.270821 0.560053 3.437789 4.761310 
28 138.925979 617.676606 139.843218 617.820416 133.188121 608.630420 10.676661 10.055411 1.112474 1.005548 0.944034 
30 95.061020 100.612777 105.485935 97.429388 101.261129 101.478027 6.113172 6.113172 -0.000000 3.280251 5.519077 
31 147.173313 632.278761 153.886839 647.707004 155.903717 637.370315 11.463490 9.246234 -0.502546 3.669566 1.763494 
32 138.724216 176.878424 150.467678 174.231257 145.446106 176.880365 6.334499 6.334499 -0.000000 3.141881 5.797745 
33 94.049563 669.534276 102.161807 656.446353 92.595977 660.917995 9.948961 9.948961 -0.000000 1.403668 5.845907 
34 91.378780 111.837412 100.280178 107.407000 95.418075 109.860987 5.175547 4.625166 0.297123 2.686542 5.815771 
37 521.025733 385.006404 540.158207 447.990654 636.343834 387.916507 116.841933 113.122709 -1.505434 3.166823 2.583306 
38 206.836825 656.389935 214.136170 659.624885 214.069126 650.863700 9.332012 7.978182 -0.666272 2.489125 1.563144 
41 83.075824 138.765484 93.603172 136.914567 88.851042 135.708464 5.282931 4.720918 -0.284335 2.654754 0.248554 
42 201.587455 621.632158 219.575876 612.907404 209.376812 614.185735 10.483617 10.483617 -0.000000 2.378699 6.158497 
43 215.599761 147.916211 224.250854 153.256622 220.852905 150.363550 5.551506 4.432813 -0.265293 3.577574 0.705316 
44 127.706820 658.183889 130.490356 672.404097 136.357235 662.423097 11.920942 10.723003 -1.121440 3.597255 2.102200 
47 112.613725 91.461316 122.841251 90.111683 119.013678 92.522875 4.867817 4.867817 -0.000000 3.305966 5.721032 
48 157.138380 180.137426 168.774081 181.610323 162.961247 181.553665 5.555119 5.555119 -0.000000 3.380180 0.009747 
49 123.786261 91.714167 134.190299 94.298703 128.754626 93.848498 5.073749 5.073749 -0.000000 3.547340 0.082636 
57 177.796199 642.347805 184.755448 658.013070 170.539878 664.719223 23.849724 12.328018 -1.163166 5.026039 5.842394 
58 74.896695 127.793946 85.260660 129.953788 80.520634 128.815826 5.463890 3.945893 0.161941 3.321333 0.235616 
63 121.542811 233.052929 131.559309 231.670602 126.101427 231.061169 4.843743 4.174013 -0.026917 2.729667 0.111200 
64 129.123463 86.117788 139.653160 82.673651 135.517711 87.574370 5.841553 5.841553 -0.000000 3.365566 5.413299 
66 218.287565 158.906801 228.347830 159.098013 223.598249 160.813549 5.985142 4.760232 -1.060479 3.486298 5.936570 
68 399.986273 192.855069 410.284164 198.357787 402.697572 200.575750 8.041823 8.041823 -0.000000 4.374669 5.998759 
72 538.884233 449.364655 521.716800 386.039151 638.659917 388.189456 116.225153 116.225153 -0.000000 2.591577 3.159978 
73 554.608019 726.317596 525.353218 623.967410 635.143936 649.557100 111.492116 111.492116 0.000000 2.380192 3.370581 
74 128.301651 118.033884 138.178205 117.894834 132.981458 116.616233 4.746424 4.560180 0.229592 2.847450 0.241247 
75 175.825898 610.910203 194.218741 603.801070 186.578083 612.779613 13.424876 10.374220 -1.468115 3.313735 5.417458 
78 155.830091 610.177863 173.062324 610.994177 164.614536 607.870275 9.001112 7.244897 -0.488739 2.884706 0.354195 
83 190.279301 542.812170 260.345966 693.087433 148.492089 653.932871 118.587759 118.587759 -0.000000 5.072082 0.336720 
85 159.963277 114.973281 165.695574 121.616514 164.971763 116.258840 5.231306 4.986668 0.781031 3.392845 1.436511 
86 166.132414 88.955971 174.337067 89.139877 170.405087 87.172817 4.789025 4.789025 -0.000000 2.746229 0.463865 
92 699.114916 228.471208 571.042477 237.907578 617.043026 107.329008 149.162288 123.395541 1.262211 0.975342 1.909503 
99 494.882488 714.914237 302.481069 724.500470 395.129761 648.803472 119.665764 119.665764 -0.000000 0.585284 2.456552 
102 415.660629 642.995076 411.909106 660.973100 376.032515 644.364382 39.386711 39.386711 0.000000 6.248645 0.433563 
104 331.977855 217.238181 336.789421 214.281127 330.804892 213.640387 4.835142 3.418722 0.649300 1.255640 0.106660 
105 169.005241 687.034316 169.077785 675.991889 162.037211 677.680851 8.985328 8.523766 1.054540 0.930524 6.047744 
108 131.970180 702.986924 148.416695 703.568859 140.622345 705.198050 9.035448 9.035448 -0.000000 3.391795 6.077130 
109 207.248742 151.008217 215.710098 148.363247 211.092006 149.477233 4.607558 4.056628 -1.026859 2.762505 6.046485 
112 76.724141 122.015903 84.250544 116.694965 80.532009 119.022088 4.331095 4.331095 -0.000000 2.475312 5.723999 
128 67.083523 142.902048 78.227237 142.542604 72.701924 143.567802 5.480158 3.556722 0.114637 3.259538 6.099726 
136 186.506898 677.561989 188.781213 679.968156 191.578635 670.351746 9.487645 9.487645 -0.000000 2.183805 1.853885 
137 502.410562 171.409297 352.791762 261.409498 391.425850 166.439280 110.593891 99.000721 -0.172009 0.044751 1.957153 
144 285.511165 693.559169 389.996817 537.204906 393.644936 652.146074 115.517531 115.517531 0.000000 2.775844 4.680661 
151 98.386361 140.395350 109.912359 142.611911 104.335308 141.420235 5.232825 5.232825 -0.000000 3.312198 0.210509 
157 302.963897 724.026800 285.584837 693.592829 383.561547 657.816412 104.345908 104.345908 -0.000000 2.453883 2.791483 
160 113.481992 715.686901 111.174269 701.069825 120.226049 708.262607 11.314743 11.314743 -0.000000 2.308220 3.813048 
163 113.688980 668.144186 126.347971 653.728540 118.493800 658.544253 9.348515 8.127886 -0.808893 2.034848 5.733159 
168 157.567031 442.568364 201.846098 425.223588 190.454651 461.990683 36.834857 36.834857 0.000000 3.675047 5.012837 
191 454.058288 173.071054 462.848549 170.331754 460.070870 174.433789 5.080080 5.080080 0.000000 3.364474 5.307612 
197 116.288046 697.864299 121.002192 680.072478 119.598035 689.660646 9.580587 7.416836 1.251408 1.954297 4.857802 
206 689.968588 239.946896 568.337261 243.556554 626.989107 145.463966 113.685879 113.685879 -0.000000 0.982861 2.109687 
209 391.000000 516.000000 305.829100 472.852592 397.164605 394.091116 122.238137 122.238137 0.000000 1.621321 2.429983 
219 616.985299 408.303238 640.794586 417.228092 622.867885 431.737351 23.415957 23.415957 0.000000 4.466444 5.602760 
229 106.726814 98.138958 112.952456 103.962042 110.797737 98.451711 5.542118 5.136161 1.420170 3.218268 1.198044 
242 211.142323 201.527495 218.912046 202.940996 214.445950 200.245645 5.273141 5.273141 -0.000000 2.771463 0.542999 
260 145.538515 83.167327 155.770445 80.140027 151.082657 81.286296 5.223301 4.217693 -0.218331 2.814497 6.043369 
269 92.803079 623.358921 97.956624 637.103380 100.608568 627.659636 10.366608 8.373260 1.494678 3.645193 1.844561 
270 206.837996 113.049786 215.589879 107.826175 210.581243 110.423599 4.654449 4.654449 -0.000000 2.529807 5.804777 
276 184.917309 657.943367 160.543612 653.741619 173.080301 654.362369 12.163249 9.753310 0.072873 0.293772 3.191067 
295 203.925702 256.580778 127.969008 274.881579 139.028808 154.417898 121.056463 121.056463 0.000000 1.004875 1.662350 
297 244.946225 216.141723 223.931002 241.943803 123.148552 137.549660 144.402867 144.402867 -0.000000 0.573041 0.802999 
305 578.738392 548.527626 633.943409 529.600165 642.779988 638.745106 109.722246 109.722246 -0.000000 4.095078 4.631603 
310 102.451909 656.281557 94.068886 669.709189 94.968166 660.637570 9.381580 8.759415 1.365280 5.756059 1.669605 
319 128.352624 687.937612 124.491079 697.857139 122.387368 691.497270 7.323219 7.323219 -0.000000 5.745172 1.251346 
320 166.238092 248.633262 124.991442 251.043699 141.069203 214.304270 40.949440 40.949440 -0.000000 0.938156 1.983304 
327 334.180934 230.028944 363.988470 242.166308 334.676611 275.516517 45.310053 45.310053 -0.000000 4.701492 5.433430 
329 130.228228 705.969357 113.159730 718.369630 119.291489 708.707656 11.678994 10.981094 -0.108779 6.037853 2.136289 
331 534.094777 433.249539 524.841009 386.013139 653.112016 383.714121 128.202886 128.202886 -0.000000 2.747196 3.123671 
348 95.956889 671.225140 90.952090 688.204143 93.256431 680.178038 10.202454 8.615389 -0.299126 5.005340 1.850382 
357 108.905334 226.941381 118.899022 231.947173 114.149055 228.098722 5.375312 4.832618 1.205131 3.358820 0.680933 
379 539.601508 211.265131 523.469314 187.018420 618.414202 143.411092 103.529365 103.529365 0.000000 2.430774 2.711039 
401 112.034205 239.679622 90.861533 230.055874 107.256703 229.276396 16.061199 16.061199 -0.000000 1.140291 3.094085 
402 148.058648 702.934670 133.534350 709.512755 140.292523 703.432327 9.467902 8.160502 -1.231450 6.219192 2.408935 
405 150.642165 686.526604 134.188143 687.748598 141.546148 682.864116 9.308446 9.308446 -0.000000 0.382787 2.555555 
410 125.079329 273.634802 102.786961 268.492431 137.269824 169.031602 105.551268 105.551268 -0.000000 1.686813 1.904526 
411 643.787749 343.722208 659.369519 347.780266 650.732429 346.968730 8.221868 5.591975 0.104642 3.578890 0.093684 
443 301.983365 181.949333 314.684762 201.170362 295.897431 198.197812 18.239230 18.239230 -0.000000 5.070769 0.156920 
450 533.349678 222.233906 567.827761 242.277987 522.581148 278.382584 57.107074 57.107074 0.000000 4.901874 5.609695 
455 230.611161 176.018334 216.763167 209.843299 187.716937 179.051477 43.144841 43.144841 -0.000000 6.212591 0.814562 
464 501.850083 690.913381 470.889695 734.889847 371.830152 633.454910 141.702297 141.702297 -0.000000 0.416115 0.797245 
501 219.412295 609.966300 208.967845 623.317790 214.343537 615.721726 8.337814 5.284073 -1.289653 5.434434 2.186668 
510 256.883138 690.951338 218.939867 743.920643 148.059171 653.573776 115.044656 115.044656 0.000000 0.330844 0.905554 
