10 429.322475 265.087896 410.161750 268.047264 413.774716 228.147744 39.648713 39.648713 0.000000 1.172412 1.661102 
14 579.415001 367.404204 509.964785 383.762730 498.952203 193.813328 189.892680 189.892680 -0.000000 1.136756 1.512885 
15 343.094877 747.706971 309.940548 770.915069 276.344569 692.583771 84.276174 84.276174 0.000000 0.690283 1.165630 
17 133.492190 565.613244 188.330358 479.652951 236.095616 534.451580 108.356728 62.545056 -0.078264 2.846736 3.995459 
19 417.008353 270.827038 579.176038 366.336846 427.563332 327.459855 179.129062 55.996065 0.066679 4.528127 0.251015 
20 366.905190 384.001517 510.127786 381.884362 444.041090 1008.101572 628.990520 628.990520 -0.000000 4.589417 4.817533 
21 309.178516 770.105028 263.695883 769.155721 290.372990 704.727421 67.905447 67.905447 0.000000 1.290713 1.963363 
25 224.461604 725.150902 151.966710 682.397427 194.821633 695.793044 45.622051 40.041584 -0.074453 0.780616 3.444551 
28 353.113773 755.894956 335.883724 758.085353 335.132566 676.805013 80.988441 80.988441 0.000000 1.347245 1.561555 
32 368.083834 630.332769 188.067128 585.847791 402.529192 84.702532 545.647824 545.647824 0.000000 1.633842 1.975158 
34 152.907716 681.713116 128.921186 678.609032 145.009576 628.143480 52.540303 52.540303 -0.000000 1.424414 1.879410 
35 605.755509 499.496511 658.927645 541.561065 543.012891 632.350728 147.211180 147.211180 -0.000000 5.153605 5.618745 
36 474.395637 248.059408 429.331825 264.888538 353.798262 4.467745 270.786919 270.786919 0.000000 1.111092 1.288498 
38 150.641189 555.297376 189.459607 490.919005 206.263228 530.278423 60.628514 41.381221 -0.198522 2.718903 4.308887 
41 474.131626 247.709806 525.009374 226.041145 560.396449 377.576546 156.482759 156.482759 -0.000000 4.126057 4.482977 
43 634.625422 714.892938 617.868310 735.699322 539.261627 651.625607 114.313184 114.313184 -0.000000 0.585759 0.818991 
49 602.890828 509.641833 647.671302 550.229896 579.734247 581.059265 74.384676 74.384676 0.000000 5.025936 5.857181 
59 116.554377 662.839261 138.628662 586.562296 171.899113 637.394980 60.410684 60.410684 0.000000 2.710667 4.132850 
63 610.185911 424.249922 632.075032 448.966789 599.696330 467.957743 43.143206 43.143206 0.000000 4.947928 5.752732 
68 416.916116 260.746063 464.363341 245.072677 485.130875 385.533813 140.568467 140.568467 -0.000000 4.212124 4.565600 
69 366.966474 385.251901 286.778677 371.118959 398.370238 -1.994975 388.189372 388.189372 -0.000000 1.651714 1.861410 
76 719.459170 583.156664 709.248072 613.084639 299.316285 456.664958 438.557937 438.557937 -0.000000 0.292437 0.364522 
82 154.695782 550.653379 183.000920 515.811144 208.400906 569.308499 58.244021 58.244021 0.000000 3.475915 4.269112 
90 252.315670 698.401305 295.113983 675.301699 288.333871 711.541069 36.666564 36.666564 0.000000 3.491399 4.897343 
94 387.339230 610.917021 404.019660 609.731618 398.108357 705.579894 96.161996 96.161996 -0.000000 4.599113 4.773985 
95 294.959803 671.280303 242.801321 659.652717 317.103509 441.775798 230.361719 230.361719 0.000000 1.666983 1.899456 
98 422.882824 252.747699 460.211629 240.079965 453.839680 291.202903 50.171283 50.171283 -0.000000 4.034600 4.836389 
99 542.646991 718.109007 532.114691 733.750581 481.464448 688.954898 67.277811 67.277811 0.000000 0.444680 0.724136 
113 736.294230 571.452824 720.721534 581.571437 682.279703 504.081453 86.147987 86.147987 0.000000 0.894993 1.110283 
131 476.858587 231.839885 459.586221 243.145078 459.193650 224.834462 17.872950 17.872950 -0.000000 0.377548 1.549360 
144 637.888353 481.140880 635.330568 460.958107 709.069583 461.526558 73.344754 73.344754 -0.000000 2.872711 3.149301 
161 532.600684 53.135893 537.410759 81.106525 493.780758 73.413323 43.749137 43.749137 -0.000000 5.801821 0.174534 
