1 80.078260 278.457786 14.000275 282.005129 8.655108 -459.561939 741.037352 741.037352 0.000000 1.474320 1.563589 
10 20.777811 378.127315 24.415342 355.904301 387.377699 420.163372 368.644826 368.644826 -0.000000 3.255759 3.316818 
13 71.942221 467.315192 136.359239 413.029084 258.550286 460.702742 190.220579 55.919368 0.030282 3.106173 3.513585 
24 351.337073 454.876587 321.920733 458.323534 281.675981 -7.515819 467.670561 467.670561 -0.000000 1.421267 1.484618 
25 2.381639 370.985266 2.919961 458.000495 -503.216451 403.904370 506.641487 506.641487 0.000000 6.218168 0.106476 
32 580.034881 477.020715 560.881463 503.899483 512.955065 449.927604 71.761079 71.761079 0.000000 0.383858 0.844657 
35 535.942651 506.420744 511.979527 508.793214 495.076971 172.099441 336.881403 336.881403 -0.000000 1.449165 1.520637 
38 389.972646 453.489038 406.382371 453.061231 394.418520 890.077399 436.594451 436.594451 0.000000 4.702206 4.739758 
39 248.824242 483.402079 264.055078 496.971190 246.606662 500.836457 17.393929 17.393929 0.000000 4.838905 6.065180 
47 349.758356 597.889587 315.817966 588.670138 375.137905 445.422286 154.118152 154.118152 -0.000000 1.735743 1.963404 
70 41.779568 491.954693 20.989977 464.875569 32.095801 478.210120 17.374482 8.259699 1.136755 0.957022 4.017930 
93 5.700154 453.681317 4.467221 476.026449 -522.005329 435.054444 527.789439 527.789439 0.000000 0.035283 0.077667 
98 59.172578 483.321297 93.018441 491.927476 41.218364 631.776377 148.594567 148.594567 0.000000 4.832745 5.067121 
142 549.998344 5.119024 580.964518 5.549922 561.488474 62.797381 58.554165 58.554165 0.000000 4.515753 5.040314 
160 613.881170 5.050384 620.214072 27.054897 609.229721 17.593537 13.910758 13.910758 -0.000000 5.067504 0.711046 
162 618.570504 26.044802 623.459312 39.200920 459.128261 97.213896 175.110022 175.110022 -0.000000 5.863360 5.943818 
165 523.195213 15.961845 510.515324 13.577537 519.799257 -7.544569 23.448409 23.448409 -0.000000 1.427320 1.984915 
168 557.440013 15.211340 548.691053 9.843001 554.147036 10.133068 5.684939 5.684939 -0.000000 0.995516 3.194708 
176 646.000017 45.597631 628.000005 45.597406 636.526975 16.955653 29.690170 29.690170 -0.000000 1.251382 1.860152 
180 635.825380 38.659428 634.277638 27.167588 642.773125 32.103774 8.207466 8.207466 0.000000 2.385223 3.667952 
222 635.554440 21.819525 634.517852 12.300263 639.433717 16.997719 5.343299 5.343299 0.000000 2.248292 3.904275 
283 623.980211 39.990788 614.078632 42.940062 618.395752 38.410971 8.101673 5.210460 1.350625 0.275692 2.332237 
351 261.293252 150.406106 290.862013 165.701201 276.702772 158.574393 17.652437 15.448393 -0.206409 3.629014 0.466310 
360 507.904926 45.263570 499.297214 39.874436 505.287267 41.002711 4.801626 4.801626 -0.000000 1.019892 3.327769 
398 251.015172 154.787740 253.729058 143.348881 252.847392 149.404907 8.137935 8.137935 -0.000000 1.898877 4.856958 
408 76.116469 495.301763 59.189161 489.867862 71.603805 470.700312 24.065021 24.065021 -0.000000 1.389382 2.145546 
414 195.911053 127.850987 211.002437 146.219997 200.421588 138.209671 12.671690 12.671690 -0.000000 4.301713 0.648004 
432 256.171429 140.012904 250.068041 155.363932 245.837550 147.026295 10.359517 10.359517 -0.000000 5.686912 1.101249 
480 287.696701 180.251751 263.028061 166.003001 281.478724 154.428211 25.247224 25.247224 -0.000000 1.334507 2.581314 
493 647.792542 4.138719 647.188368 16.374446 642.564443 10.098144 6.655538 6.655538 0.000000 5.432510 0.935844 
495 741.094167 472.308511 714.161526 480.529191 684.865375 347.482350 136.177374 136.177374 -0.000000 1.147563 1.354061 
511 197.098998 130.443429 200.220502 150.048486 188.785248 141.772672 14.609343 14.609343 -0.000000 5.345461 0.626462 
533 214.990277 146.374143 217.841301 161.791980 214.688007 153.419582 7.193984 7.193984 -0.000000 4.755266 1.210598 
534 109.749192 481.450635 75.076720 457.901088 149.788191 386.864373 102.348638 102.348638 0.000000 1.971232 2.381402 
537 694.950759 699.945965 682.900596 699.732559 688.777809 689.411578 11.469623 11.469623 -0.000000 1.040749 2.088445 
566 60.700602 167.297057 59.478232 152.460719 60.324904 160.495735 10.098156 6.428392 -0.695601 1.515613 4.607404 
581 209.985014 159.133883 191.119136 146.789306 205.684749 145.553487 13.203266 13.203266 -0.000000 1.264133 3.056950 
593 410.821556 416.527202 400.143658 417.800531 404.634382 412.252049 7.506638 7.506638 -0.000000 0.604640 2.251219 
598 166.453857 163.434852 183.496460 236.817969 141.769766 209.800100 49.530021 49.530021 -0.000000 5.201606 0.574613 
613 350.016886 396.181006 338.851286 395.285303 344.720227 389.002570 8.519925 8.519925 -0.000000 0.935112 2.322155 
635 515.293647 431.035835 505.036489 432.927760 509.918446 428.545564 6.155358 6.155358 -0.000000 0.433850 2.410088 
694 488.390497 728.848993 476.021056 731.969196 481.335639 726.750965 8.043178 8.043178 -0.000000 0.289058 2.365342 
724 588.866544 5.904725 597.487629 7.759379 592.403254 9.009269 4.647438 4.647438 0.000000 3.862009 6.042136 
735 566.436359 44.435443 557.360092 41.781787 562.748207 39.575383 6.973460 5.364284 -1.534030 0.921643 2.752928 
