1 328.535977 417.035626 319.116499 429.195211 324.870502 422.609416 6.882709 6.882709 0.000000 5.294107 2.288889 
6 276.653895 319.093963 467.841401 304.185649 370.284614 295.250678 98.199593 64.025039 -0.067969 2.892240 0.091333 
14 295.949258 437.827114 308.078430 434.267227 308.477750 452.890753 18.600671 18.600671 0.000000 4.018613 4.690951 
17 465.942034 602.829589 389.998255 618.983605 387.975135 421.761193 196.764080 196.764080 -0.000000 1.164197 1.560539 
20 477.759045 266.996038 504.249733 284.743856 476.309291 295.448733 28.174031 28.174031 0.000000 4.763298 5.917304 
25 477.062103 624.849629 373.527973 693.425796 317.414215 489.474166 210.157233 210.157233 0.000000 0.703310 1.302307 
28 548.345570 447.966688 413.091714 611.606001 340.806591 434.459078 218.254402 169.222777 0.467252 0.064993 1.183368 
32 314.399803 425.902199 309.255218 413.393993 321.296962 413.604268 12.557392 12.557392 -0.000000 2.081923 3.159053 
50 212.104823 485.151610 248.252554 370.498051 360.147869 471.347558 149.201900 149.201900 -0.000000 3.048618 3.875117 
76 585.106534 551.048472 566.106383 571.100801 512.780753 503.613286 85.565217 85.565217 0.000000 0.580480 0.902087 
77 299.069025 470.178033 280.591448 471.019246 287.858300 466.242880 10.759613 10.759613 -0.000000 0.337580 2.560116 
88 264.117898 320.177560 261.870070 346.989107 177.147292 324.990233 86.658076 86.658076 0.000000 6.227905 0.254047 
94 95.183526 390.477939 78.006269 393.936465 82.756707 378.228733 16.217164 16.217164 -0.000000 0.778200 1.864478 
98 155.281373 747.229754 178.945154 717.898272 294.925711 829.506646 161.999450 161.999450 -0.000000 3.674025 3.907782 
115 152.874378 670.204632 180.794972 660.424645 175.879381 681.210372 23.809352 23.809352 0.000000 3.587817 4.944611 
140 219.873533 512.055243 208.413344 485.819445 366.793764 428.307697 168.397353 168.397353 -0.000000 2.623509 2.793274 
169 188.372224 303.565014 167.931973 306.531219 173.697096 254.378655 51.332660 51.332660 -0.000000 1.280847 1.680893 
177 646.244939 606.333992 634.079220 607.824660 639.563353 602.396141 7.806768 7.806768 -0.000000 0.532558 2.361291 
200 470.795610 312.933293 449.595628 343.599255 407.192752 288.087419 69.804635 69.804635 0.000000 0.372412 0.918488 
239 684.893734 358.889305 708.353485 336.368218 953.608602 618.938317 373.756834 373.756834 -0.000000 3.910603 3.997569 
253 141.065281 330.286931 114.997852 352.882953 101.450379 317.006969 40.438231 40.438231 0.000000 0.323453 1.209731 
254 607.211093 456.629387 596.668763 447.867672 612.266253 443.027820 23.400566 8.373074 -0.718148 1.926636 2.840716 
315 189.128020 373.405543 197.183179 377.439351 191.445057 377.941038 5.600938 5.600938 -0.000000 4.240085 6.195977 
320 250.450309 260.328887 277.884152 237.858563 358.641272 367.391780 151.701697 151.701697 -0.000000 3.921750 4.154907 
336 555.996997 398.146072 569.815011 388.523038 585.872061 422.885244 38.775844 38.775844 -0.000000 3.833227 4.275252 
349 10.876560 463.847478 19.737717 456.675923 23.104629 468.892246 12.296644 12.296644 0.000000 3.532876 4.443458 
369 52.793490 528.688081 40.252186 531.908395 44.869896 526.370585 7.064679 7.064679 -0.000000 0.284544 2.265840 
441 53.328823 514.338540 60.734034 509.720052 59.202863 516.001641 6.348187 6.348187 -0.000000 3.417499 4.951482 
