2 465.287247 235.348093 486.720435 216.722049 396.480752 134.025810 122.999838 122.402270 -1.505253 0.974245 0.741806 
3 247.150380 624.253035 54.307455 537.832323 174.531033 525.970898 121.246281 121.246281 -0.000000 0.934446 3.043250 
4 52.756127 526.116305 190.007353 405.522918 173.787876 520.795373 119.518628 115.278835 -0.144674 3.097658 4.852177 
6 718.051513 342.041482 726.841774 329.927287 620.384398 266.944870 123.607989 123.006710 -0.165044 0.655490 0.534236 
8 512.297036 618.199440 349.497356 776.485879 399.831787 665.447569 121.548436 121.548436 -0.000000 5.885461 1.996397 
9 749.224207 514.403925 749.058434 513.980872 625.575338 528.663425 123.659827 121.953071 -0.002718 6.168370 6.164838 
10 58.797673 310.348216 292.551705 282.000288 171.607956 264.101352 121.325233 121.325233 -0.000000 2.752536 0.146927 
11 384.401732 154.791046 374.846795 120.390816 373.969464 139.774529 18.680905 18.680905 -0.000000 0.963623 4.757619 
12 559.356042 544.857572 584.983309 545.003684 572.206613 544.541096 12.618461 12.618461 -0.000000 3.116970 0.036190 
13 412.486020 658.265904 431.934530 658.573799 421.503983 650.513621 13.708374 11.134107 -0.033760 2.431523 0.657901 
14 417.815399 124.240080 419.737724 156.219027 418.420089 140.306854 15.812753 15.812753 -0.000000 4.674771 1.488178 
16 364.782964 653.994867 385.697158 656.885140 378.475189 647.856285 14.043056 11.243622 0.062909 2.720132 0.896131 
17 338.063350 771.190120 322.785700 570.747380 385.608533 665.647857 116.806182 107.319811 1.542744 1.994053 4.127634 
23 374.403658 120.259457 419.682389 121.375224 396.876103 145.630701 35.287660 31.777529 1.504099 3.987506 5.467003 
24 422.908863 121.140998 414.805885 160.337828 418.561739 140.181825 18.723563 18.723563 -0.000000 4.936847 1.755023 
25 606.689451 546.616609 646.683395 549.440812 626.420001 548.295901 19.750814 19.149204 0.794048 3.226499 0.056441 
26 613.596864 546.932050 638.924006 549.634316 626.130550 548.033293 12.627529 12.359898 0.310932 3.229230 0.124497 
29 637.497250 526.476821 659.442578 527.519069 647.392549 566.086784 45.433062 21.689892 -1.557266 4.467581 5.015218 
30 609.616857 547.283993 642.426077 548.180768 626.218159 547.792216 15.670867 15.379453 -0.417549 3.172197 0.023968 
32 190.051780 405.780981 253.377278 619.384460 180.390141 526.267617 119.702070 115.926338 1.554097 4.792406 0.905997 
34 375.254067 123.115888 417.674545 124.313988 396.110210 138.955109 26.013006 26.013006 -0.000000 3.791115 5.686727 
36 292.076944 282.020659 110.474989 370.183232 172.089775 265.179618 121.035855 121.035855 -0.000000 0.139446 2.101444 
37 588.893522 251.408346 610.106316 247.590756 607.233757 293.362806 44.884284 44.884284 0.000000 4.300275 4.775065 
39 647.381218 550.754106 688.375352 546.743721 668.171451 550.933128 19.734835 19.734835 -0.000000 3.150203 6.078726 
41 619.125495 548.544196 632.631261 548.771376 625.992933 548.419617 6.519226 6.519226 -0.000000 3.123454 0.052940 
42 431.178462 658.306734 422.982376 677.167945 416.867295 661.225911 21.547063 12.124515 0.629473 6.081967 1.204523 
43 396.160262 645.009515 379.066663 653.952240 387.710496 651.710256 9.478906 8.019593 -0.908616 5.612722 2.887811 
47 555.152901 544.088615 588.308217 543.251164 572.499909 544.256176 15.501744 15.329453 0.148644 3.151252 6.219696 
48 322.467651 570.122908 511.801590 618.145059 401.397158 647.463194 115.381635 103.148687 0.114464 3.916821 6.023624 
49 649.713834 252.128152 635.882580 263.116455 639.935994 251.859473 14.469608 9.185620 1.377226 0.027471 1.916423 
50 606.221375 538.669649 645.823683 536.202492 626.080158 543.763284 20.651913 17.854029 -0.034893 3.392673 5.917463 
51 647.841786 539.899093 690.779931 551.045006 667.358199 551.847555 24.035098 22.552829 -1.074702 3.690954 6.248934 
53 634.816530 523.712910 661.758009 525.244466 646.839100 533.220631 16.512683 14.798703 -0.744493 3.810713 5.792215 
55 419.154855 655.069141 439.378302 651.125975 420.644631 649.014012 17.533980 13.212022 -0.210649 1.812040 0.112262 
57 360.243529 646.345980 397.891974 644.118279 378.752021 646.545575 18.208196 13.339087 0.226739 3.152376 6.157040 
58 654.829995 550.527737 680.750357 551.032577 668.193752 551.127365 13.122236 12.711154 1.173058 3.186432 6.275637 
60 658.716409 551.070511 677.920305 552.019760 668.160372 548.895424 9.003598 7.652623 0.015832 2.915225 0.309811 
61 385.140460 150.200023 375.041472 123.267622 373.797302 139.163518 15.797031 15.797031 -0.000000 0.771697 4.790500 
62 389.807667 138.333318 385.187667 149.935445 396.567459 142.718224 12.487816 12.487816 -0.000000 3.717036 2.576395 
63 576.697977 255.503216 614.136898 246.601172 604.734069 279.784963 35.446487 35.446487 0.000000 3.855353 4.988507 
64 562.466948 544.220875 582.096325 541.914050 572.450193 543.814704 9.186160 8.829952 0.137114 3.100930 6.088639 
66 651.218544 549.124301 683.980400 550.006283 667.977851 550.179845 15.585688 15.391660 -0.493322 3.204492 6.272340 
67 631.604695 523.698080 666.232596 525.808092 648.538571 530.374391 18.151686 16.028153 0.192458 3.517139 6.030626 
68 616.505477 546.317321 632.759512 549.149679 626.457082 547.147577 8.793583 8.793583 -0.000000 3.224829 0.307589 
72 627.092013 523.159943 665.848258 518.264602 648.068782 533.481712 22.575777 22.174631 -1.081594 3.598866 5.575287 
73 138.081704 238.245210 151.282158 233.846812 160.482141 279.580181 46.498274 46.498274 0.000000 4.215767 4.513873 
75 150.965293 279.977391 160.506796 265.330136 182.461000 288.724448 31.590857 31.590857 0.000000 3.412488 3.958737 
76 103.432184 365.681985 58.965847 310.510168 165.710820 269.058154 114.199105 114.199105 -0.000000 2.143329 2.771189 
78 403.058702 157.417153 385.483506 155.029370 395.916444 139.889522 18.563928 18.563928 -0.000000 1.183853 2.174172 
79 661.927059 549.986167 675.179285 551.295705 668.108121 551.657422 7.489579 6.489314 1.361844 3.405662 6.232076 
81 640.767320 528.524661 655.824499 528.185615 648.341890 529.252329 7.221297 5.329541 0.024982 3.237366 6.141580 
82 566.077225 544.023871 579.152040 545.499340 572.271389 547.613101 9.570610 7.019589 1.560298 3.666767 5.985133 
84 181.954985 241.960347 191.343427 231.302524 202.598388 249.709454 21.047021 21.047021 0.000000 3.500696 4.163591 
101 486.309093 217.256252 465.697072 235.623713 404.704883 146.253906 108.012027 108.012027 -0.000000 0.716038 0.971933 
