1 404.235873 30.612632 404.038676 29.816362 419.414835 187.504040 159.234633 157.772455 -0.015422 4.615941 4.615186 
3 632.825693 558.431536 556.126634 531.803627 615.303796 463.051907 99.963115 75.534647 -1.442106 1.389115 2.281491 
4 397.054990 324.658373 398.092464 324.377144 403.771159 229.507067 96.002364 94.428672 0.096626 1.641264 1.630583 
7 363.814076 319.342537 381.009127 324.942245 413.219841 204.778591 125.221602 123.044534 0.147083 1.977949 1.832696 
8 605.854182 279.623348 676.699366 290.328552 633.478415 303.201526 45.797908 30.557348 -0.062452 3.848134 5.993710 
9 575.186929 197.015413 576.106058 195.937524 419.319735 187.291776 156.501402 153.922817 -0.030698 0.062303 0.055088 
10 333.959945 297.037164 477.757903 293.828986 403.855105 229.834822 98.336425 97.046528 0.199064 2.375834 0.713666 
12 527.895462 541.028532 534.933713 576.009423 243.908256 616.762652 294.278605 294.278605 0.000000 6.022569 6.144057 
17 377.501809 324.632234 489.125532 103.787530 411.567255 205.010983 125.679220 125.679220 -0.000000 1.848230 5.366183 
19 615.871444 560.972901 571.789028 546.339649 609.243923 502.194502 57.836260 57.836260 -0.000000 1.458516 2.274389 
23 481.236309 314.841271 377.875595 325.511519 412.472338 167.304803 163.111103 163.111103 -0.000000 1.134650 1.786088 
24 651.926771 542.888923 614.900210 560.303508 607.917330 508.242888 53.391215 53.391215 -0.000000 0.666912 1.437462 
28 276.783543 468.950451 265.197253 503.104720 173.179271 453.780261 104.622984 104.622984 -0.000000 0.145391 0.492055 
30 762.989207 407.002676 754.201228 469.147200 749.250308 434.439041 36.295899 18.173456 -1.523613 5.176640 1.429108 
34 534.534080 658.078615 527.540877 696.121805 73.499709 586.323712 467.269470 467.269470 0.000000 0.154400 0.237269 
38 154.112224 375.009015 151.778246 404.062519 -6.174363 379.155731 159.790115 159.790115 -0.000000 6.257320 0.156397 
43 399.979994 762.301718 297.973588 746.081467 395.704535 454.883557 307.014550 307.014550 -0.000000 1.556890 1.894601 
44 468.948710 752.762684 399.984215 761.793367 392.255218 408.442165 353.239645 353.239645 -0.000000 1.351635 1.548926 
46 726.420561 470.507164 677.240097 511.289539 278.448127 -13.857100 659.139555 659.139555 -0.000000 0.824411 0.921312 
53 153.488544 375.377034 168.620724 356.414802 204.293488 401.261812 57.199490 57.199490 0.000000 3.612806 4.040439 
55 88.846031 528.965591 69.009339 540.986372 79.565471 530.849115 15.216968 8.207055 -1.041074 6.082951 2.376434 
56 740.349133 451.163777 725.916129 469.916005 676.088127 409.817713 78.019571 78.019571 -0.000000 0.571727 0.878557 
58 110.870263 482.949092 93.125060 525.060337 -47.402022 436.314632 164.743472 164.743472 -0.000000 0.286539 0.563274 
59 537.754059 596.997031 537.915489 637.996395 241.964116 619.767536 296.143623 296.143623 0.000000 6.206355 0.061516 
60 462.425253 312.141719 416.179202 325.926361 404.412496 218.141466 108.210679 108.210679 -0.000000 1.017858 1.462059 
61 524.752052 459.190174 504.001161 414.175872 579.859321 402.143256 78.042472 78.042472 0.000000 2.338902 2.984283 
73 441.751478 733.321843 412.023858 736.621764 399.621875 487.550750 249.570928 249.570928 -0.000000 1.401028 1.521044 
75 167.707396 402.995796 178.293916 373.188930 211.272874 403.425467 44.090984 44.090984 0.000000 3.151455 3.883636 
76 160.976902 391.445872 176.899497 366.623771 348.659168 497.320816 215.561244 215.561244 0.000000 3.655210 3.792052 
77 530.883379 155.733523 480.392935 312.499367 416.009088 206.186246 124.261515 124.261515 -0.000000 5.869349 1.026265 
80 194.219860 342.367497 180.511317 365.713044 17.491173 241.765405 203.826416 203.826416 -0.000000 0.517499 0.650074 
87 147.297315 366.032209 146.577770 395.014344 54.350280 383.951321 92.652872 92.652872 -0.000000 6.092733 0.119383 
90 110.914446 547.083133 113.177150 496.025987 515.094238 530.335069 404.383255 404.383255 0.000000 3.100179 3.226750 
98 498.154838 110.859597 530.632017 155.647519 433.803155 192.560262 102.978856 102.978856 0.000000 5.379555 5.918976 
100 499.316415 104.274554 483.907348 319.894994 430.317676 205.154611 123.643875 123.643875 -0.000000 5.312274 1.133853 
101 197.104070 343.457423 173.288381 415.665507 184.145621 378.188195 38.207435 21.031196 -1.189283 5.069503 1.852779 
103 520.855666 449.124493 517.798368 421.021936 659.701459 419.980553 141.430015 141.430015 -0.000000 2.934695 3.134254 
104 520.049021 230.293158 487.756308 295.159125 384.363383 203.588112 137.742951 137.742951 0.000000 0.194332 0.724836 
109 518.547664 421.013552 534.176027 361.558098 641.957233 421.265820 123.620393 123.620393 0.000000 3.143637 3.647480 
112 485.064095 483.857653 519.939063 514.584021 479.627632 526.817173 42.192765 42.192765 0.000000 4.838268 5.988552 
114 577.832390 324.612788 596.916265 322.306973 594.423184 382.813309 60.002634 60.002634 -0.000000 4.434692 4.753569 
116 521.355461 595.199552 515.365387 545.834321 842.565821 534.799611 326.458139 326.458139 0.000000 2.955724 3.107881 
119 349.326105 303.697126 349.674561 153.672231 401.828810 229.025529 90.392506 90.392506 0.000000 2.183610 4.106965 
121 498.950306 723.670948 441.053966 739.313764 440.209947 614.026249 124.382333 124.382333 -0.000000 1.078972 1.564060 
122 512.429567 437.142651 518.405817 379.294276 569.446020 413.166844 61.431428 61.431428 0.000000 2.743534 3.727500 
124 214.301910 360.003195 182.016775 417.038361 159.224437 367.855218 54.964902 54.964902 -0.000000 6.141576 1.136840 
129 77.008542 408.922713 79.577527 375.967067 213.492638 404.723255 136.045569 136.045569 0.000000 3.110834 3.353115 
133 281.594667 247.165271 273.210017 214.957933 379.709238 205.552762 106.572269 106.572269 -0.000000 2.740466 3.053509 
136 491.546945 427.000534 493.931320 391.987674 621.331385 417.686256 130.010666 130.010666 -0.000000 3.069948 3.340637 
137 551.890468 475.079000 528.388969 432.232830 640.230898 397.681474 117.016464 117.016464 0.000000 2.422124 2.841963 
142 525.260450 389.740370 533.326780 366.763656 607.057746 406.530659 83.055602 83.055602 0.000000 3.344048 3.636225 
