83 274.092633 395.188772 243.176544 410.359768 154.347041 192.142679 235.143053 235.143053 -0.000000 1.037951 1.184211 
108 493.976952 309.938983 521.006519 302.189091 531.660358 379.110724 78.317785 78.317785 -0.000000 4.213562 4.574762 
148 458.029690 312.857640 402.991794 314.762950 396.504337 -362.354032 677.170412 677.170412 -0.000000 1.479927 1.561216 
220 224.231648 393.543110 259.088618 387.507197 248.834166 419.426122 33.840483 33.840483 0.000000 3.952349 5.023240 
247 421.688432 458.502127 444.580484 444.324967 626.731925 742.014129 348.807474 348.807474 0.000000 4.086244 4.163277 
343 591.048023 763.241961 555.846864 770.228426 483.286800 302.357563 473.190572 473.190572 -0.000000 1.341109 1.416936 
388 170.689973 347.467736 195.223517 335.887020 275.416060 532.538430 212.959425 212.959425 -0.000000 4.197443 4.325185 
437 505.059767 777.809460 458.020867 781.282612 452.887835 376.421693 404.397314 404.397314 0.000000 1.441542 1.558118 
442 599.034450 384.053978 616.102627 373.160802 707.285159 541.856647 191.716566 191.716566 0.000000 4.111129 4.216858 
606 587.453996 369.276490 554.663886 392.478451 328.633055 52.058986 409.118425 409.118425 0.000000 0.886429 0.984658 
827 281.767527 18.515409 319.927945 12.539850 400.539406 610.533842 603.409085 603.409085 0.000000 4.514395 4.578394 
1146 28.793003 107.657269 106.949814 65.881220 278.146269 476.047430 444.528870 444.528870 -0.000000 4.117354 4.316988 
