2 274.962301 35.851044 585.067771 60.842391 400.082692 412.544592 396.707651 396.707651 -0.000000 4.391700 5.196597 
3 168.031653 91.456885 275.163453 36.449939 383.422748 370.761401 351.221718 351.221718 0.000000 4.055477 4.399218 
5 149.549310 106.688928 165.133090 94.148337 451.160580 469.731128 472.025784 472.025784 0.000000 4.019154 4.061533 
6 95.160855 162.124910 126.419631 127.986438 343.469249 356.823790 315.580771 315.580771 -0.000000 3.806564 3.953421 
7 714.547671 173.344752 733.592078 199.923517 500.128456 340.110869 272.198427 272.198427 -0.000000 5.622155 5.742422 
8 703.103033 433.014766 476.246474 694.718503 403.093308 401.400863 300.823736 300.823736 -0.000000 0.104989 1.326383 
9 751.540975 400.951871 496.630554 732.909744 469.016379 449.452557 307.046701 263.095804 -0.901321 6.113174 1.473684 
10 138.327347 116.457547 149.067521 106.933622 506.048062 517.788149 544.331430 544.331430 0.000000 3.970666 3.997040 
12 735.362163 383.058849 502.187237 715.461829 401.901914 397.905941 332.129199 332.129199 -0.000000 6.238690 1.264905 
16 677.858748 554.217904 544.709802 682.542277 409.746108 407.502242 304.819813 304.819813 -0.000000 0.500704 1.114612 
18 720.544657 398.057713 699.709760 508.189495 321.980789 379.648569 398.510753 398.510753 0.000000 0.046156 0.328007 
24 737.592914 329.762888 61.983814 325.837097 399.120823 401.099880 345.352799 339.729937 0.191804 6.075464 3.361232 
25 187.425845 721.378930 133.734151 680.165237 360.171532 441.650055 328.661732 328.661732 -0.000000 2.124018 2.330224 
26 766.446345 372.993352 723.166763 569.076250 376.508770 391.160984 390.105068 390.105068 0.000000 6.236628 0.474175 
27 703.086161 157.758597 715.610181 172.393346 490.481767 341.858274 281.293519 281.293519 -0.000000 5.569518 5.637928 
29 13.472709 388.049101 22.443487 314.901404 346.355616 394.693095 333.097636 333.097636 -0.000000 3.161549 3.383121 
32 674.336256 126.638205 696.914863 150.120339 467.785897 345.314818 300.934977 300.934977 0.000000 5.469278 5.577590 
38 132.907075 680.104481 103.594214 650.413356 440.214846 351.105120 449.952185 449.952185 0.000000 2.322118 2.414801 
40 19.646402 479.899936 13.528536 388.939057 267.799449 414.676942 255.862976 255.862976 -0.000000 2.884572 3.242471 
43 95.102475 639.188884 81.381743 620.805217 224.510050 520.764738 175.212886 175.212886 0.000000 2.400484 2.531567 
44 584.756401 61.404576 655.642283 109.462980 433.438229 359.128023 333.649134 333.649134 0.000000 5.182615 5.439657 
51 104.522627 457.226899 570.221628 646.293762 399.086634 403.411729 297.905053 294.129269 0.148874 2.960891 0.956989 
53 477.170064 729.264011 485.351799 723.993717 490.832292 740.066411 16.591881 16.591881 -0.000000 3.810622 4.383771 
54 46.458956 558.404938 22.743941 491.169773 331.116320 421.080891 316.003679 316.003679 0.000000 2.692109 2.918103 
56 65.169041 597.469532 55.951842 581.157309 266.584065 462.266234 242.339408 242.339408 -0.000000 2.550412 2.627724 
61 722.165076 558.091168 708.312987 583.172856 448.252021 409.140611 312.148902 312.148902 -0.000000 0.498061 0.589753 
62 700.320250 596.242381 572.007235 711.013241 424.924785 418.374776 327.179100 327.179100 -0.000000 0.573461 1.105064 
66 665.980595 427.995770 665.208132 427.000630 399.406323 404.436249 265.724407 262.179460 0.135752 0.088150 0.084689 
68 154.120976 521.391389 439.173796 137.869905 398.813242 404.907645 272.655370 270.049186 0.288595 2.697295 4.862395 
69 475.115422 730.700904 73.438224 293.851696 399.560325 399.891802 342.484444 337.762313 0.124461 1.346253 3.455964 
70 657.004346 316.998183 662.013926 477.735629 374.564973 406.684596 297.288236 297.288236 -0.000000 5.975713 0.242321 
72 128.428979 125.457291 136.676985 117.580833 658.217861 698.741906 780.564688 780.564688 -0.000000 3.966402 3.981006 
75 466.142357 676.999973 265.224787 650.475651 399.245884 407.296163 276.192569 276.192569 0.000000 1.327666 2.074499 
76 439.858319 137.756686 637.006475 272.995817 405.376078 398.429502 262.536288 262.536288 -0.000000 4.843907 5.786872 
78 401.010133 752.505173 49.841204 484.053268 338.174950 475.892506 312.011517 255.587611 0.625129 1.347427 3.113297 
81 179.065230 229.555442 466.175551 676.588495 399.705150 403.954509 282.345915 278.963537 0.166911 3.810467 1.331654 
85 328.125171 662.468530 284.985639 647.610292 398.498200 407.450317 265.340111 265.340111 -0.000000 1.840048 2.012329 
86 475.214074 662.845834 455.165646 667.610956 420.614305 489.984849 180.862878 180.862878 0.000000 1.264854 1.378678 
88 352.085080 668.339888 336.058959 664.716768 361.514111 585.707879 83.192532 83.192532 0.000000 1.684414 1.882476 
89 381.125581 672.552373 366.923181 670.583635 387.147336 544.059482 128.327860 128.327860 0.000000 1.617627 1.729300 
91 441.810162 161.697877 441.385231 162.933461 399.318962 404.623549 248.812299 245.401710 0.100830 4.885552 4.884713 
92 191.359289 576.525631 154.726793 519.889834 365.799302 419.042320 234.798491 234.798491 0.000000 2.407236 2.695874 
96 623.164632 559.130937 603.953709 582.962800 407.164653 403.113238 266.125174 266.125174 -0.000000 0.625539 0.740453 
98 258.032912 632.944996 242.772289 622.934626 288.953153 571.411799 68.654403 68.654403 -0.000000 2.036439 2.301574 
102 178.941540 475.735431 603.637903 518.730236 399.589903 403.454770 232.434902 229.738699 0.021492 2.825026 0.514243 
103 217.912789 604.090828 193.238498 578.664249 411.856408 389.678937 288.956282 288.956282 0.000000 2.306113 2.428766 
106 491.802340 657.475188 475.005409 662.880890 419.318854 463.642111 206.777380 206.777380 -0.000000 1.212948 1.298255 
107 7.240487 400.934178 21.680868 299.147372 426.112540 407.036770 418.239042 418.239042 0.000000 3.156161 3.402290 
110 264.936828 650.166229 142.558400 284.452403 390.956352 403.912681 274.633814 274.633814 -0.000000 2.043797 3.589862 
113 61.847732 325.651864 733.464593 311.460520 399.184411 407.135858 347.485154 347.485154 -0.000000 3.378604 6.004425 
115 503.674897 670.886793 384.090708 117.793696 399.928934 403.597097 290.302868 285.671383 0.090623 1.200555 4.657029 
117 181.401223 534.706057 161.088630 493.975652 445.875225 377.572619 308.086543 308.086543 -0.000000 2.605496 2.753577 
124 469.347566 175.683108 179.768035 502.131158 399.860782 404.283820 241.177495 238.661617 0.019078 5.007480 2.723261 
125 574.739245 110.400979 740.039917 369.994027 409.567670 398.899106 331.418895 331.418895 0.000000 5.232359 6.195941 
135 641.951625 137.046113 680.994830 178.004928 430.365136 380.481916 321.531983 321.531983 -0.000000 5.427906 5.603662 
136 467.153658 125.519764 509.995339 667.989511 408.418280 402.866988 283.558596 279.607861 1.248534 4.921081 1.204915 
147 275.171576 625.631277 304.421968 639.242212 188.767542 847.765205 238.769668 238.769668 0.000000 5.083353 5.218785 
153 586.439061 600.385608 578.542980 607.594721 561.747064 580.510266 30.927585 30.927585 -0.000000 0.677740 1.015706 
154 598.575964 516.163195 236.622799 562.493917 400.081208 398.131550 230.362412 230.362412 0.000000 0.536464 2.353437 
155 384.990218 118.036581 441.295612 120.709855 390.684087 546.357019 428.512874 428.512874 0.000000 4.699096 4.830738 
162 180.768543 501.728706 469.133525 175.327858 392.282014 396.571231 236.666564 229.437996 -0.554901 2.680214 5.046712 
168 680.869428 178.371758 758.432039 370.934037 414.654143 397.195819 343.848227 343.848227 0.000000 5.595184 6.206942 
169 238.588922 207.514439 227.950211 211.770120 212.017801 183.180109 36.233432 36.233432 -0.000000 0.741486 1.062387 
176 375.783368 746.449288 280.964163 726.125241 411.531673 346.431119 401.124638 401.124638 0.000000 1.659926 1.902005 
177 257.491310 130.044794 708.311442 372.123692 402.322472 394.140624 306.621890 297.105275 0.210192 4.210772 6.211356 
178 160.813357 209.820780 705.196939 397.010807 398.765354 407.687437 308.540874 308.540874 -0.000000 3.835272 6.248358 
183 236.118833 123.226618 725.115333 413.008825 402.379008 396.184885 323.056916 315.172409 0.254172 4.165302 0.052082 
186 373.899608 731.728297 291.837151 714.611273 415.582496 337.926848 395.968496 395.968496 0.000000 1.676251 1.888201 
190 239.447651 123.828894 723.172215 394.981089 401.895674 395.856956 320.294176 312.132813 0.236909 4.174050 6.280459 
191 604.185442 519.117913 483.649149 622.300056 405.606227 407.919351 226.835049 226.835049 0.000000 0.510466 1.221670 
192 154.840227 660.189006 64.108062 534.944670 409.151868 384.553637 376.063108 376.063108 0.000000 2.315979 2.730559 
195 217.459365 538.239290 223.014903 550.355528 106.524460 638.369377 148.662092 148.662092 -0.000000 5.548934 5.636144 
199 392.032773 766.725800 302.200514 751.984755 404.091092 429.986938 336.273677 336.273677 0.000000 1.606590 1.877260 
200 376.072673 635.571543 186.629433 503.217267 397.261306 403.789588 231.958820 231.958820 0.000000 1.661959 2.700558 
202 361.998784 768.008503 279.089069 750.648276 388.645150 453.502937 315.411476 315.411476 0.000000 1.655319 1.924028 
207 287.970089 161.923968 423.001895 138.969199 403.754168 438.073599 299.590731 299.590731 -0.000000 4.315373 4.776652 
209 667.136874 375.993416 659.919250 472.983215 317.371471 398.322137 350.864984 350.864984 0.000000 6.219433 0.214602 
211 252.861134 747.280118 207.585908 724.835297 339.914184 520.050966 242.799710 242.799710 0.000000 1.936655 2.144484 
215 471.963452 70.149273 572.897559 111.295387 428.839333 317.714927 250.565489 250.565489 -0.000000 4.884851 5.321698 
216 185.348078 685.569184 154.975827 661.029919 536.225409 222.831802 580.528538 580.528538 -0.000000 2.219566 2.286810 
219 368.898114 748.605229 280.896700 728.347004 408.446670 370.531144 379.583115 379.583115 0.000000 1.675023 1.913222 
222 490.311778 154.259396 515.124233 164.704893 387.828484 407.749113 273.686642 273.686642 -0.000000 5.096588 5.194860 
224 385.965547 719.272610 303.653895 704.587563 426.859623 254.988790 465.783018 465.783018 -0.000000 1.658650 1.838265 
225 560.986919 83.024397 605.147392 108.792142 440.276954 352.423303 294.632230 294.632230 0.000000 5.133638 5.307320 
228 10.685091 388.036824 15.774190 334.970949 316.105961 394.814010 305.560247 305.560247 0.000000 3.163779 3.338273 
235 288.948165 79.800949 470.086112 69.430340 399.187996 414.630058 351.963844 351.963844 -0.000000 4.394325 4.914955 
240 605.852703 109.196532 641.305440 137.675137 467.201436 324.175938 255.356090 255.356090 -0.000000 5.285207 5.463423 
246 218.622785 725.643606 103.325743 631.612519 424.386873 358.019466 421.424747 421.424747 0.000000 2.081066 2.435850 
253 158.368600 208.357985 257.319520 129.846118 396.915252 406.610262 309.637515 309.637515 -0.000000 3.835002 4.245239 
254 188.810781 710.266779 151.652079 682.439715 402.418627 391.290281 383.965988 383.965988 0.000000 2.160873 2.281813 
256 541.196248 198.742277 588.329111 239.665809 427.804559 372.486736 207.416196 207.416196 -0.000000 5.290614 5.591948 
259 152.090450 298.044864 175.528935 255.714228 432.879017 429.053770 309.951535 309.951535 0.000000 3.578144 3.734349 
262 175.467979 255.585291 240.786368 188.741460 369.132525 379.881429 229.486879 229.486879 -0.000000 3.712190 4.121063 
264 63.699451 533.108673 41.148467 345.904855 395.678119 398.564620 358.285093 358.285093 0.000000 2.756544 3.289049 
268 238.785737 693.308099 160.963369 635.043618 458.920711 312.340969 438.883644 438.883644 0.000000 2.094756 2.316346 
270 231.762232 651.301235 162.962641 588.032607 420.318531 375.125235 334.174618 334.174618 0.000000 2.169844 2.450433 
273 88.688555 499.077168 73.610431 416.930594 417.462528 394.965339 344.391238 344.391238 0.000000 2.834916 3.077799 
274 90.848184 497.037443 75.961082 414.004328 386.741289 400.476437 310.588540 310.588540 0.000000 2.826152 3.098091 
275 449.036016 744.915523 392.045533 747.157463 401.834527 243.862201 502.718254 502.718254 -0.000000 1.476869 1.590244 
276 453.021023 763.482450 395.000469 766.010769 411.737280 445.604770 319.862597 319.862597 0.000000 1.441646 1.622985 
279 267.872023 67.610657 473.957113 52.218563 397.640526 408.320340 364.149891 364.149891 -0.000000 4.348476 4.923507 
281 333.880504 46.881267 386.033182 41.310655 407.209263 476.190875 434.941268 434.941268 0.000000 4.543215 4.663733 
282 448.028551 747.720077 393.035706 749.900525 409.163851 432.885934 316.520132 316.520132 0.000000 1.447973 1.621628 
284 43.953110 456.061269 41.340905 365.948442 475.157684 394.242315 434.822999 434.822999 0.000000 2.999200 3.206721 
285 200.790742 249.806840 226.707549 221.730047 400.042019 408.046179 253.987070 253.987070 -0.000000 3.812768 3.963070 
286 74.100782 293.036357 135.172271 184.386361 379.841253 394.936333 322.136007 322.136007 0.000000 3.463303 3.852180 
288 41.194890 345.849912 126.914040 161.931831 383.976744 394.456398 346.070747 346.070747 0.000000 3.282454 3.876913 
291 135.568557 184.633352 288.904881 79.769950 395.053790 401.525306 338.125277 338.125277 -0.000000 3.837817 4.393727 
301 153.799846 193.807943 239.510161 124.251370 393.946272 404.860752 319.586144 319.586144 -0.000000 3.862599 4.209270 
304 41.523810 365.057867 96.570835 205.744560 382.920157 394.001175 342.446955 342.446955 0.000000 3.226170 3.723178 
305 191.052683 655.947383 143.582249 608.417226 495.481045 304.094646 464.350009 464.350009 0.000000 2.284058 2.428568 
307 83.759088 319.917648 136.780342 210.849177 388.377943 399.770273 314.419328 314.419328 -0.000000 3.397964 3.785661 
312 74.619204 371.935294 83.129558 321.852091 394.238294 401.473916 320.364464 320.364464 -0.000000 3.233749 3.392144 
318 126.944524 161.943143 196.051010 102.067666 394.729694 399.669663 357.456524 357.456524 -0.000000 3.867599 4.123741 
321 73.434865 416.011530 74.390114 379.983829 586.246686 413.517769 512.688857 512.688857 0.000000 3.136730 3.207013 
324 61.586492 571.208062 40.703577 525.117351 270.937710 446.882461 242.999825 242.999825 0.000000 2.605699 2.814028 
329 107.354152 264.671474 133.483248 219.675733 404.642483 410.392332 331.167651 331.167651 0.000000 3.597343 3.754555 
333 182.148623 115.199455 220.614052 90.321660 311.009795 273.039410 203.623590 203.623590 -0.000000 4.027725 4.252967 
345 388.237682 673.277957 375.048762 670.824575 393.108308 572.897800 99.876310 99.876310 -0.000000 1.619280 1.753166 
