9 461.032857 525.746527 482.924270 528.584219 466.148397 574.426285 48.067319 48.067319 0.000000 4.607688 5.063201 
29 105.881000 361.715567 147.442104 325.507465 273.074471 511.278979 223.132178 223.132178 -0.000000 3.871390 4.117765 
34 548.472974 187.732445 586.184112 191.898810 384.451207 654.688480 509.301990 98.276506 -1.184668 5.050184 5.123461 
69 506.486758 30.872055 533.165197 52.872935 500.964911 64.064210 33.028173 33.028173 0.000000 4.877239 5.948693 
73 128.970523 556.744551 123.762425 590.792859 106.135028 571.343509 26.511595 26.511595 -0.000000 5.714362 0.834499 
92 614.488622 100.138133 628.046726 110.710331 607.579857 125.178119 25.320162 25.320162 0.000000 4.981600 5.667851 
98 244.405965 340.930250 258.175165 288.247494 262.562324 315.244212 31.680958 25.000876 -0.761925 2.186110 4.551290 
102 607.932395 612.215247 614.301505 605.399373 613.116979 609.610162 4.877182 4.042503 0.035028 2.675973 4.986609 
105 206.276368 367.080811 151.446101 398.002021 77.903691 265.091058 179.356988 61.305163 0.838982 0.671367 1.065407 
106 314.243593 472.247494 301.871536 521.004520 225.946742 445.262304 119.352050 41.393312 0.601812 0.296604 0.784194 
108 468.090139 203.971830 468.711241 228.007462 400.624820 220.490317 68.274223 68.274223 0.000000 6.043065 0.109961 
115 695.039917 331.913075 708.877270 338.267265 686.749970 369.476037 37.896590 37.896590 0.000000 4.929602 5.329136 
116 673.148367 523.174501 741.017265 494.678076 734.278975 568.109490 73.961398 73.961398 0.000000 3.775467 4.803896 
146 168.725846 508.544215 123.032781 509.971832 143.748817 504.754464 24.257379 18.057234 0.507146 0.150581 2.894872 
155 97.322198 489.657855 132.135103 435.221625 123.881123 466.491349 34.772421 22.399743 -0.804689 2.424312 4.970463 
157 632.593310 521.558208 600.442820 558.199271 587.068802 510.210862 50.165156 50.165156 -0.000000 0.244280 1.299000 
163 272.907696 277.540880 298.798737 279.593719 286.120530 310.083108 33.488086 33.488086 0.000000 4.326703 5.106462 
168 282.520775 429.612854 315.566935 474.065346 -233.464970 829.455663 653.048911 653.048911 -0.000000 5.623931 5.708708 
178 533.011846 190.994677 529.382331 172.967334 540.782344 180.531037 12.547406 12.547406 -0.000000 2.209557 3.727387 
188 600.867390 558.830582 574.657229 568.436605 571.856262 518.947819 48.929385 48.929385 0.000000 0.941910 1.514259 
199 214.871184 86.011404 214.731359 70.066160 246.416856 76.242715 32.395367 32.395367 -0.000000 2.841290 3.334112 
203 683.963087 559.246863 691.172495 573.421771 675.654439 577.900418 22.798924 11.655856 -0.854215 5.131427 6.002212 
215 465.008791 203.499570 453.968342 209.474935 457.226399 202.477543 7.649572 7.649572 -0.000000 0.130578 2.006556 
217 216.553567 78.110438 225.111922 64.911572 230.381865 78.433526 14.203286 14.203286 -0.000000 3.164953 4.340765 
222 658.032744 424.173078 646.264895 404.438344 691.196957 391.702909 45.696264 45.696264 -0.000000 2.366768 2.865399 
225 186.411116 580.207272 220.336553 591.594191 198.942342 599.682624 22.668622 22.668622 -0.000000 4.140639 5.921729 
229 560.274215 698.940994 526.718799 681.041975 569.444151 646.340506 53.833271 53.833271 -0.000000 1.743394 2.459458 
234 322.189966 273.992254 354.101701 241.052597 347.183926 268.580701 26.871727 26.871727 -0.000000 2.928369 4.958590 
244 155.336176 488.846710 141.211477 433.969529 337.242937 414.134794 196.821707 196.821707 -0.000000 2.751883 3.040754 
253 420.778434 104.878579 395.573605 64.856545 439.728406 65.504966 43.439012 43.439012 0.000000 2.019361 3.156277 
256 476.454088 268.760228 504.165954 251.172845 497.119270 269.396117 19.677670 19.677670 -0.000000 3.172354 5.081365 
259 459.005647 115.959501 452.654193 111.606200 455.733870 113.369085 4.174334 4.174334 -0.000000 0.669688 3.661490 
267 467.939721 225.878647 419.562972 237.313567 437.141086 219.635675 31.767349 21.228636 0.136900 0.199993 2.353364 
269 396.218687 46.125256 406.827874 36.446410 407.421415 47.660164 11.175071 11.175071 -0.000000 3.277757 4.659509 
276 53.369183 460.215274 65.372259 445.369357 72.835765 463.586861 19.072245 19.072245 0.000000 3.313090 4.323558 
282 459.473841 319.060529 475.455147 267.950128 509.441845 307.753210 51.353524 51.353524 0.000000 2.919050 4.005652 
287 457.659659 331.857398 459.031565 318.553292 469.358779 326.590693 13.191593 13.191593 -0.000000 2.718589 3.802945 
292 324.313710 562.352676 298.994398 540.997202 313.333887 550.978275 17.659699 5.884828 0.476941 0.803047 3.749666 
300 504.350558 251.241414 534.886817 267.216350 260.337952 752.075725 556.939086 556.939086 -0.000000 5.165754 5.227618 
306 602.198443 739.355387 224.636496 51.338817 403.935320 400.521072 392.501169 392.501169 -0.000000 1.041380 4.238014 
314 334.838380 467.929745 347.048235 462.479517 343.221656 471.418376 9.294887 9.294887 -0.000000 3.535936 5.116869 
318 377.450715 457.340736 387.754390 456.281910 382.063881 461.189734 6.434979 6.434979 -0.000000 3.836931 5.571503 
319 138.162754 389.021516 143.610068 347.816252 298.684091 389.570248 159.795989 159.795989 0.000000 3.145011 3.404607 
324 426.440329 740.054645 435.863688 738.563519 430.176468 741.683198 4.978076 4.978076 -0.000000 3.552653 5.781462 
326 659.443796 450.599703 628.165442 468.307198 618.572006 416.439654 52.491745 52.491745 -0.000000 0.696184 1.387903 
334 156.733831 426.318206 181.893034 430.176557 167.332630 445.121095 21.029815 21.029815 -0.000000 4.199104 5.484769 
356 539.372304 179.754546 552.126287 163.208527 562.280716 180.999824 21.597961 21.597961 0.000000 3.195898 4.193753 
358 204.685566 515.056357 204.072676 503.335938 210.949465 509.545133 9.124966 9.124966 -0.000000 2.420028 3.876019 
368 432.339677 461.498051 441.322467 456.567107 439.697091 465.408115 7.734525 7.734525 0.000000 3.630079 4.894204 
369 636.081536 478.720138 667.225389 494.484950 637.194911 521.088676 40.799134 40.799134 0.000000 4.686117 5.558220 
371 456.529776 154.127713 461.610471 172.834196 426.334042 173.129839 34.566805 34.566805 -0.000000 5.721501 6.274805 
372 633.532323 213.167294 596.806116 191.095544 647.258659 150.244850 64.038566 64.038566 0.000000 1.785578 2.460974 
376 602.903308 95.278268 613.343329 80.668637 615.504633 94.158624 13.420714 13.420714 -0.000000 3.052974 4.553524 
381 289.431279 551.173698 296.994078 569.141432 292.670715 575.271718 28.437224 4.402771 1.537685 4.578763 5.326627 
391 477.974776 506.975202 458.654692 526.626779 427.865707 478.723225 56.111980 56.111980 -0.000000 0.513384 0.999550 
396 453.395238 143.323238 465.401117 165.785607 418.883764 177.795191 47.325816 47.325816 0.000000 5.498360 6.030528 
406 322.959346 583.814308 330.337944 621.934587 214.111690 624.711559 115.238337 115.238337 0.000000 5.923775 6.259297 
420 400.814719 534.556355 421.909339 530.442430 419.492243 567.412675 37.686707 37.686707 0.000000 4.195483 4.777676 
425 543.476090 113.647430 526.846095 100.190190 561.069587 73.562332 42.734459 42.734459 0.000000 1.984384 2.480375 
437 509.945341 215.943216 524.750762 204.474523 531.930518 226.159701 23.035779 23.035779 0.000000 3.576603 4.392658 
452 535.962090 95.989997 554.937686 114.065418 413.398079 249.596997 195.886982 195.886982 0.000000 5.385852 5.519468 
454 501.577157 221.507465 519.375046 201.399781 545.880666 239.105905 45.989396 45.989396 -0.000000 3.519704 4.099684 
460 608.380706 449.842128 626.706342 410.500906 676.398850 459.045130 68.634470 68.634470 0.000000 3.276078 3.915302 
465 364.765027 788.266896 77.726539 615.201495 403.775262 397.707495 391.576657 391.576657 -0.000000 1.670349 2.553318 
469 560.897809 86.723874 535.425869 96.150725 507.271678 -32.655411 130.879260 130.879260 0.000000 1.148601 1.355603 
477 310.820085 619.030686 316.262971 577.422390 372.217307 605.658191 62.212676 62.212676 -0.000000 2.927139 3.608931 
480 299.527291 554.003550 299.466861 580.001085 140.864070 570.877492 158.838045 158.838045 -0.000000 6.177233 0.057461 
481 632.838299 572.068016 638.394396 589.148037 617.541928 586.067403 20.067298 20.067298 0.000000 5.542030 0.146674 
487 653.591782 148.345374 656.062190 134.032797 660.829035 143.749620 9.459901 9.459901 -0.000000 2.575825 4.256309 
489 672.883119 466.082127 684.461437 472.634210 677.636017 472.281323 7.925307 7.925307 -0.000000 4.058288 0.051656 
495 292.041089 569.986970 289.474204 550.990195 342.416205 553.488891 53.247474 53.247474 -0.000000 2.825097 3.188755 
505 669.200579 589.105076 658.395400 609.731000 544.121824 532.962833 137.044572 137.044572 -0.000000 0.421901 0.591543 
506 684.585255 616.285310 657.183291 626.227516 646.523648 550.535940 76.495142 76.495142 0.000000 1.046044 1.430886 
509 254.374932 545.027743 286.018101 535.521969 277.287327 567.459834 31.798488 31.798488 0.000000 3.916399 4.979237 
510 524.570001 106.093587 529.783371 130.047148 468.626995 128.972288 60.059122 60.059122 -0.000000 5.894975 0.017574 
515 283.869599 219.420204 261.820686 212.577821 284.717076 181.817183 36.826553 36.826553 -0.000000 1.593330 2.210666 
517 198.340015 317.156682 202.001993 336.999880 172.776295 333.566273 29.275851 29.275851 -0.000000 5.712519 0.116950 
519 740.377979 480.868274 729.906764 441.019799 826.408942 438.786360 95.539778 95.539778 0.000000 2.686664 3.118453 
522 309.581949 538.931459 331.696677 560.496805 289.757421 578.679063 45.004486 45.004486 0.000000 5.175044 5.874105 
524 648.141101 656.876432 638.080375 626.995954 663.765432 636.380777 25.894432 25.894432 0.000000 2.222138 3.491903 
526 742.302220 468.204772 734.642870 442.104804 805.966951 436.450214 70.525912 70.525912 -0.000000 2.678923 3.062478 
548 48.221250 463.122875 57.181060 446.989816 91.352277 476.498556 44.537943 44.537943 0.000000 3.442305 3.853904 
549 327.239377 468.074203 332.017310 458.019130 333.161371 465.103650 6.666542 6.666542 -0.000000 2.676655 4.552284 
551 488.016973 223.977761 469.743378 208.161817 524.806176 161.558235 72.202944 72.202944 0.000000 2.103375 2.439209 
566 205.412910 111.332448 214.719118 99.773853 242.207490 131.691634 41.836358 41.836358 0.000000 3.646981 4.001415 
568 741.922955 467.088793 742.717642 481.843393 737.325582 473.995931 8.939480 8.939480 -0.000000 5.299651 0.968775 
569 426.507219 570.449652 428.835208 580.978732 421.768353 576.417109 8.120478 8.120478 -0.000000 5.383533 0.573202 
591 296.305815 169.193290 288.168372 176.195665 255.764567 130.647588 55.516265 55.516265 0.000000 0.760171 0.952447 
606 354.745617 426.776142 381.156586 423.108655 370.705188 435.538932 17.839878 17.839878 -0.000000 3.643715 5.411519 
612 508.112753 394.105745 539.030842 382.766695 530.594789 409.335538 27.174582 27.174582 0.000000 3.737003 5.019838 
613 438.896825 521.005834 444.849373 501.905165 451.400730 515.294127 13.531034 13.531034 -0.000000 2.713103 4.257330 
617 428.001449 581.007065 423.312044 571.055460 425.946763 576.103050 5.348545 3.411963 1.295159 1.174035 4.231316 
621 685.952335 186.833860 706.021808 181.076014 707.197599 218.097415 36.449417 36.449417 0.000000 4.115518 4.680640 
626 498.766654 126.132968 502.236282 101.559603 524.669571 116.320272 27.294452 27.294452 -0.000000 2.779472 3.723558 
632 659.535039 627.382316 678.308475 643.643875 590.187926 737.458872 128.971614 128.971614 0.000000 5.274568 5.466498 
634 280.615218 235.564239 282.556054 249.216067 275.989938 243.686680 9.348824 9.348824 -0.000000 5.230038 0.699895 
637 502.517905 394.557572 526.418995 378.047089 534.900633 416.648935 39.276759 39.276759 0.000000 3.740269 4.496105 
645 632.888983 619.070759 623.490328 604.324852 663.811297 587.922000 43.078462 43.078462 -0.000000 2.352546 2.755232 
662 14.611181 423.999216 19.112810 336.013362 376.533854 396.833081 362.144889 362.144889 -0.000000 3.066673 3.310141 
668 224.675807 51.317873 329.970413 14.876841 401.334687 392.646188 384.182723 384.182723 -0.000000 4.234790 4.525680 
669 231.000880 229.000629 219.778937 243.791606 198.918025 218.586224 32.857383 32.857383 -0.000000 0.313879 0.879429 
670 62.415513 584.298247 15.912812 434.149933 378.716214 404.216463 363.678732 363.678732 -0.000000 2.624024 3.059273 
671 725.864458 180.709190 789.230750 442.047206 396.854492 397.868904 394.147547 394.147547 -0.000000 5.699784 0.112119 
676 393.888427 452.822563 402.233189 450.465761 399.570631 454.374183 4.851575 4.851575 -0.000000 3.408160 5.310410 
678 78.471671 267.450927 73.131194 281.383348 74.402706 274.600596 10.565120 6.277970 -0.283202 5.229787 1.756108 
679 358.966872 10.529175 426.000914 8.318263 405.401715 435.755340 427.569117 427.569117 -0.000000 4.603620 4.760544 
681 787.216064 453.236620 726.584075 612.345176 407.217867 399.580480 383.438063 383.438063 -0.000000 0.140274 0.587686 
682 609.213178 67.700967 725.629273 180.558234 403.314980 399.379144 389.704578 389.704578 0.000000 5.267946 5.686758 
683 454.937179 11.374162 607.283995 66.458277 399.806474 399.635014 392.070965 392.070965 -0.000000 4.853440 5.269351 
688 330.945030 103.174425 329.000147 115.055489 331.043615 109.004744 6.693331 3.850041 -1.301708 4.695482 1.896491 
693 627.056841 579.041092 632.480246 572.054707 630.626657 578.357284 7.276391 3.878683 1.509242 2.952333 4.998424 
700 323.731674 427.238721 334.318016 429.531885 325.258950 451.787429 24.166712 24.166712 0.000000 4.650255 5.098956 
