1 129.695002 533.040114 185.556097 677.325045 479.750085 479.444037 355.203290 354.341893 -0.562286 2.989665 2.549479 
2 197.857032 320.512307 550.201226 162.465557 480.740917 481.568640 325.771192 325.771192 0.000000 3.659161 4.926719 
3 805.388527 502.952026 772.782106 623.355143 463.134587 473.009388 344.151250 344.151250 0.000000 0.087264 0.452012 
4 702.805148 242.176634 806.357295 503.015097 482.673479 478.744257 323.547976 323.547976 -0.000000 5.461814 0.074843 
11 820.572870 439.878644 765.663324 668.408453 480.660673 478.337915 342.141150 342.141150 0.000000 6.170520 0.588170 
18 694.124666 240.857566 771.728598 345.135836 494.376080 471.999302 304.956651 304.956651 -0.000000 5.425059 5.854187 
23 172.961018 376.985795 197.772960 320.826818 490.601315 485.845144 335.938494 335.938494 0.000000 3.471761 3.654766 
24 276.575569 753.266209 248.229590 729.741030 470.287194 494.507486 323.364515 323.364515 -0.000000 2.213413 2.327389 
26 191.429016 612.822334 179.170282 375.448629 489.407282 478.064497 327.099808 327.099808 -0.000000 2.716877 3.461031 
28 144.297101 543.107081 152.581462 381.623587 479.309654 479.858870 340.960291 340.960291 0.000000 2.954995 3.433658 
36 488.995895 160.044838 592.314392 180.025615 479.841057 486.268520 326.028635 326.028635 -0.000000 4.740445 5.064364 
37 786.426667 575.429919 747.742342 656.843152 479.995529 480.326209 320.626875 320.626875 0.000000 0.300933 0.582863 
38 727.627587 715.339371 680.112333 757.154000 507.679841 512.228638 299.563978 299.563978 -0.000000 0.745621 0.957377 
42 163.850765 543.275682 160.736630 422.977058 487.841336 477.454230 330.994399 330.994399 -0.000000 2.941162 3.306622 
47 592.058478 180.583796 693.988719 241.013853 483.653269 474.778623 314.070629 314.070629 -0.000000 5.065432 5.445079 
49 161.611236 423.113816 173.012034 376.894821 508.770432 490.220090 354.070671 354.070671 -0.000000 3.332539 3.467107 
58 433.069967 794.615685 380.773463 781.378931 495.621332 446.751690 353.812663 353.812663 0.000000 1.748711 1.901411 
60 414.128939 143.843531 540.226236 142.256901 482.293930 508.198722 370.503381 370.503381 -0.000000 4.527443 4.869396 
61 193.190697 627.423356 167.631447 560.526339 516.163247 464.981339 361.564571 361.564571 0.000000 2.675580 2.874030 
62 292.895430 775.152774 240.790681 736.245659 414.528873 559.345001 247.225000 247.225000 -0.000000 2.084036 2.347176 
64 380.500127 781.622468 249.599925 698.398192 473.852482 489.460023 306.309775 306.309775 0.000000 1.880066 2.391532 
66 758.185760 279.455246 788.504060 330.822505 521.219332 459.982481 297.464066 297.464066 0.000000 5.632158 5.833044 
67 292.465552 772.738828 187.334051 665.399759 470.243404 493.743954 330.543672 330.543672 0.000000 2.138127 2.596223 
68 249.376921 698.526846 196.697916 623.121837 452.313006 497.507945 284.946087 284.946087 0.000000 2.360940 2.684834 
79 143.218123 564.727477 137.309390 537.693244 465.433533 480.855069 332.923700 332.923700 -0.000000 2.886944 2.970073 
80 492.100101 129.120612 624.653237 160.013760 470.610331 501.215579 372.629384 372.629384 -0.000000 4.770078 5.136466 
83 627.391489 162.282568 765.600275 277.321471 490.330914 467.597901 333.865584 333.865584 -0.000000 5.134340 5.678365 
85 146.037553 595.984949 130.033606 532.993316 505.334150 478.105297 379.130373 379.130373 -0.000000 2.824573 2.996371 
86 766.059628 277.963495 823.587416 547.072432 474.000482 481.232874 355.486387 355.486387 -0.000000 5.675158 0.186155 
90 823.593866 547.162663 782.325131 655.168277 495.676472 484.238975 333.234616 333.234616 -0.000000 0.189584 0.537696 
91 132.757470 498.997681 184.389193 296.671495 494.671292 483.687110 361.850410 361.850410 0.000000 3.099313 3.684015 
93 144.457528 380.815655 205.002328 262.312790 435.371146 456.922835 300.323775 300.323775 -0.000000 3.397472 3.843046 
96 271.552295 198.316172 334.407317 161.751499 565.012473 605.120827 500.744106 500.744106 0.000000 4.087459 4.232775 
97 206.354003 261.303787 243.525755 221.517688 470.658917 474.671497 339.761798 339.761798 -0.000000 3.820756 3.981115 
109 359.032777 151.119347 432.965778 134.686973 483.252226 496.273708 365.833203 365.833203 0.000000 4.366926 4.574204 
114 432.997336 132.959665 491.996076 129.706487 479.822654 421.139805 291.346471 291.346471 -0.000000 4.551310 4.754136 
121 786.750530 480.973523 774.074101 566.211715 268.257248 447.367532 519.297605 519.297605 0.000000 0.064724 0.230769 
126 751.160078 486.085807 741.630848 548.159466 564.204597 489.495153 186.518868 186.518868 0.000000 6.264951 0.319325 
127 746.292345 482.895308 734.336905 554.073167 -90.691914 383.242213 842.674456 842.674456 -0.000000 0.118504 0.204175 
