3 463.212784 80.045815 506.091929 80.118742 477.475237 215.555225 138.026395 138.026395 0.000000 4.607524 4.920619 
16 822.186174 425.951833 734.606876 690.531677 498.673031 466.062168 325.260453 325.260453 0.000000 6.159831 0.760503 
23 777.997708 294.506028 821.428521 422.111036 474.189404 468.614386 349.935456 349.935456 0.000000 5.762790 6.150054 
33 515.168296 22.376954 583.914494 51.156050 454.355925 251.003144 236.850639 236.850639 0.000000 4.972360 5.287560 
40 360.864719 97.381449 374.886670 85.555858 374.177827 98.136780 12.889468 12.889468 -0.000000 3.198268 4.768672 
41 696.503399 199.495264 777.460028 294.677343 470.249863 475.963681 355.994393 355.994393 0.000000 5.398231 5.750073 
42 540.172908 26.558935 587.001162 49.998249 521.504786 126.306425 100.208472 100.208472 -0.000000 4.897402 5.421690 
53 259.971644 102.975321 457.998606 -0.022331 470.782542 263.741856 264.728535 264.728535 -0.000000 3.793116 4.663960 
55 499.018027 -0.204942 676.635205 87.317060 480.891318 254.848842 256.236041 256.236041 -0.000000 4.783340 5.575292 
65 407.775249 128.314660 555.947914 129.362405 478.983310 487.723871 365.936237 365.936237 -0.000000 4.516797 4.923943 
