1 254.717407 753.715124 376.308073 488.366043 299.114187 613.445858 146.003548 143.422568 -0.868159 1.877331 5.265329 
2 377.027544 487.710331 426.144459 687.537643 300.138321 611.972279 145.829106 145.829106 0.000000 5.266494 0.540196 
3 486.509042 379.206961 443.499213 545.882214 576.978657 492.566039 146.004713 142.138165 0.349093 4.038820 2.761575 
5 489.907156 44.929006 486.870924 311.336863 522.652257 177.993120 140.687669 135.805065 0.012642 4.471098 1.832959 
8 379.260258 491.711594 277.001607 756.981079 298.450622 613.475639 144.811617 144.811617 -0.000000 5.298306 1.719163 
9 305.155087 177.773442 367.189800 240.889871 249.442697 295.833624 129.433671 129.433671 0.000000 5.153304 5.846592 
13 152.268423 412.774100 373.201187 276.943150 235.786146 301.428051 138.455973 135.712530 -0.494365 2.214344 6.106854 
14 420.959613 696.871253 392.833997 727.849283 303.382878 618.112754 140.504347 140.504347 -0.000000 0.590202 0.886889 
16 370.039323 251.988372 173.654345 423.922555 236.143434 299.481590 141.518789 138.167375 -0.064060 5.942327 2.036169 
17 364.154952 493.758136 427.299074 658.078882 133.083592 659.915495 308.551450 197.605283 -0.272659 5.659773 6.276943 
19 438.795808 638.944929 357.172891 743.357023 305.420274 618.081821 134.608099 134.608099 -0.000000 0.155166 1.179038 
20 352.024285 484.951569 180.616627 679.635668 302.469820 615.567838 138.449686 133.483190 -0.945539 5.075003 2.657535 
26 255.159866 440.019200 227.953089 440.253811 232.591495 152.582578 288.038973 288.038973 -0.000000 1.492441 1.586919 
29 255.257606 440.955738 279.283674 436.545340 281.172596 503.617974 68.082942 68.082942 -0.000000 4.320242 4.684234 
30 415.674882 675.797310 343.404535 739.800190 291.376845 607.375890 141.827570 141.827570 0.000000 0.503198 1.196437 
32 447.525872 289.863111 495.046259 49.805159 516.096367 178.088224 130.827971 130.827971 -0.000000 2.121061 4.549747 
33 372.183440 250.953232 373.104213 343.042844 227.229926 306.927159 154.616165 154.616165 -0.000000 5.914675 0.242701 
34 444.393593 545.251400 437.782097 452.958090 580.938460 489.007558 147.719408 147.719408 0.000000 2.750864 3.388282 
36 367.365346 345.181863 288.947956 424.895627 240.396541 299.078860 134.324162 134.324162 0.000000 0.348302 1.202513 
37 299.276594 187.536945 365.750249 267.720656 251.055812 295.459093 117.360313 117.360313 -0.000000 5.132588 6.045895 
39 366.243492 269.945185 370.407792 314.997522 251.832956 300.818238 118.693922 118.693922 -0.000000 6.019618 0.119016 
40 309.914680 191.118910 327.294631 203.589376 218.134755 325.396926 162.871064 162.871064 0.000000 5.311960 5.443082 
41 487.111779 598.883978 534.945772 358.849507 570.188671 492.849705 137.804458 133.111122 1.178607 2.235389 4.455207 
44 494.984923 48.797314 624.088872 89.900359 522.069226 189.791700 142.715579 142.715579 -0.000000 4.522606 5.508328 
45 288.079710 425.269013 155.095769 409.845796 235.794456 293.058018 141.891458 141.891458 0.000000 1.194203 2.175447 
46 329.010303 753.074174 255.901410 750.494878 298.190644 599.413879 156.585051 156.585051 0.000000 1.372853 1.843723 
47 182.730199 421.527453 133.819359 385.141897 231.554327 307.759646 123.879857 123.879857 0.000000 1.976182 2.471899 
49 373.173136 276.981830 371.889101 331.098111 236.857102 299.478022 137.983278 137.983278 0.000000 6.119630 0.230023 
51 354.212960 354.675839 297.989540 411.985061 231.657824 293.907929 135.050732 135.050732 -0.000000 0.460315 1.058965 
53 371.835513 489.192183 391.115645 504.850964 262.501835 640.048648 186.243567 186.243567 0.000000 5.339535 5.472836 
56 371.114610 277.931659 370.500041 322.063340 214.540106 299.625784 157.738216 157.738216 -0.000000 6.145507 0.142887 
58 603.430626 284.805301 480.942012 303.233884 522.484682 165.078020 144.121950 144.121950 0.000000 0.976301 1.862890 
62 110.070464 330.088371 108.279667 290.987192 289.810589 302.805865 181.160039 181.160039 0.000000 2.990954 3.206606 
67 410.519721 245.021578 398.863851 180.003515 526.787936 191.950401 127.821923 127.821923 -0.000000 2.713384 3.234713 
