1 280.987480 314.035946 296.019063 299.897479 291.407891 309.908956 17.205782 10.508316 0.455412 2.764497 5.144013 
2 472.216393 81.120027 467.757775 57.882797 490.441919 65.649501 24.005310 24.005310 -0.000000 2.437773 3.471467 
3 194.897287 311.186269 213.569518 303.041735 212.481455 316.520679 22.431606 11.409103 0.672973 3.436133 4.792937 
4 334.925380 125.369064 359.062596 137.935674 334.355864 154.125300 28.651061 28.651061 -0.000000 4.732191 5.703113 
5 514.623460 158.769976 515.360017 158.511106 518.661437 146.769478 15.035737 8.403584 1.300742 1.895380 1.844892 
8 409.915441 47.244818 394.288446 55.814013 386.063650 33.707088 36.714065 11.725821 0.841689 0.516238 1.214618 
9 392.116974 52.911772 407.836660 46.078296 400.228762 49.802853 15.518280 8.403535 0.831174 2.775601 5.827921 
11 496.953901 115.027717 493.080497 86.113923 496.200013 100.338236 14.526693 5.953051 1.336329 1.519520 4.496498 
12 376.907358 86.071362 370.665627 61.076434 395.362164 68.865017 25.009232 25.009232 0.000000 2.391189 3.447091 
13 448.744093 59.200397 446.777553 46.875931 477.018135 49.016813 29.756309 29.756309 -0.000000 2.795883 3.212270 
14 475.714090 52.366945 474.948195 83.641127 475.885643 67.712963 15.427578 7.663422 1.463467 4.701211 1.629583 
16 380.201950 93.284131 360.031686 93.567596 371.018234 55.670051 38.735793 38.735793 0.000000 1.331325 1.852963 
17 303.507536 281.983027 306.718206 250.208919 302.045194 267.822140 16.249233 7.052795 -1.382909 1.467895 4.971727 
19 213.806448 302.882902 237.515253 325.949412 225.747391 314.626075 19.840770 11.798359 1.292729 3.918641 0.766150 
20 298.973370 227.440410 328.002805 226.058939 320.354239 363.127247 136.903219 136.903219 -0.000000 4.556099 4.768132 
21 494.497708 85.479079 504.194282 111.864166 497.845732 99.826587 13.914080 5.021474 1.309423 4.483139 1.085474 
22 306.401003 251.754639 304.633154 282.379975 304.696007 266.108062 14.814321 5.800610 -1.378748 4.830622 1.574659 
24 36.482409 300.513102 61.919118 295.181549 53.937005 311.587066 21.268104 18.149457 0.679451 3.706954 5.165219 
26 374.999377 58.727344 386.898567 79.268663 379.935658 70.509626 12.508871 5.752997 1.175804 4.315647 0.899148 
27 350.454922 105.237289 366.457569 110.087731 358.365402 108.856855 12.950967 8.350250 -1.306356 3.570721 0.150950 
28 137.046310 307.861276 158.412760 327.823970 139.181755 327.661599 18.032152 18.032152 -0.000000 4.604955 0.008443 
30 79.664208 284.773466 95.380166 295.789226 80.538847 302.682632 16.494211 16.494211 -0.000000 4.663590 5.848360 
31 295.818382 300.259387 282.510729 316.777861 292.233103 310.103416 16.192246 10.277434 0.515930 5.061665 2.539982 
32 447.704858 42.982923 458.174420 34.508384 453.556085 41.399346 9.870258 5.800658 -1.408903 2.877284 5.302835 
34 251.297426 300.848334 235.716566 327.194338 242.895886 313.393111 17.091568 8.789130 -1.395597 5.302505 2.050469 
35 367.185669 111.096115 348.968703 108.799156 357.153615 112.252222 15.291133 8.600118 -1.235860 6.168450 3.540819 
40 318.571644 207.704361 318.042927 179.115651 325.443903 195.122695 17.804766 12.173194 1.074819 2.070727 4.279306 
41 130.540278 295.084969 131.820141 325.414972 99.726400 312.612765 34.087178 34.087178 0.000000 5.766002 0.379558 
43 503.580790 111.698540 494.262625 110.772617 497.948838 105.763294 9.767675 5.332222 1.312548 0.811612 2.205193 
45 180.061589 320.914586 190.079363 309.471362 190.672325 316.652389 15.205151 6.548930 0.118318 2.759633 4.630002 
46 119.425765 317.112916 95.275595 305.105192 108.514610 309.547856 13.168450 10.040074 0.297868 0.606237 3.465358 
47 319.705079 177.989675 319.186855 206.742729 324.852084 194.693681 17.012108 11.909338 1.096716 4.413490 2.010305 
48 237.138670 304.795549 250.663246 301.721473 243.920845 304.192182 7.533200 6.223897 -0.579170 3.052863 5.931937 
68 535.253005 192.430258 545.562931 201.165937 539.680597 200.271633 9.235075 5.291216 1.269345 4.198372 0.150877 
73 205.921580 322.186415 189.245257 322.979128 199.581945 310.211040 14.031160 14.031160 0.000000 1.083915 2.251347 
75 235.288098 326.331786 223.051552 325.919641 228.482837 317.908220 10.313530 10.313530 0.000000 0.891267 2.166565 
82 547.000839 342.472337 530.999823 342.477766 542.898042 218.946206 123.995496 123.995496 -0.000000 1.537595 1.666817 
93 545.846489 218.775036 563.774625 227.316109 549.707757 230.705676 13.160980 13.160980 -0.000000 4.399385 6.046732 
97 64.999737 309.388401 42.024641 322.356596 48.358264 305.383059 17.511427 17.511427 -0.000000 0.236192 1.927941 
105 591.065588 342.715054 578.985293 341.455141 579.221896 234.808318 108.116335 108.116335 -0.000000 1.461475 1.573015 
108 35.990818 316.546612 36.858918 300.857597 51.735451 308.853250 17.574009 17.574009 0.000000 2.687079 3.634763 
110 491.155924 346.664514 453.694178 345.627949 469.070141 259.096511 89.284531 89.284531 0.000000 1.323736 1.746653 
119 560.928887 301.727688 542.796448 277.824960 558.413707 285.422763 16.949055 16.949055 0.000000 1.417744 3.594382 
126 437.201310 45.135615 422.512167 47.733190 431.010635 41.715908 11.733738 6.983958 -1.102492 0.504681 2.525489 
127 107.084955 287.362502 127.685706 307.060382 110.764507 304.827708 16.832682 16.832682 0.000000 4.504747 0.131188 
128 53.021970 296.899643 66.537897 316.984152 46.000316 313.994444 20.901210 20.901210 -0.000000 5.102126 0.144557 
130 425.817025 32.608976 441.227232 35.002418 433.251041 36.354121 12.994832 7.467481 -1.285554 3.608264 6.115313 
