193 1340.152998 349.937683 1414.521773 560.145758 340.879853 825.038735 1105.102236 1105.102236 0.000000 5.839373 6.041293 
194 1414.521773 1436.854242 1340.152998 1647.062317 340.879853 1171.961265 1105.102236 1105.102236 -0.000000 0.241893 0.443813 
210 1391.882754 1559.782175 1351.067328 1658.027971 574.073782 1270.641422 866.787097 866.787097 -0.000000 0.339839 0.462504 
217 1348.689328 334.131354 1401.841079 468.402440 422.432097 789.381896 1030.865227 1030.865227 0.000000 5.826365 5.966488 
218 601.367828 446.737587 649.704054 330.292251 1670.677872 833.996870 1136.737339 1136.737339 -0.000000 3.489057 3.599912 
228 431.180096 622.574264 560.049941 582.159244 867.480743 1764.419653 1220.796203 1220.796203 0.000000 4.347407 4.457987 
229 1499.860954 600.384862 1606.650719 638.966766 1129.304645 1766.278703 1222.951441 1222.951441 -0.000000 5.020122 5.112935 
234 1926.609010 872.159438 1956.288799 963.166614 1693.875608 1001.602895 264.753904 264.753904 0.000000 5.775604 6.137747 
235 1648.839742 1338.631581 1590.448498 1364.031060 1266.202578 532.316474 892.231739 892.231739 0.000000 1.127715 1.199068 
236 451.193972 1381.527748 340.906182 1336.228412 830.908346 320.242555 1126.520855 1126.520855 -0.000000 1.914392 2.020178 
240 1636.106167 1361.274976 1528.875109 1402.676529 1225.967751 465.799812 983.719600 983.719600 0.000000 1.141300 1.258088 
244 468.140560 1402.634662 363.139533 1362.236484 785.310111 431.599508 1020.739587 1020.739587 -0.000000 1.886502 1.996670 
255 1913.557535 879.182179 1943.430265 976.118814 1687.536994 1004.792341 257.118244 257.118244 0.000000 5.775941 6.171598 
256 41.406442 957.112115 64.529962 886.219157 304.420698 1002.847394 266.306887 266.306887 -0.000000 3.313760 3.594117 
